1 0.0001995109375 1 0.9993851796875 0.9977312703125 0.99772475625 0.00120846875 0.0001995109375 0.00120846875 0.0001995109375 1
3 0.276740228125 0.113517915625 0.277084690625 0.0686555375 0.1954397390625 0.06783387656249999 0.1963037453125 0.11510830624999999 0.276740228125 0.113517915625
3 0.1910447875 0.24748534218749998 0.1913892515625 0.2026229640625 0.10974429999999999 0.20180130312500003 0.11060830625 0.2490757328125 0.1910447875 0.24748534218749998
3 0.274561075 0.248688925 0.2749063515625 0.20382654687500001 0.1932605859375 0.2030048859375 0.1941245921875 0.250279315625 0.274561075 0.248688925
3 0.19389657968750001 0.2030366453125 0.19424185624999998 0.158173453125 0.112596090625 0.1573517921875 0.1134600984375 0.20462703593749998 0.19389657968750001 0.2030366453125
3 0.2767565140625 0.20327524375 0.2771009765625 0.1584120515625 0.1954560265625 0.157590390625 0.1963200328125 0.20486563593749998 0.2767565140625 0.20327524375
3 0.19521742656250002 0.159679153125 0.1955618890625 0.11481677500000001 0.11391612343749999 0.1139951140625 0.11478094531250001 0.16127035781250001 0.19521742656250002 0.159679153125
3 0.19480863125 0.11360830625 0.19515309375 0.068745928125 0.11350814375 0.0679242671875 0.11437215 0.11519869687499999 0.19480863125 0.11360830625
3 0.1916864828125 0.38358387656250004 0.1920309453125 0.3387214984375 0.11038517968749999 0.3378998375 0.11125 0.3851742671875 0.1916864828125 0.38358387656250004
3 0.273846090625 0.338276059375 0.274190553125 0.29341368125 0.19254478749999998 0.2925920203125 0.193409609375 0.33986645000000004 0.273846090625 0.338276059375
3 0.190440553125 0.3374592828125 0.190785015625 0.29259690625 0.1091392515625 0.29177524374999997 0.11000407187500001 0.339049675 0.190440553125 0.3374592828125
3 0.27512866406250003 0.2946172640625 0.2754731265625 0.24975407187499998 0.1938281765625 0.24893241093750001 0.1946921828125 0.2962076546875 0.27512866406250003 0.2946172640625
3 0.19121416875 0.29398615625 0.19155863125 0.24912377812500003 0.10991368125 0.2483021171875 0.11077768750000001 0.295576546875 0.19121416875 0.29398615625
3 0.27595602656249996 0.158820846875 0.2763004890625 0.11395846875 0.1946547234375 0.11313680781249999 0.19551954375 0.1604112375 0.27595602656249996 0.158820846875
3 0.19169706875 0.566214984375 0.19204153125 0.52135260625 0.110395765625 0.5205301296875 0.11126058593749999 0.5678053750000001 0.19169706875 0.566214984375
3 0.1906628671875 0.5189185671875001 0.1910073296875 0.4740561890625 0.109362378125 0.473234528125 0.11022638437500001 0.5205089578125001 0.1906628671875 0.5189185671875001
3 0.2731034203125 0.5187328984375 0.2734478828125 0.473870521875 0.19180293125 0.47304885937499996 0.1926669375 0.5203241046875 0.2731034203125 0.5187328984375
3 0.19417833906249998 0.0678713359375 0.1945228015625 0.02300814375 0.11287703593750001 0.022186482812499998 0.1137410421875 0.0694617265625 0.19417833906249998 0.0678713359375
3 0.2767565140625 0.07056921875 0.2771009765625 0.025706840624999998 0.1954560265625 0.0248851796875 0.1963200328125 0.072159609375 0.2767565140625 0.07056921875
3 0.27382980468749996 0.3825390875 0.2741742671875 0.337676709375 0.192529315625 0.3368550484375 0.193393321875 0.384129478125 0.27382980468749996 0.3825390875
3 0.2723298046875 0.699832246875 0.2726742671875 0.6549698703125 0.1910285015625 0.65414739375 0.191893321875 0.7014226390625 0.2723298046875 0.699832246875
3 0.1896661234375 0.69915309375 0.1900105859375 0.6542907171875 0.1083656359375 0.6534690546874999 0.1092296421875 0.7007443 0.1896661234375 0.69915309375
3 0.2719633546875 0.6545032578125001 0.27230863125 0.6096408796875 0.1906628671875 0.6088184046875 0.1915268734375 0.6560936484375001 0.2719633546875 0.6545032578125001
3 0.19166530937499998 0.6562947875 0.19200977187499998 0.6114324109375 0.11036400625000001 0.6106107484375001 0.11122882812499998 0.6578851796875 0.19166530937499998 0.6562947875
3 0.274376221875 0.6124609125 0.27472068437499997 0.567598534375 0.19307491875 0.5667768734374999 0.1939397390625 0.614051303125 0.274376221875 0.6124609125
3 0.18924755625 0.6109609125000001 0.1895920203125 0.5660977203125 0.10794706875 0.565276059375 0.10881107500000001 0.612551303125 0.18924755625 0.6109609125000001
3 0.272265471875 0.56657491875 0.2726107484375 0.521712540625 0.190964984375 0.5208908796875 0.191828990625 0.5681661234375001 0.272265471875 0.56657491875
3 0.27061726406250003 0.8374047234375 0.2709617265625 0.79254153125 0.1893159609375 0.7917198703125 0.19018078125 0.8389951140624999 0.27061726406250003 0.8374047234375
3 0.1886115640625 0.83708631875 0.1889560265625 0.792223940625 0.1073102609375 0.7914022796875 0.10817508125 0.838676709375 0.1886115640625 0.83708631875
3 0.2716188921875 0.7917939734375 0.2719633546875 0.7469315953125 0.1903184046875 0.746109934375 0.1911824109375 0.7933851796875 0.2716188921875 0.7917939734375
3 0.1905407171875 0.7920276875 0.19088599374999998 0.7471653093749999 0.109240228125 0.7463436484375 0.11010423437500001 0.793618078125 0.1905407171875 0.7920276875
3 0.27091938125000004 0.7474934859375 0.27126384375 0.7026311078125 0.1896188921875 0.701809446875 0.1904828984375 0.7490846906249999 0.27091938125000004 0.7474934859375
3 0.1908965796875 0.747218240625 0.1912410421875 0.7023558624999999 0.10959527656250001 0.7015342015625 0.1104600984375 0.74880863125 0.1908965796875 0.747218240625
3 0.2709560265625 0.97385830625 0.271301303125 0.9289959281250001 0.1896555375 0.9281734531250001 0.19051954375 0.9754486968749999 0.2709560265625 0.97385830625
3 0.1881449515625 0.9755065140625 0.1884894140625 0.9306441375000001 0.10684364843750001 0.9298224749999999 0.10770846875 0.9770977203125 0.1881449515625 0.9755065140625
3 0.27060097656250004 0.9283965796875 0.2709454390625 0.8835342015625001 0.18930048906250002 0.8827125406249999 0.1901644953125 0.9299869703124999 0.27060097656250004 0.9283965796875
3 0.18876465781250001 0.9274210093749999 0.189109934375 0.88255863125 0.10746416875 0.8817369703125 0.1083281765625 0.9290114 0.18876465781250001 0.9274210093749999
3 0.2705 0.8844242671875 0.2708452765625 0.8395618890625001 0.1891995109375 0.838740228125 0.1900635171875 0.886015471875 0.2705 0.8844242671875
3 0.1889666125 0.8846416937500001 0.189311075 0.839779315625 0.1076661234375 0.8389576546875 0.1085301296875 0.886232084375 0.1889666125 0.8846416937500001
3 0.5778257328125 0.202076546875 0.5781701953125 0.15721416875 0.49652524375 0.1563925078125 0.49738925156249997 0.20366693749999998 0.5778257328125 0.202076546875
3 0.4968591203125 0.2040276875 0.4972035828125 0.159165309375 0.41555863125 0.15834364843749998 0.4164226390625 0.20561807812500002 0.4968591203125 0.2040276875
3 0.5801270359374999 0.15619136875 0.5804714984375 0.1113281765625 0.498826546875 0.1105065140625 0.49969055312500005 0.157781759375 0.5801270359374999 0.15619136875
3 0.497787459375 0.1574047234375 0.49813192187500005 0.1125423453125 0.41648615624999996 0.111720684375 0.4173509765625 0.15899592812500002 0.497787459375 0.1574047234375
3 0.5792467421875 0.11178420156249999 0.5795912046875 0.0669218234375 0.49794625468750003 0.0661001625 0.49881026093749997 0.11337459218749998 0.5792467421875 0.11178420156249999
3 0.498026059375 0.113295603125 0.49837052187499997 0.068433225 0.41672475625 0.06761156406249999 0.4175887625 0.11488599375 0.498026059375 0.113295603125
3 0.5810545609375 0.066566775 0.5813990234374999 0.021704396875 0.499754071875 0.0208827359375 0.500618078125 0.068157165625 0.5810545609375 0.066566775
3 0.4980244296875 0.068157165625 0.4983688921875 0.0232947875 0.416723940625 0.0224731265625 0.41758794843749997 0.06974755625 0.4980244296875 0.068157165625
3 0.5787793156250001 0.38041368124999997 0.579123778125 0.33555130312500003 0.49747882812500005 0.334728828125 0.498342834375 0.382004071875 0.5787793156250001 0.38041368124999997
3 0.4950130296875 0.382348534375 0.4953574921875 0.33748615625 0.413712540625 0.3366644953125 0.41457654687499995 0.383938925 0.4950130296875 0.382348534375
3 0.5772255703125 0.33613436406249997 0.577570846875 0.2912719875 0.49592508124999996 0.2904495109375 0.4967890875 0.33772475625 0.5772255703125 0.33613436406249997
3 0.49734039062499996 0.3370936484375 0.49768566718749996 0.29223127031249996 0.4160399015625 0.291409609375 0.41690390937500005 0.3386840390625 0.49734039062499996 0.3370936484375
3 0.5797231265625 0.290535015625 0.5800675890625 0.2456718234375 0.49842182343749997 0.2448501625 0.4992866453125 0.2921254078125 0.5797231265625 0.290535015625
3 0.4965879484375 0.29224185625 0.4969324109375 0.247379478125 0.415287459375 0.24655781718749997 0.41615146562499994 0.293832246875 0.4965879484375 0.29224185625
3 0.580549675 0.247612378125 0.5808949515624999 0.20274999999999999 0.4992491859375 0.20192833906250002 0.5001131921875 0.24920276874999997 0.580549675 0.247612378125
3 0.496126221875 0.24859364843749998 0.4964714984375 0.2037312703125 0.4148257328125 0.2029087953125 0.41568973906249995 0.2501840390625 0.496126221875 0.24859364843749998
3 0.5768444625 0.6534535828125 0.577188925 0.6085903906250001 0.49554315937500004 0.6077687296875001 0.49640797968749995 0.6550439734375 0.5768444625 0.6534535828125
3 0.494562703125 0.6544234531249999 0.49490716562500003 0.6095602609374999 0.413262215625 0.6087386 0.414126221875 0.65601384375 0.494562703125 0.6544234531249999
3 0.5768656359375 0.6074666125 0.5772100984375 0.562604234375 0.4955643328125 0.561781759375 0.49642915312499997 0.609057003125 0.5768656359375 0.6074666125
3 0.492765471875 0.6085903906250001 0.49310993437499995 0.5637280125 0.41146498437499995 0.5629063515625 0.412328990625 0.61018078125 0.492765471875 0.6085903906250001
3 0.57748045625 0.562444625 0.57782491875 0.517582246875 0.4961799671875 0.5167605859375 0.49704397343749995 0.564035015625 0.57748045625 0.562444625
3 0.4938574921875 0.562657165625 0.49420195468749994 0.5177947875 0.412557003125 0.5169723125 0.41342100937500004 0.56424755625 0.4938574921875 0.562657165625
3 0.49246824062499994 0.7914812703125 0.492812703125 0.7466188921875 0.411167753125 0.74579723125 0.41203175937500003 0.7930716609374999 0.49246824062499994 0.7914812703125
3 0.5754283390625 0.743442996875 0.5757728015625 0.69858061875 0.49412785000000004 0.6977589578125001 0.49499185625 0.7450333875 0.5754283390625 0.743442996875
3 0.493438925 0.7456644953125 0.4937833875 0.7008021171875 0.412137621875 0.6999804562499999 0.41300244375000006 0.7472548859375 0.493438925 0.7456644953125
3 0.57700814375 0.699407165625 0.5773534203125 0.6545447875 0.4957076546875 0.6537231265625 0.4965716609375 0.700998371875 0.57700814375 0.699407165625
3 0.49341775312499997 0.6996408796875 0.493762215625 0.6547785015625001 0.41211644999999997 0.653956840625 0.41298127031250004 0.7012312703125 0.49341775312499997 0.6996408796875
3 0.49222475625 0.516665309375 0.49256921875000004 0.47180293124999995 0.4109242671875 0.47098127031250003 0.41178827343749996 0.5182557 0.49222475625 0.516665309375
3 0.5756351796875 0.51588599375 0.5759796421875001 0.47102361562499995 0.494334690625 0.47020195468750003 0.495198696875 0.517476384375 0.5756351796875 0.51588599375
3 0.5744104234375 0.97117508125 0.5747548859375 0.926312703125 0.49310993437499995 0.9254910421875 0.493973940625 0.972765471875 0.5744104234375 0.97117508125
3 0.4919592828125 0.9728925078125 0.4923037453125 0.9280301296875001 0.41065879531249994 0.92720846875 0.4115228015625 0.9744828984374999 0.4919592828125 0.9728925078125
3 0.5758371328125 0.92592508125 0.5761815953125 0.881062703125 0.49453583125 0.8802410421875001 0.4954006515625 0.9275162859374999 0.5758371328125 0.92592508125
3 0.49199674218749995 0.9274470687499999 0.4923412046875 0.882584690625 0.4106962546875 0.8817630296875001 0.41156026093750003 0.929037459375 0.49199674218749995 0.9274470687499999
3 0.5736156359375 0.8802833874999999 0.5739600984375001 0.835421009375 0.4923143328125 0.8345993484375 0.493179153125 0.881873778125 0.5736156359375 0.8802833874999999
3 0.4917899015625 0.8829714984375 0.49213436406250005 0.8381091203125001 0.41048941406250006 0.8372874593749999 0.4113534203125 0.8845618890625 0.4917899015625 0.8829714984375
3 0.574267915625 0.8357760593749999 0.574612378125 0.79091368125 0.49296661249999996 0.7900920203124999 0.49383061875 0.83736645 0.574267915625 0.8357760593749999
3 0.4923037453125 0.8370171015625001 0.49264902343749994 0.7921547234374999 0.41100325781249997 0.7913330625 0.4118672640625 0.8386074921875 0.4923037453125 0.8370171015625001
3 0.5746441375 0.788104234375 0.5749886 0.7432418562499999 0.4933436484375 0.7424193812500001 0.49420765468749994 0.789694625 0.5746441375 0.788104234375
3 0.8014161234375001 0.958700325 0.8017605859374999 0.9138379484374999 0.7201156359375 0.9130162859375 0.7209796421875 0.9602907171874999 0.8014161234375001 0.958700325
3 0.8842548859375 0.9100309453125 0.8845993484375001 0.8651685671875 0.8029535828125001 0.86434690625 0.8038184046874999 0.9116213359374999 0.8842548859375 0.9100309453125
3 0.8004405531250001 0.9109910421875 0.80078583125 0.86612785 0.719140065625 0.8653061890625 0.720004071875 0.9125814328124999 0.8004405531250001 0.9109910421875
3 0.882807003125 0.9579315953125 0.883151465625 0.9130692187499999 0.8015065140625 0.91224755625 0.8023705218750001 0.9595219875 0.882807003125 0.9579315953125
3 0.802545603125 0.14699755625 0.802890065625 0.10213517968750001 0.7212451140625 0.1013135171875 0.7221091203125 0.1485879484375 0.802545603125 0.14699755625
3 0.8862003250000001 0.1899886 0.8865447874999999 0.145126221875 0.8048998375 0.1443045609375 0.80576384375 0.191578990625 0.8862003250000001 0.1899886
3 0.8048200328125 0.1923534203125 0.8051644953125001 0.14749022812499998 0.7235195437499999 0.14666856718750002 0.72438355 0.1939438109375 0.8048200328125 0.1923534203125
3 0.884572475 0.23479315937499998 0.8849169375000001 0.1899299671875 0.8032719875 0.18910830625 0.8041359937499999 0.23638355 0.884572475 0.23479315937499998
3 0.803515471875 0.23550814375 0.8038607484375 0.190645765625 0.722214984375 0.1898241046875 0.723078990625 0.2370993484375 0.803515471875 0.23550814375
3 0.886295603125 0.10034853437499999 0.8866400656250001 0.055486156249999995 0.8049951140625 0.054664495312500005 0.8058591203125 0.10193892499999999 0.886295603125 0.10034853437499999
3 0.8034625406250001 0.10203990156250001 0.8038078171875 0.05717752499999999 0.7221620515625 0.0563550484375 0.723026059375 0.10363029374999999 0.8034625406250001 0.10203990156250001
3 0.887228828125 0.14623452812499999 0.887573290625 0.1013713359375 0.8059283390624999 0.100549675 0.8067923453124999 0.14782491874999998 0.887228828125 0.14623452812499999
3 0.8868257328125001 0.058105048437499994 0.8871701953125 0.0132426703125 0.80552524375 0.012421009375 0.8063892515625 0.0596954390625 0.8868257328125001 0.058105048437499994
3 0.8025081437500001 0.0573412046875 0.8028534203125 0.012478828124999999 0.7212076546875 0.011657165625 0.7220716609375 0.058931595312499994 0.8025081437500001 0.0573412046875
2 0.7032467421875 0.7004951140625 0.71831921875 0.7205146578125 0.9991856671875 0.7173118890625 0.9991856671875 0.4524047234375 0.7125407171875 0.45466856718750004 0.7032467421875 0.7004951140625
2 0.0016115640625 0.46676221562500003 0.9991856671875 0.45301465781249994 0.9991856671875 0.3784951140625 0.0013574921875 0.3840936484375 0.0016115640625 0.46676221562500003
3 0.1954397390625 0 0.1960073296875 0.026736156249999997 0.27667182343749996 0.0260895765625 0.27549429999999997 0 0.1954397390625 0
3 0.10967508125 0 0.1096270359375 0.0234283390625 0.1976555375 0.023438925 0.19679723124999998 0 0.1947451140625 0 0.10967508125 0
0 0.2375 0.009375 0.08046875 0.01796875
0 0.153125 0.0109375 0.08359375 0.021875
0 0.15234375 0.04375 0.07890625 0.03828125
0 0.14765625 0.08828125 0.08125 0.0390625
0 0.1484375 0.17578125 0.0828125 0.03984375
0 0.2375 0.18125 0.0765625 0.03984375
0 0.14140625 0.21796875 0.08125 0.0375
0 0.23515625 0.22265625 0.06953125 0.0328125
0 0.14765625 0.2640625 0.08125 0.0375
0 0.23359375 0.2640625 0.08203125 0.03984375
0 0.146875 0.3125 0.08203125 0.04375
0 0.2390625 0.3125 0.07890625 0.03671875
0 0.1359375 0.3640625 0.10625 0.0359375
0 0.45 0.36328125 0.09296875 0.03515625
0 0.54765625 0.31171875 0.0796875 0.034375
0 0.42578125 0.2640625 0.059375 0.04453125
0 0.44921875 0.221875 0.08671875 0.03125
0 0.54609375 0.18359375 0.0796875 0.03359375
0 0.446875 0.178125 0.08125 0.03359375
0 0.4546875 0.13203125 0.07890625 0.04140625
0 0.5359375 0.0890625 0.07265625 0.03203125
0 0.753125 0.2203125 0.0890625 0.03359375
0 0.76328125 0.028125 0.07734375 0.03046875
0 0.8328125 0.16796875 0.0984375 0.04296875
0 0.14375 0.4828125 0.07890625 0.0390625
0 0.2484375 0.48828125 0.084375 0.0375
0 0.23359375 0.54375 0.0796875 0.034375
0 0.14375 0.5859375 0.07578125 0.03671875
0 0.23046875 0.5875 0.07734375 0.0375
0 0.23046875 0.6375 0.0734375 0.040625
0 0.14296875 0.67890625 0.08046875 0.0328125
0 0.24609375 0.725 0.0953125 0.03359375
0 0.17109375 0.80234375 0.1109375 0.04375
0 0.14609375 0.90234375 0.0890625 0.03984375
0 0.24140625 0.903125 0.0921875 0.0359375
0 0.22421875 0.98515625 0.07890625 0.0296875
0 0.13828125 0.98359375 0.07734375 0.03203125
3 0.26825814375 0.9724747562499999 0.18615635156250002 0.9718868078125 0.18769381093749998 0.9991856671875 0.271295603125 0.9991856671875 0.27008713281249996 0.9744845281250001 0.26825814375 0.9724747562499999
3 0.1030635171875 0.9991856671875 0.1882614 0.9991856671875 0.18647475625 0.9764511406249999 0.10288355 0.9764568406249999 0.1030635171875 0.9991856671875
0 0.453125 0.4859375 0.0828125 0.0359375
0 0.534375 0.53359375 0.0859375 0.03515625
0 0.5375 0.58359375 0.1109375 0.0453125
0 0.53046875 0.67578125 0.075 0.03515625
0 0.53671875 0.8140625 0.08515625 0.03125
0 0.53203125 0.8578125 0.078125 0.0328125
0 0.54453125 0.89765625 0.07734375 0.01953125
0 0.53828125 0.94921875 0.0796875 0.0359375
3 0.4938159609375 0.9991856671875 0.49259690625 0.9724747562499999 0.41259527656249995 0.9731270359374999 0.412690553125 0.9991856671875 0.4938159609375 0.9991856671875
3 0.49010993437500006 1 0.5791351796875001 0.99886970625 0.5785097718750001 0.97394706875 0.4908892515625 0.9746726390625 0.49010993437500006 1
3 0.5046875 0.9875 0.00625 0.025
0 0.5421875 0.98671875 0.0828125 0.0265625
0 0.765625 0.93515625 0.0875 0.04296875