0 0.478125 0.1671875 0.09296875 0.03828125
0 0.29140625 0.721875 0.07890625 0.04140625
0 0.209375 0.73828125 0.07421875 0.04765625
0 0.55234375 0.559375 0.08984375 0.05234375
0 0.27265625 0.58046875 0.09296875 0.046875
0 0.23359375 0.875 0.078125 0.04609375
0 0.1859375 0.646875 0.08515625 0.04921875
0 0.17421875 0.184375 0.10390625 0.053125
0 0.48359375 0.628125 0.0671875 0.04140625
0 0.04375 0.971875 0.075 0.0515625
0 0.26875 0.628125 0.08125 0.04375
0 0.52421875 0.80390625 0.08203125 0.05078125
0 0.33828125 0.89921875 0.08125 0.04765625
0 0.46015625 0.4484375 0.071875 0.0421875
0 0.171875 0.60390625 0.08125 0.04921875
0 0.55390625 0.890625 0.07890625 0.0484375
0 0.65859375 0.96640625 0.0765625 0.04609375
0 0.865625 0.4484375 0.0875 0.04921875
0 0.50078125 0.25390625 0.09296875 0.05234375
0 0.015625 0.740625 0.03125 0.040625
0 0.6125 0.7875 0.078125 0.04921875
0 0.9578125 0.89921875 0.0765625 0.0453125
0 0.90390625 0.66640625 0.1171875 0.0578125
0 0.6390625 0.87578125 0.08203125 0.05078125
0 0.96640625 0.9421875 0.06484375 0.04921875
0 0.215625 0.45390625 0.07578125 0.040625
0 0.14296875 0.51640625 0.06328125 0.040625
0 0.196875 0.36328125 0.10625 0.0625
0 0.17421875 0.27109375 0.1046875 0.06171875
0 0.50859375 0.290625 0.0859375 0.0515625
0 0.9734375 0.040625 0.053125 0.05546875
0 0.7453125 0.37421875 0.08203125 0.0546875
0 0.340625 0.015625 0.078125 0.03125
0 0.55234375 0.51015625 0.078125 0.05078125
0 0.3265625 0.85078125 0.08984375 0.0515625
0 0.18828125 0.69453125 0.09296875 0.0546875
0 0.303125 0.7609375 0.0921875 0.05625
0 0.5140625 0.76171875 0.08046875 0.06484375
0 0.88984375 0.5828125 0.09921875 0.06015625
0 0.6046875 0.68515625 0.09296875 0.0640625
0 0.63515625 0.83046875 0.09140625 0.0578125
0 0.34453125 0.93515625 0.08671875 0.05078125
0 0.80625 0.65 0.08984375 0.05390625
0 0.9359375 0.8078125 0.10625 0.06484375
0 0.55859375 0.975 0.10625 0.05
0 0.878125 0.95703125 0.0921875 0.04453125
0 0.8984375 0.62265625 0.10625 0.0578125
0 0.83359375 0.778125 0.1015625 0.05859375
0 0.55703125 0.934375 0.08359375 0.05390625
0 0.8078125 0.69375 0.10234375 0.06328125
0 0.64140625 0.9171875 0.09140625 0.05625
0 0.85703125 0.82265625 0.06953125 0.03671875
0 0.87578125 0.91484375 0.07734375 0.04453125
3 0.0734375 0.16171875 0.09296875 0.0640625
3 0.08046875 0.21015625 0.0984375 0.065625
3 0.09140625 0.25546875 0.1 0.06640625
3 0.10390625 0.29921875 0.09921875 0.0640625
3 0.11484375 0.3421875 0.0984375 0.0671875
3 0.12265625 0.38671875 0.1 0.065625
3 0.13203125 0.43046875 0.09921875 0.0625
3 0.14296875 0.47734375 0.09921875 0.07109375
3 0.37109375 0.09453125 0.096875 0.06796875
3 0.3625 0.04921875 0.08671875 0.0640625
3 0.38125 0.1375 0.1 0.06953125
3 0.48046875 0.16484375 0.0984375 0.065625
3 0.39375 0.18515625 0.0984375 0.06875
3 0.4046875 0.22734375 0.09609375 0.06640625
3 0.4890625 0.20859375 0.0953125 0.0671875
3 0.50234375 0.25390625 0.09453125 0.0640625
3 0.409375 0.275 0.10390625 0.065625
3 0.421875 0.315625 0.10625 0.071875
3 0.43515625 0.3625 0.09453125 0.0703125
3 0.52109375 0.34140625 0.0921875 0.06328125
3 0.509375 0.29375 0.0953125 0.07109375
1 0.5 0.5 1 1
3 0.159375 0.140625 0.10546875 0.0703125
3 0.17109375 0.18671875 0.1015625 0.06796875
3 0.17734375 0.2328125 0.1015625 0.0703125
3 0.1890625 0.278125 0.096875 0.06640625
3 0.1984375 0.32265625 0.0984375 0.06484375
3 0.2109375 0.36953125 0.09765625 0.0640625
3 0.2234375 0.41015625 0.103125 0.06796875
3 0.234375 0.45390625 0.096875 0.065625
3 0.24296875 0.4984375 0.10078125 0.06875
3 0.1546875 0.52109375 0.096875 0.065625
3 0.1671875 0.56640625 0.096875 0.0671875
3 0.2546875 0.54453125 0.10234375 0.07890625
3 0.17734375 0.6078125 0.08515625 0.0609375
3 0.26484375 0.58671875 0.10546875 0.06328125
3 0.190625 0.64375 0.08984375 0.0578125
3 0.2734375 0.63046875 0.0953125 0.06484375
3 0.1953125 0.69375 0.0953125 0.0640625
3 0.28515625 0.67734375 0.09296875 0.071875
3 0.20625 0.7421875 0.09609375 0.06171875
3 0.296875 0.7203125 0.09765625 0.065625
3 0.2171875 0.784375 0.09609375 0.06484375
3 0.303125 0.76328125 0.09765625 0.06875
3 0.228125 0.83359375 0.09453125 0.07265625
3 0.31328125 0.80859375 0.09453125 0.07265625
3 0.2359375 0.87734375 0.09140625 0.0671875
3 0.32734375 0.8546875 0.0984375 0.06953125
3 0.246875 0.92109375 0.09375 0.06171875
3 0.33515625 0.89921875 0.1015625 0.06484375
3 0.34765625 0.9359375 0.10234375 0.0609375
3 0.25 0.95859375 0.1078125 0.05703125
3 0.03828125 0.925 0.0765625 0.06484375
3 0.03359375 0.875 0.065625 0.06015625
3 0.0265625 0.83125 0.053125 0.059375
3 0.021875 0.784375 0.04296875 0.05234375
3 0.0171875 0.7390625 0.034375 0.0515625
3 0.45078125 0.03203125 0.0984375 0.0640625
3 0.45859375 0.075 0.0921875 0.065625
3 0.47109375 0.11796875 0.096875 0.06328125
3 0.53203125 0.38828125 0.096875 0.0671875
3 0.44375 0.4046875 0.09453125 0.0671875
3 0.453125 0.446875 0.09609375 0.071875
3 0.54375 0.4328125 0.096875 0.06953125
3 0.4671875 0.49453125 0.096875 0.0625
3 0.55703125 0.4765625 0.09375 0.065625
3 0.47578125 0.53828125 0.09296875 0.06171875
3 0.5609375 0.52109375 0.1015625 0.06484375
3 0.48671875 0.58671875 0.096875 0.0625
3 0.57265625 0.5625 0.0984375 0.06328125
3 0.49921875 0.62890625 0.08515625 0.0640625
3 0.5828125 0.609375 0.09453125 0.0671875
3 0.5046875 0.67265625 0.096875 0.06796875
3 0.5921875 0.6546875 0.09375 0.0640625
3 0.51796875 0.7171875 0.09453125 0.06875
3 0.603125 0.6984375 0.10078125 0.065625
3 0.525 0.759375 0.0953125 0.06484375
3 0.61328125 0.74296875 0.0953125 0.0703125
3 0.53671875 0.809375 0.1 0.06875
3 0.621875 0.78515625 0.09453125 0.065625
3 0.54765625 0.853125 0.09375 0.0734375
3 0.63515625 0.8328125 0.0984375 0.07265625
3 0.5640625 0.89765625 0.08828125 0.0640625
3 0.64609375 0.87578125 0.09296875 0.0625
3 0.6734375 0.0296875 0.096875 0.059375
3 0.678125 0.07109375 0.1046875 0.0640625
3 0.77109375 0.0515625 0.09140625 0.065625
3 0.759375 0.01796875 0.09375 0.0359375
3 0.69375 0.115625 0.09765625 0.06015625
3 0.77890625 0.0984375 0.0984375 0.06875
3 0.7046875 0.1625 0.09375 0.06796875
3 0.78828125 0.14375 0.096875 0.06875
3 0.71484375 0.2046875 0.09296875 0.05859375
3 0.79921875 0.1859375 0.09140625 0.06953125
3 0.721875 0.25 0.1 0.06640625
3 0.81171875 0.23203125 0.09609375 0.065625
3 0.73203125 0.29296875 0.09296875 0.065625
3 0.82109375 0.27578125 0.0984375 0.065625
3 0.74375 0.33984375 0.08984375 0.06796875
3 0.8296875 0.31875 0.09453125 0.0640625
3 0.75546875 0.3828125 0.08359375 0.059375
3 0.8375 0.3625 0.09375 0.0671875
3 0.7671875 0.4296875 0.0875 0.06328125
3 0.84765625 0.41015625 0.1109375 0.06875
3 0.7280586312499999 0.4596628671875 0.73287215 0.5040537453125 0.8216164499999999 0.484903909375 0.812026059375 0.440232084375 0.7318013031249999 0.45930211718749997 0.7280586312499999 0.4596628671875
3 0.8305073296875 0.530773615625 0.822464984375 0.485773615625 0.7357833874999999 0.501381921875 0.73550244375 0.501954396875 0.7450187296874999 0.5487939734375 0.8305073296875 0.530773615625
3 0.9144853421875 0.5106807812499999 0.9056954390625 0.46299755625000005 0.8252858312500001 0.4829951140625 0.8241400656250001 0.4820887625 0.833592834375 0.5326563515625 0.9144853421875 0.5106807812499999
3 0.8121218359375 0.44030681875 0.8228941375 0.489309446875 0.9122638437499999 0.4660936484375 0.90089739375 0.42197394062500004 0.8121218359375 0.44030681875
3 0.8440635171875 0.5762198703125 0.8340969062499999 0.523701140625 0.7510993484374999 0.5444943 0.75242508125 0.548476384375 0.769151465625 0.5974258953125 0.8440635171875 0.5762198703125
3 0.9372614 0.5495203578125001 0.91691368125 0.5037565140625 0.839048859375 0.5289926703125001 0.8364666125 0.52610830625 0.844832246875 0.574740228125 0.9372614 0.5495203578125001
3 0.848495928125 0.6184315953125 0.842637621875 0.57511645 0.7634951140624999 0.594065146875 0.7641465796875 0.59588355 0.7725073296875 0.6346864828125 0.848495928125 0.6184315953125
3 0.8420481390625 0.5775568875 0.85125814375 0.6189828984375 0.9415342015625001 0.59674185625 0.9341066781249999 0.5515830625 0.8420481390625 0.5775568875
3 0.858415309375 0.654137621875 0.8475521171875 0.6178957656249999 0.7671107484374999 0.6323216609375 0.7770618890625001 0.6818811078125 0.858415309375 0.654137621875
3 0.9560928343749999 0.6382491859375 0.9444030937499999 0.5957776875 0.8488460906249999 0.6230276875 0.856427525 0.6650276875000001 0.9560928343749999 0.6382491859375
3 0.8715684046875 0.7022662859375 0.8607426703125001 0.663017915625 0.766484528125 0.68201384375 0.7643745921875 0.678271171875 0.7758631921875 0.7289438109375 0.8715684046875 0.7022662859375
3 0.964740228125 0.6832280125 0.95564739375 0.636944625 0.8582508140625 0.663362378125 0.8710814328125001 0.7079918562499999 0.964740228125 0.6832280125
3 0.8868004890625001 0.7554837140624999 0.8714258953125 0.70556921875 0.7794633546874999 0.7287532578125 0.7809315953125 0.729781759375 0.79243078125 0.7713200328125 0.8868004890625001 0.7554837140624999
3 0.9741978828125 0.7314991859375 0.962179153125 0.686562703125 0.8802157984375001 0.7046734531250001 0.8750675890625 0.7074886 0.8855228015625001 0.754714984375 0.9741978828125 0.7314991859375
3 0.8969633546875 0.7947744296875 0.8837785015625 0.75230863125 0.79324755625 0.7684625406250001 0.7910684046875 0.771245928125 0.8059666125 0.8159755703125 0.8969633546875 0.7947744296875
3 0.8875165062500001 0.7518804703125 0.897043159375 0.797409609375 0.987982084375 0.77528583125 0.9743672640625001 0.7268713359375 0.8875165062500001 0.7518804703125
3 0.900118078125 0.8346587953125001 0.8956066781249999 0.7932214984375 0.8020325734375 0.8106425078124999 0.8010089578124999 0.8110879484375 0.8195439734375001 0.8590936484375 0.900118078125 0.8346587953125001
3 0.9916986968750001 0.81330863125 0.985956840625 0.774718240625 0.9007117265625 0.790273615625 0.899799675 0.7942443 0.907942996875 0.8336563515625001 0.9916986968750001 0.81330863125
3 0.82910830625 0.9123859937500001 0.8354649843749999 0.9443656359375 0.9164894140625 0.9285244296874999 0.9094967421875 0.8847117265625 0.8338371328124999 0.9034690546874999 0.82910830625 0.9123859937500001
3 0.9951237781250001 0.909173453125 0.9981245921875 0.867401465625 0.9159120515625 0.889620521875 0.9211604234375 0.9329087953125 0.9951237781250001 0.909173453125
3 0.9240871328125 0.9749877843749999 0.9147451140625 0.9271245921875 0.83489169375 0.940903909375 0.8440317593750001 0.9874894140625001 0.9240871328125 0.9749877843749999
3 0.9985268734374999 0.9564161234374999 0.9970480453125001 0.9119356671875 0.91841938125 0.933232084375 0.9224169375000001 0.9334177531250001 0.9313184046874999 0.9773314328125 0.9985268734374999 0.9564161234374999
3 0.9400073296875 0.02737785 0.9470692187499999 0.077059446875 0.9957385999999999 0.07025732968750001 0.9991856671875 0.008090390625 0.9378395765624999 0.0271441375 0.9400073296875 0.02737785
3 0.0157547703125 0.1051602796875 0.027213354687500003 0.1527508140625 0.10832329062499998 0.1295032578125 0.0966701953125 0.086909609375 0.0157547703125 0.1051602796875
3 0.19835016249999998 0.10799430000000002 0.19029153125 0.062315146875000005 0.103679153125 0.089454396875 0.10170114062499999 0.0850382734375 0.11223615625000001 0.1351229640625 0.19835016249999998 0.10799430000000002
3 0.102448696875 0.088315146875 0.1872117265625 0.0700716609375 0.17555293125 0.019780129687500002 0.08681433281249999 0.037901465625000005 0.102448696875 0.088315146875
3 0.0042556640625 0.06308240625 0.0200561890625 0.10894381093750001 0.1017491859375 0.08712215 0.08288029375 0.04148045625 0.0042556640625 0.06308240625
3 0.1715773609375 0.024922639062499998 0.1658037453125 0 0.0850382734375 0.00133631875 0.0792174265625 0.003923453125 0.09215309375 0.0479853421875 0.1715773609375 0.024922639062499998
3 0.08101832656249999 0.00021700468750000002 0.005948696875 0.016715798437500002 0.015072474999999998 0.059336318750000006 0.0907532578125 0.041066775 0.08101832656249999 0.00021700468750000002
3 0.9991856671875 0.1127605859375 0.9980130296875 0.06556514687500001 0.95125244375 0.0839144953125 0.9486970687499999 0.081433225 0.9562255703125 0.1273452765625 0.9991856671875 0.1127605859375
3 0.9980390874999999 0.1624690546875 0.9991856671875 0.1124478828125 0.9611775250000001 0.12126954375000001 0.9603338765625 0.1249495109375 0.9719975562500001 0.1717198703125 0.9980390874999999 0.1624690546875
2 0.387433225 0.9991856671875 0.3759869703125 0.959188925 0.2130838765625 0.9934853421875 0.387433225 0.9991856671875
2 0.9900814328124999 0.86470846875 0.97625 0.8183086312500001 0.82654723125 0.852334690625 0.8380097718749999 0.9001286640625 0.9900814328124999 0.86470846875
3 0.08357491875 0.9362646578125 0.00227108125 0.9598976984375 0.0023591203125 0.9981457656250001 0.033172639062499995 0.9989674265625 0.1017223125 0.9870439734374999 0.08357491875 0.9362646578125
3 0.6059780124999999 0.9523021171874999 0.5998811078124999 0.9089079796874999 0.513029315625 0.9188379484375 0.5221587953125 0.9656408796875 0.6059780124999999 0.9523021171874999
3 0.5178322468750001 0.9692776875 0.5258061890625 0.9991856671875 0.6182671015625 0.9991856671875 0.6067467421875 0.9559812703125001 0.519815146875 0.9690553749999999 0.5178322468750001 0.9692776875
3 0.61576954375 0.9592687296875001 0.7011954390625 0.938555375 0.6932695437499999 0.8889951140625 0.598073290625 0.903017915625 0.61576954375 0.9592687296875001
3 0.717948696875 0.9783070031250001 0.7045244296875001 0.93436645 0.6155366453125 0.9553078171875 0.614879478125 0.9535855046874999 0.6315952765625 0.9991856671875 0.717948696875 0.9783070031250001
3 0.298084690625 0 0.31650244375000003 0.0406213359375 0.38610260625000004 0.023570846875000002 0.38172394062500004 0 0.298265471875 0 0.298084690625 0