0 0.7328125 0.87578125 0.0734375 0.04609375
0 0.54375 0.96796875 0.0734375 0.03515625
0 0.77265625 0.62578125 0.07734375 0.03359375
0 0.77265625 0.57734375 0.10546875 0.0390625
0 0.6890625 0.69609375 0.0921875 0.0390625
0 0.4171875 0.84765625 0.07890625 0.06015625
0 0.83203125 0.85078125 0.084375 0.03671875
0 0.66953125 0.609375 0.07578125 0.03671875
0 0.7921875 0.71953125 0.075 0.04453125
0 0.221875 0.9859375 0.08125 0.028125
0 0.69375 0.65078125 0.0640625 0.0328125
0 0.13009853437500002 0.426807003125 0.12313599374999999 0.386309446875 0.045373778125 0.40092508125000004 0.047231270312500004 0.40390879531249996 0.05321172656249999 0.4418517921875 0.13009853437500002 0.426807003125
0 0.7638306187499999 0.3823990234375 0.7538045609374999 0.3345057 0.65798045625 0.3534201953125 0.6631783390625 0.3997605859375 0.7638306187499999 0.3823990234375
0 0.9967809453124999 0.1844714984375 0.997035015625 0.134326546875 0.92345276875 0.1530944625 0.9310366453125001 0.2016620515625 0.9967809453124999 0.1844714984375
0 0.1126884359375 0.7162902234375 0.12426221562499999 0.7649763843749999 0.2242532578125 0.742295603125 0.20999592812499998 0.6936392515625001 0.1126884359375 0.7162902234375
0 0.7921009765625 0.7888102609375001 0.8463892515625 0.7720993484374999 0.8405219875000001 0.7328355046875 0.7542825734374999 0.757315146875 0.774390065625 0.7928745921875 0.7921009765625 0.7888102609375001
0 0.9493013031249999 0.6222785015625 0.9593249187499999 0.6545757328125 0.9970480453125001 0.6477508140625 0.9977548859375001 0.6075578171875 0.9493013031249999 0.6222785015625
0 0.07412785 0.6176482078125 0.065687296875 0.589273615625 0 0.6007964171875 0.0043477203125 0.638214984375 0.07412785 0.6176482078125
0 0.48796987031250005 0.5765855046875 0.48069299687499994 0.5398061890625 0.3874299671875 0.5618925078125 0.386295603125 0.5632573296875 0.3923607484375 0.5982052125 0.48796987031250005 0.5765855046875
0 0.3726669375 0.13201058593749998 0.3635757328125 0.0997271984375 0.2886351796875 0.1185309453125 0.2955700328125 0.153468240625 0.3726669375 0.13201058593749998
0 0.7257280125000001 0.18949837187500002 0.716509771875 0.1566563515625 0.6207019546875 0.178248371875 0.6289340390625 0.2124967421875 0.7257280125000001 0.18949837187500002
0 0.887226384375 0.905340390625 0.8770578171875 0.8750537453125 0.7971408796875 0.8912410421875 0.8033330624999999 0.9239698703125001 0.887226384375 0.905340390625
0 0.8926017921874999 0.947484528125 0.8837728015625 0.9122573296875001 0.80347475625 0.93105293125 0.810893321875 0.9659063515625 0.8926017921874999 0.947484528125
0 0.2447589578125 0.9082988593750001 0.2347776875 0.8756335500000001 0.1596254078125 0.89757491875 0.16574674218750002 0.9294666125 0.2447589578125 0.9082988593750001
0 0.541464984375 0.7523420203125 0.5326254078125 0.7172312703125 0.4452223125 0.7356131921875 0.4539951140625 0.76849755625 0.541464984375 0.7523420203125
0 0.3438729640625 0.66759690625 0.3501107484375 0.6987850156250001 0.4215700328125 0.676309446875 0.4180781765625 0.6460366453125 0.3438729640625 0.66759690625
0 0.72914169375 0.28350325781249996 0.7197190546875001 0.248915309375 0.645131921875 0.26782491875000003 0.6513843640625 0.303618078125 0.72914169375 0.28350325781249996
0 0.7625138437500001 0.4686579796875 0.7562475562500001 0.4377353421875 0.6948965796875 0.4496921828125 0.698887621875 0.481173453125 0.7625138437500001 0.4686579796875
0 0.6832434859375 0.528287459375 0.672976384375 0.4952052125 0.608035015625 0.510315146875 0.613629478125 0.5400643328125 0.6832434859375 0.528287459375
0 0.45214169374999996 0.43636400625 0.4410333875 0.40786970624999996 0.3718786640625 0.42707166093750004 0.37990472343750004 0.4558387625 0.45214169374999996 0.43636400625
0 0.9991856671875 0.45957817656250005 0.9945920203125 0.42445276875 0.9274340390625 0.44335830625000006 0.9292043968750001 0.46946416874999997 0.9991856671875 0.45957817656250005
0 0.74272475625 0.7450472312499999 0.7331465796875001 0.7179698703125 0.649037459375 0.7426148203125 0.6581881109375 0.7713110750000001 0.74272475625 0.7450472312499999
0 0.9991856671875 0.26654153125 0.9991856671875 0.233940553125 0.950832246875 0.24357899062500002 0.9515073296875001 0.2779796421875 0.9991856671875 0.26654153125
1 0.9959894140625 0.9991856671875 0.998917753125 0 0.001676709375 0.00041368125 0.002176709375 0.999143321875 0.9959894140625 0.9991856671875