1 0.4667728015625 0 0.46772149843750005 0.001049675 0 0.10434690625000001 0.0012671015625 0.9983713359375 0.9962100984375001 0.9983713359375 0.9962100984375001 0 0.4667728015625 0
3 0.07953012968749999 0.17623697031250002 0.11989169375 0.16280293125 0.09696172656249999 0.080934853125 0.05666368125 0.09095521250000001 0.07953012968749999 0.17623697031250002
3 0.036167753125 0.19046661250000002 0.07652931562500001 0.1770325734375 0.053599348437500006 0.0951644953125 0.016785015625 0.104765471875 0.036167753125 0.19046661250000002
3 0.1195781765625 0.164043159375 0.16559690625 0.15090065156250002 0.1411612375 0.0682532578125 0.0964951140625 0.0809617265625 0.1195781765625 0.164043159375
3 0.1663338765625 0.15462784999999998 0.2043412046875 0.14261970625 0.18135830625 0.0595 0.1426620515625 0.0719592828125 0.1663338765625 0.15462784999999998
3 0.208407165625 0.1453021171875 0.2487687296875 0.131868078125 0.2258395765625 0.05 0.1844812703125 0.061710912500000006 0.208407165625 0.1453021171875
3 0.2509853421875 0.1352605859375 0.30022638437500004 0.1237776875 0.27729723125 0.041909609375000004 0.2291050484375 0.051833876562500006 0.2509853421875 0.1352605859375
3 0.29920846874999996 0.1256009765625 0.3395700328125 0.1121669375 0.3166408796875 0.030298859374999997 0.279476384375 0.042100162499999996 0.29920846874999996 0.1256009765625
3 0.340598534375 0.113354234375 0.387990228125 0.10419299687500001 0.36591938125 0.026423453125000003 0.31804560312499996 0.034942996875 0.340598534375 0.113354234375
3 0.388573290625 0.107305375 0.428934853125 0.093870521875 0.40600488593749995 0.0120032578125 0.368840390625 0.0238045609375 0.388573290625 0.107305375
3 0.4287703578125 0.095084690625 0.474549675 0.084248371875 0.45754723124999996 0.002984528125 0.40897964218749994 0.0132703578125 0.4287703578125 0.095084690625
3 0.453767915625 0 0.47739657968750004 0.0851074921875 0.5179226390625 0.0737353421875 0.5023998375 0.00040797968749999995 0.45958876249999997 0.0036368078125 0.453767915625 0
3 0.5029242671875 0.0029104234375 0.5188135171875 0.073793159375 0.5668355046875 0.0670659609375 0.5468697062500001 0 0.5053786640625 0.0019299671875 0.5029242671875 0.0029104234375
3 0.6086815953125 0.0559478828125 0.5939006515624999 0.0006465796875 0.5473045609375 0 0.5647630296874999 0.0662019546875 0.6086815953125 0.0559478828125
3 0.5936140062499999 0 0.60801384375 0.053440553125 0.6500399015625 0.0447776875 0.6428615640625 0 0.5936140062499999 0
0 0.08316693750000001 0.164737784375 0.112473940625 0.15860423437499999 0.0912785015625 0.0872174265625 0.06107491875 0.09636237812500001 0.08316693750000001 0.164737784375
0 0.122759771875 0.145190553125 0.1556245921875 0.134184853125 0.13259934843750001 0.0667532578125 0.1022899015625 0.0754796421875 0.122759771875 0.145190553125
0 0.206562703125 0.1418298046875 0.2383884359375 0.1395920203125 0.226868078125 0.05701384375 0.19931514687500002 0.061096090625 0.206562703125 0.1418298046875
0 0.3519120515625 0.108890065625 0.38099185625 0.1009169375 0.3582426703125 0.00945846875 0.3253884359375 0.0177019546875 0.3519120515625 0.108890065625
0 0.4375602609375 0.0806856671875 0.4640048859375 0.0725048859375 0.44566693749999997 0.005137621875 0.41666693749999995 0.005429153125 0.4375602609375 0.0806856671875
0 0.5892190553745928 0 0.5523884364820847 0 0.5668941368078175 0.0456099348534202 0.5972402280130293 0.03680944625407166 0.5892190553745928 0
0 0.22926954375 0.044226384375 0.25925 0.11874104218749999 0.2844381109375 0.10690227968749999 0.2600879484375 0.0346034203125 0.230048859375 0.041734528124999996 0.22926954375 0.044226384375
3 0.7355342015625 0.207076546875 0.7242785015625001 0.1613925078125 0.6392133546875 0.180631921875 0.6490219875000001 0.22949185625 0.7355342015625 0.207076546875
3 0.7456758953125 0.25166856718749997 0.7344201953125 0.20598452812499998 0.6493558625 0.22522475625 0.65916368125 0.27408469062499996 0.7456758953125 0.25166856718749997
3 0.7572019546875 0.295926709375 0.7459462546875 0.25024267031249997 0.660881921875 0.269482084375 0.6706897390625 0.3183420203125 0.7572019546875 0.295926709375
3 0.67947475625 0.36075 0.6682190546875 0.3150659609375 0.583153909375 0.334305375 0.592962540625 0.383165309375 0.67947475625 0.36075
3 0.6698941375 0.31650814375 0.6586392515624999 0.2708241046875 0.5735741046875 0.2900635171875 0.583381921875 0.338923453125 0.6698941375 0.31650814375
3 0.65961970625 0.271200325 0.64836400625 0.2255162859375 0.563299675 0.24475570000000002 0.5731074921875 0.2936156359375 0.65961970625 0.271200325
3 0.6487939734375 0.2272280125 0.6375382734375 0.1815439734375 0.552473940625 0.20078338750000002 0.562281759375 0.249643321875 0.6487939734375 0.2272280125
3 0.7855920203125 0.43109283437499996 0.77433631875 0.38540797968749996 0.6892719875 0.4046482078125 0.6990798046875 0.45350814375 0.7855920203125 0.43109283437499996
3 0.6987614 0.4515830625 0.6875065140625 0.4058990234375 0.60244136875 0.4251384359375 0.6122491859375 0.47399837187499994 0.6987614 0.4515830625
3 0.7767703578125 0.385927525 0.7655146578124999 0.3402434859375 0.6804495109375 0.3594828984375 0.69025814375 0.40834283437499996 0.7767703578125 0.385927525
3 0.7666229640625 0.3420618890625 0.7553672640625 0.29637785 0.67030293125 0.3156172640625 0.6801107484375 0.36447719843750004 0.7666229640625 0.3420618890625
3 0.6892825734375 0.40660912031249996 0.6780268734375 0.36092508125 0.592962540625 0.38016449531249996 0.6027703578125 0.4290244296875 0.6892825734375 0.40660912031249996
3 0.8164633546875001 0.5631400656250001 0.8052084687500001 0.5174560265625 0.720143321875 0.5366954390625 0.7307890875 0.583 0.8164633546875001 0.5631400656250001
3 0.727433225 0.5819666125 0.7188656359375 0.5381009765625 0.6306091203124999 0.558559446875 0.6427337140625 0.6017947875 0.727433225 0.5819666125
3 0.8068990234375001 0.5198998375 0.7956441375 0.4742157984375 0.710578990625 0.4934560265625 0.720259771875 0.5386840390625001 0.8068990234375001 0.5198998375
3 0.71866938125 0.54154153125 0.70875 0.495570846875 0.62064169375 0.5132092828125 0.6300048859375 0.559084690625 0.71866938125 0.54154153125
3 0.7951351796874999 0.4771954390625 0.783879478125 0.43151140000000004 0.698815146875 0.4507508140625 0.70938599375 0.4955285015625 0.7951351796874999 0.4771954390625
3 0.7065602609375 0.49298941406249996 0.6984120515625001 0.45456840468750004 0.6109609125000001 0.4715065140625 0.6221001625 0.514359934375 0.7065602609375 0.49298941406249996
3 0.8382785015625001 0.65324755625 0.827023615625 0.6075627031249999 0.7408517921875 0.6280008140625 0.7485602609375 0.6733241046875 0.8382785015625001 0.65324755625
3 0.7492809453125 0.674427525 0.741376221875 0.6310065140625001 0.652212540625 0.6479454390625 0.6629495109375 0.6933908796875 0.7492809453125 0.674427525
3 0.8275008140625 0.6083843640625 0.8162451140625 0.562700325 0.7311799671875 0.5819397390625001 0.740549675 0.627354234375 0.8275008140625 0.6083843640625
3 0.7394828984374999 0.62911970625 0.7282271984375 0.583434853125 0.6431620515625001 0.60267508125 0.6542866453125 0.6484283390625001 0.7394828984374999 0.62911970625
3 0.86794136875 0.7869332250000001 0.8566856671874999 0.7412491859375 0.7716213359374999 0.7604886 0.7829201953125 0.8065920203125 0.86794136875 0.7869332250000001
3 0.7809258953125 0.8060350156249999 0.7723273609375 0.760578990625 0.683816775 0.7780952765625 0.69441368125 0.828450325 0.7809258953125 0.8060350156249999
3 0.8587166125 0.742828990625 0.8474609125000001 0.6971449515625 0.7597467421874999 0.7167768734375 0.7707100984374999 0.761495928125 0.8587166125 0.742828990625
3 0.7707630296875 0.7616392515625 0.7602662859375 0.7183509765625 0.6724128671875 0.7382907171875 0.6821995109375 0.7821620515625 0.7707630296875 0.7616392515625
3 0.8484324109375001 0.6984226390625 0.8386612375 0.6518583062500001 0.7497744296875 0.6711351796875 0.7597198703125 0.7188973937500001 0.8484324109375001 0.6984226390625
3 0.75695276875 0.7185741046875 0.750701140625 0.67179723125 0.663421009375 0.689012215625 0.671728828125 0.7367801296875001 0.75695276875 0.7185741046875
3 0.88789169375 0.8741718234375 0.8791872968750001 0.8290545609375 0.791570846875 0.8477271984374999 0.8013794781250001 0.8965871328125001 0.88789169375 0.8741718234375
3 0.7987719875 0.8957280125 0.7908509765625 0.8523982078125 0.702265471875 0.86911400625 0.713951140625 0.9157687296875 0.7987719875 0.8957280125
3 0.8768070031249999 0.8294315953125 0.8690016281249999 0.785448696875 0.7846327359374999 0.8071693812499999 0.7932109125 0.8497524437499999 0.8768070031249999 0.8294315953125
3 0.790940553125 0.8508021171875001 0.779684853125 0.805118078125 0.6946197062499999 0.8243574921875 0.7038884359375001 0.8680912046874999 0.790940553125 0.8508021171875001
3 0.819092834375 0.9849657984375 0.8114372968750001 0.9397426703124999 0.727188925 0.9581392515625 0.73743078125 0.9991856671875 0.819092834375 0.9849657984375
3 0.899973940625 0.9216482078125001 0.888718240625 0.87596416875 0.8018843640625001 0.8955643328124999 0.809745928125 0.9405855046875 0.899973940625 0.9216482078125001
3 0.8077157984375001 0.9394454390625 0.8002882734375 0.8936604234375001 0.714956840625 0.9134201953125001 0.7265423453125 0.9591677531249999 0.8077157984375001 0.9394454390625
3 0.9094690546875001 0.9668184046875 0.89821416875 0.9211335500000001 0.8131490234375001 0.9403737781249999 0.822956840625 0.9892337140624999 0.9094690546875001 0.9668184046875
3 0.9578745921875 0.20207247499999997 0.9497092828125 0.1567166125 0.857927525 0.179201140625 0.8678420203125 0.2234161234375 0.9578745921875 0.20207247499999997
3 0.9465431593750001 0.1591555375 0.9384226390625001 0.115035015625 0.8502231265625 0.1327109125 0.8600309453125 0.181570846875 0.9465431593750001 0.1591555375
3 0.9760415312499999 0.2937744296875 0.9647866453124999 0.248090390625 0.8797214984374999 0.2673298046875 0.889529315625 0.31618973906250003 0.9760415312499999 0.2937744296875
3 0.9660798046875 0.2483021171875 0.95482491875 0.202618078125 0.869759771875 0.2218574921875 0.8795675890625001 0.2707174265625 0.9660798046875 0.2483021171875
3 0.9892060265625 0.33962866406250003 0.9779503249999999 0.293944625 0.89288599375 0.3131840390625 0.9026938109374999 0.3620439734375 0.9892060265625 0.33962866406250003
3 0.9979438109375 0.385832246875 0.9867312703125 0.33801139999999996 0.9043859937500001 0.366316775 0.9133615640625001 0.404684853125 0.9979438109375 0.385832246875
3 0.9990895765625 0.4266286640625 0.9973558625000001 0.3809283390625 0.9123330624999999 0.40344951093750003 0.9245798046875 0.44567752499999996 0.9990895765625 0.4266286640625
3 0.9991856671875 0.4697255703125 0.9991856671875 0.426903909375 0.9207842015625 0.44604804531250003 0.92144136875 0.44621824062500004 0.9294837140625001 0.4914201953125 0.9991856671875 0.4697255703125
0 0.9581343640625001 0.5720048859375 0.9991856671875 0.5604047234375 0.9991856671875 0.51520846875 0.9955423453125001 0.5187548859375 0.949767915625 0.5321897390625 0.9581343640625001 0.5720048859375
3 0.9322171234375001 0.49120589375 0.9415610750000001 0.5349674265625 0.9991856671875 0.521029315625 0.9991856671875 0.468612378125 0.9322171234375001 0.49120589375
3 0.998798859375 0.5662630296875 0.998798859375 0.5171172640624999 0.9428493484375 0.53515309375 0.9409828984375 0.5345008140624999 0.9509234531249999 0.5799943 0.998798859375 0.5662630296875
3 0.9626881109375001 0.20439983750000001 0.9991856671875 0.19250814375 0.9991425078124999 0.14557247499999998 0.9511148203124999 0.155820846875 0.9626881109375001 0.20439983750000001
3 0.9414679140625 0.11239690625000001 0.95113599375 0.15768159531249998 0.9991856671875 0.14446416875 0.9991856671875 0.099490228125 0.9414679140625 0.11239690625000001
3 0.9991856671875 0.23856840468749999 0.9991856671875 0.19157491875 0.9587540718750001 0.200805375 0.95796416875 0.20173289843750003 0.9736734531250001 0.248732084375 0.9991856671875 0.23856840468749999
3 0.9991856671875 0.6147785015625 0.9991856671875 0.5646726390625 0.9517565140625001 0.5786001625 0.96644136875 0.625498371875 0.9991856671875 0.6147785015625
0 0.70712785 0.86725814375 0.7226140062499999 0.903951140625 0.7847703578125 0.8849022796874999 0.7757255703125 0.8521327359375 0.7083102609374999 0.868165309375 0.70712785 0.86725814375
0 0.9150684046875 0.95436970625 0.9056001625000001 0.9223159609374999 0.8254552125 0.9413281765624999 0.82364739375 0.9421229640625001 0.8270244296874999 0.981276059375 0.9150684046875 0.95436970625
3 0.3482646578125 0.297978828125 0.440751628125 0.2760032578125 0.4334144953125 0.2260464171875 0.3402964171875 0.247104234375 0.3482646578125 0.297978828125
3 0.35949918593749997 0.33987215000000004 0.4530781765625 0.322679153125 0.4450944625 0.2764438109375 0.351976384375 0.297501628125 0.35949918593749997 0.33987215000000004
3 0.370643321875 0.3852386 0.46321009843749994 0.3654633546875 0.45430293125 0.3177223125 0.36118485312500004 0.33878012968750004 0.370643321875 0.3852386
3 0.38040309375 0.42841530937499994 0.46995846874999997 0.410368078125 0.46255781718750005 0.36237785 0.3694397390625 0.3834356671875 0.38040309375 0.42841530937499994
3 0.28654885937499996 0.45025814375 0.37855293125 0.42996824062499994 0.36939739375 0.384909609375 0.27627931562499997 0.40596824062500003 0.28654885937499996 0.45025814375
3 0.27689983749999997 0.40818403906249995 0.36929153124999997 0.3871050484375 0.360437296875 0.3405089578125 0.26731921875000003 0.361566775 0.27689983749999997 0.40818403906249995
3 0.27105700312500003 0.360956840625 0.35912785 0.34096987031250003 0.35199185625 0.2966742671875 0.258873778125 0.31773289843749997 0.27105700312500003 0.360956840625
3 0.2559894140625 0.3208184046875 0.3484771984375 0.298842834375 0.34113925156249997 0.24888599375 0.248021171875 0.2699438109375 0.2559894140625 0.3208184046875
3 0.38947475625 0.47636319218749995 0.3781661234375 0.4291995109375 0.29214169375 0.44814820781250003 0.2880643328125 0.45141856718750006 0.2964519546875 0.4961644953125 0.38947475625 0.47636319218749995
3 0.4914144953125 0.5007296421875 0.4801058625 0.4535659609375 0.3940814328125 0.47251384375 0.3900048859375 0.475785015625 0.39839169375 0.5205309453125 0.4914144953125 0.5007296421875
3 0.4402801296875 0.6984592828125 0.42897149843750004 0.6512964171875 0.34294706875 0.6702443 0.338870521875 0.6735154718749999 0.3472573296875 0.7182614 0.4402801296875 0.6984592828125
3 0.5230545609374999 0.6344633546875 0.5117459281250001 0.587299675 0.42572149843749996 0.606248371875 0.42164495156250004 0.6095195437500001 0.430031759375 0.654265471875 0.5230545609374999 0.6344633546875
3 0.43052524375 0.6535333875 0.4192166125 0.60636970625 0.3331921828125 0.6253184046875 0.3291156359375 0.6285895765625 0.33750244375 0.6733346906250001 0.43052524375 0.6535333875
3 0.5122231265625 0.588609934375 0.5009153093750001 0.5414462546875 0.41489087968750005 0.5603941375 0.41081351718750003 0.5636653093749999 0.41920114062499997 0.6084112375 0.5122231265625 0.588609934375
3 0.4202825734375 0.60697475625 0.40889413750000003 0.5622499999999999 0.32286970625 0.5811978828125001 0.318793159375 0.5844690546875 0.32717996718750003 0.629214984375 0.4202825734375 0.60697475625
3 0.480031759375 0.45487052187500004 0.4687231265625 0.40770684062500007 0.382698696875 0.42665472343750005 0.37862215 0.42992589531250003 0.3870089578125 0.4746718234375 0.480031759375 0.45487052187500004
3 0.531940553125 0.6770407171875 0.5219682406249999 0.632045603125 0.43594381093749995 0.6509943 0.43186644999999996 0.6542646578125 0.4382019546875 0.6993241046875001 0.531940553125 0.6770407171875
3 0.450565146875 0.7441441375 0.4392573296875 0.69698045625 0.3532328984375 0.7159283390625 0.3491555375 0.7191995109375 0.3575423453125 0.7639454390625 0.450565146875 0.7441441375
3 0.501609934375 0.5447280125 0.49030130312500003 0.4975643328125 0.40427687343749996 0.5165122156249999 0.40019951093749995 0.5197833875 0.40858713281250003 0.564529315625 0.501609934375 0.5447280125
3 0.40939250781250003 0.5654519546875 0.398084690625 0.5182882734375001 0.3120602609375 0.5372369703125 0.30798289843750004 0.5405073296875 0.31637052187500003 0.5852532578125 0.40939250781250003 0.5654519546875
3 0.399123778125 0.521793159375 0.387815146875 0.47462947812499995 0.3017907171875 0.49357736093750004 0.29771335468750004 0.49684853437500004 0.3061009765625 0.5415944625 0.399123778125 0.521793159375
3 0.5432060265625 0.723112378125 0.5318982078125 0.675948696875 0.445873778125 0.6948965796875 0.4417964171875 0.698167753125 0.45018403906250004 0.74291368125 0.5432060265625 0.723112378125
3 0.469078990625 0.8316368078125 0.4596156359375 0.784807003125 0.37359120468749996 0.8037557 0.36951384374999996 0.8070268734375 0.37790065156249997 0.8517728015625 0.469078990625 0.8316368078125
3 0.4586612375 0.78850814375 0.4504169375 0.742659609375 0.3643925078125 0.7616074921875 0.360315146875 0.7648786640624999 0.3686392515625 0.8067565140624999 0.4586612375 0.78850814375
3 0.5511107484375 0.7655887625 0.540873778125 0.7229633546875001 0.4548493484375 0.7419120515625 0.4507719875 0.745183225 0.456184853125 0.784048859375 0.5511107484375 0.7655887625
3 0.58875814375 0.9442011406249999 0.5774495109375 0.8970382734375001 0.49142508124999995 0.91598615625 0.487348534375 0.9192573296875001 0.49573534218750004 0.9640032578125 0.58875814375 0.9442011406249999
3 0.5626050484375 0.8109022796875 0.5512964171875 0.7637386 0.4652719875 0.7826864828125 0.4611954390625 0.7859576546875 0.46958224687500005 0.8307035828125 0.5626050484375 0.8109022796875
3 0.560659609375 0.9984951140625 0.60196416875 0.9875578171875 0.5882386000000001 0.9454470687500001 0.5034918562499999 0.9645912046875 0.500723940625 0.9646864828125 0.5088672640625 0.9991856671875 0.560659609375 0.9984951140625
3 0.5100708468749999 0.9987288281250001 0.4991604234375 0.9628257328125001 0.40604723125 0.9809731265625 0.40580863125000005 0.9812703578124999 0.4111954390625 0.9990838765625 0.5100708468749999 0.9987288281250001
2 0.396393321875 0.936078990625 0.5798672640625 0.8961734531250001 0.564190553125 0.8116017921875001 0.37704234531249997 0.8489576546875 0.396393321875 0.936078990625
0 0.381834690625 0.51950814375 0.37481026093750003 0.479740228125 0.304998371875 0.49419788281250004 0.3156229640625 0.5338330625000001 0.381834690625 0.51950814375
0 0.47163925156250003 0.44795195468750004 0.46442915312500005 0.41730293124999995 0.383171009375 0.4325716609375 0.3865162859375 0.43295358281249996 0.3919079796875 0.46604641718749995 0.47163925156250003 0.44795195468750004
0 0.368390065625 0.42983631874999995 0.35893159531249996 0.390026059375 0.2918021171875 0.40309446250000003 0.29689169375 0.4410171015625 0.368390065625 0.42983631874999995
0 0.44672149843750003 0.3116726390625 0.4408314328125 0.274062703125 0.3644454390625 0.2937214984375 0.3804087953125 0.3299690546875 0.44672149843750003 0.3116726390625
0 0.3315219875 0.2936050484375 0.32843648281250004 0.2572092828125 0.25849185625 0.2730879484375 0.2646579796875 0.30993892500000003 0.3315219875 0.2936050484375
0 0.5278159609374999 0.672890065625 0.5208705218749999 0.63538599375 0.436637621875 0.6517092828125 0.431834690625 0.6560944625 0.43975569999999997 0.69233061875 0.5278159609374999 0.672890065625
0 0.54756921875 0.7606742671875 0.54165309375 0.723700325 0.44988680781249996 0.7493607484375 0.4541384359375 0.782204396875 0.54756921875 0.7606742671875
0 0.5522353421874999 0.8012899015625001 0.5432223125 0.76716368125 0.47188355 0.7882320843749999 0.47887052187499995 0.81982491875 0.5522353421874999 0.8012899015625001
3 0.49936156406250004 0.9620203578125001 0.48805293125000004 0.914856678125 0.40202850156250003 0.9338045609375 0.3979519546875 0.9370757328125 0.4063387625 0.9818216609375 0.49936156406250004 0.9620203578125001
0 0.4958200328125 0.9582556999999999 0.50510830625 0.9466775249999999 0.4984869703125 0.9280521171875 0.4253241046875 0.9468094468749999 0.43118811093750004 0.975285015625 0.4958200328125 0.9582556999999999
3 0.147677525 0.38966042343749996 0.13595032499999998 0.344320846875 0.0502174265625 0.3650920203125 0.0594258953125 0.4117890875 0.147677525 0.38966042343749996
3 0.28243403906250003 0.9681115640625 0.270706840625 0.9227719875 0.184973940625 0.9435439734375001 0.19418322500000001 0.9902410421875001 0.28243403906250003 0.9681115640625
3 0.273098534375 0.9242084687500001 0.2613713359375 0.8788688921875 0.1756384359375 0.8996408796875001 0.18484690625 0.9463379484375001 0.273098534375 0.9242084687500001
3 0.261 0.879171009375 0.2492728015625 0.8338314328124999 0.1635399015625 0.8546034203125 0.172748371875 0.9013004890625 0.261 0.879171009375
3 0.2507467421875 0.8356498374999999 0.23901954375 0.7903102609375 0.1532866453125 0.811082246875 0.1624951140625 0.857779315625 0.2507467421875 0.8356498374999999
3 0.240450325 0.7901408796875 0.2287231265625 0.744801303125 0.142990228125 0.765573290625 0.1521995109375 0.8122695437499999 0.240450325 0.7901408796875
3 0.2310032578125 0.7451938109375 0.219276059375 0.6998542343749999 0.133543159375 0.7206254078125001 0.142751628125 0.7673224750000001 0.2310032578125 0.7451938109375
3 0.19040309375 0.5690464171875 0.1786758953125 0.523706840625 0.09294299687499999 0.544478828125 0.1021522796875 0.5911758953125 0.19040309375 0.5690464171875
3 0.1796995109375 0.5232565140625 0.1679723125 0.4779169375 0.0822394140625 0.4986881109375 0.0914478828125 0.5453851796875 0.1796995109375 0.5232565140625
3 0.13839413750000001 0.344055375 0.1266669375 0.2987157984375 0.0409340390625 0.31948778437500003 0.050143321875 0.3661840390625 0.13839413750000001 0.344055375
3 0.159234528125 0.43608631875 0.1475073296875 0.3907467421875 0.0617744296875 0.4115187296875 0.07098371406250001 0.4582157984375 0.159234528125 0.43608631875
3 0.2191172640625 0.70033631875 0.2100407171875 0.6571229640625 0.12430781718749999 0.6778941374999999 0.135334690625 0.7189185671875 0.2191172640625 0.70033631875
3 0.2102100984375 0.65835260625 0.1984828984375 0.6130130296875 0.11274999999999999 0.633785015625 0.12195928281249999 0.680482084375 0.2102100984375 0.65835260625
3 0.20063517968750003 0.6143648203125001 0.1889079796875 0.56902524375 0.10317508125 0.58979723125 0.1123843640625 0.6364943000000001 0.20063517968750003 0.6143648203125001
3 0.1620447875 0.855456840625 0.15031758906249998 0.8101172640625001 0.064584690625 0.8308892515625 0.073793159375 0.87758631875 0.1620447875 0.855456840625
3 0.1510757328125 0.8114218234375 0.139348534375 0.766082246875 0.053615635937499996 0.786854234375 0.06282410468750001 0.8335504890625 0.1510757328125 0.8114218234375
3 0.142359934375 0.76540309375 0.1306327359375 0.7200635171875 0.0448998375 0.7408355046875 0.05410830625 0.7875325734375 0.142359934375 0.76540309375
3 0.1317882734375 0.7209381109375 0.120061075 0.675598534375 0.0343281765625 0.696370521875 0.043537459375 0.7430675890625 0.1317882734375 0.7209381109375
3 0.1217842015625 0.67771416875 0.110057003125 0.6323745921875 0.0243241046875 0.6531465796875 0.033532573437500005 0.6998436484375 0.1217842015625 0.67771416875
3 0.1859022796875 0.9470219875 0.17417508125 0.9016824109374999 0.0884421828125 0.9224535828124999 0.0976506515625 0.9691506515625001 0.1859022796875 0.9470219875
3 0.174090390625 0.9034633546874999 0.1623631921875 0.858123778125 0.07663029375 0.878895765625 0.0858387625 0.925592834375 0.174090390625 0.9034633546874999
3 0.1011074921875 0.587787459375 0.08938029374999999 0.5424478828125 0.0036473937499999997 0.5632198703125 0.012856678125000002 0.6099169375 0.1011074921875 0.587787459375
3 0.1101465796875 0.6342939734375 0.09841938125000001 0.588954396875 0.0126864828125 0.6097255703125 0.021895765625 0.6564226390625 0.1101465796875 0.6342939734375
3 0 0.5182353421875 0.0024706843749999997 0.5624356671874999 0.09095521250000001 0.543084690625 0.0822548859375 0.498879478125 0.0016327359375 0.5188078171875 0 0.5182353421875
3 0.0015057 0.52036645 0.0802190546875 0.49907003281250006 0.0721131921875 0.4563387625 0.001940553125 0.473887621875 0.0015057 0.52036645
3 0.0053817578125000005 0.42400020468750005 0.0025285015625 0.47568485312500003 0.07102605937499999 0.4549552125 0.0610537453125 0.40888355 0.0053817578125000005 0.42400020468750005
3 0.0024600984374999997 0.37592345312500003 0 0.4259600984375 0.0605602609375 0.40953583125000004 0.0518713359375 0.36429723125 0 0.37538843593750004 0.0024600984374999997 0.37592345312500003
3 0.000031759375 0.377084690625 0.0506840390625 0.36503908749999997 0.0414218234375 0.31773289843749997 0 0.32830944687499997 0.000031759375 0.377084690625
3 0.1496017921875 0.9991856671875 0.1922426703125 0.9903998375 0.18504885937499999 0.9475521171875 0.09876954375 0.9654503249999999 0.09814902343750001 0.9682809453125 0.10567752500000001 0.9991856671875 0.1496017921875 0.9991856671875
0 0.115962540625 0.341187296875 0.1222662859375 0.3266074921875 0.11943566718750001 0.31539495156249997 0.11117019531250001 0.3040700328125 0.1023004890625 0.302909609375 0.0399853421875 0.323177525 0.050063517187499997 0.3545105859375 0.115962540625 0.341187296875
3 0.1708615640625 0.47861644999999997 0.1591343640625 0.4332768734375 0.073401465625 0.454048859375 0.082609934375 0.5007451140625 0.1708615640625 0.47861644999999997
0 0.08138616875 0.46038665468750006 0.08847882812499999 0.48982410468750004 0.15550814375 0.474057003125 0.145 0.443933225 0.08138616875 0.46038665468750006
0 0.220887621875 0.693348534375 0.2259828984375 0.676415309375 0.22561645000000002 0.6679910421875 0.22069136875 0.65911645 0.21466368125000002 0.656226384375 0.12076628593750001 0.67923615625 0.1291425078125 0.7119519546874999 0.220887621875 0.693348534375
0 0.224826546875 0.7822255703125001 0.222917753125 0.7639397390625 0.21543729687500002 0.7568469062500001 0.21225651406249998 0.75126954375 0.1486213359375 0.7689340390625 0.1591815953125 0.8015390874999999 0.224826546875 0.7822255703125001
0 0.20665797968750002 0.8855700328125 0.230281759375 0.8793143328124999 0.239305375 0.8677035828124999 0.2462557 0.8548477203125 0.24336644999999998 0.8469796421875 0.23466123749999998 0.83966368125 0.21881433281249998 0.8444877843749999 0.1649609125 0.8610187296875 0.164631921875 0.8597728015625 0.1737719875 0.8966083062499999 0.20665797968750002 0.8855700328125
0 0.00288835625 0.47529573750000004 0 0.5114967421875 0.0634397390625 0.4937947875 0.052109934375 0.4623452765625 0.00288835625 0.47529573750000004
0 0.26210260625 0.9691986968749999 0.260326546875 0.9377386 0.1920203578125 0.9467516281250001 0.198334690625 0.9819967421875001 0.26210260625 0.9691986968749999