0 0.0328125 0.178125 0.065625 0.04140625
0 0.15078125 0.615625 0.08203125 0.0390625
0 0.30532491875 0.4590162859375 0.303470684375 0.41246905468749995 0.23459283437499998 0.412109934375 0.2328990234375 0.41042345312500006 0.22893566718749997 0.4549812703125 0.30532491875 0.4590162859375
0 0.609944625 0.6337931593749999 0.60828583125 0.5926270359375 0.510407165625 0.596421009375 0.5062467421875 0.594462540625 0.5091848531250001 0.6395276875 0.609944625 0.6337931593749999
0 0.39139495156250004 0.7900105859375001 0.3930618890625 0.6902548859375 0.34146009843749997 0.6951661234375 0.3408745921875 0.7827198703125 0.39139495156250004 0.7900105859375001
0 0 0.5124698703125 0.0033843640625 0.5690146578124999 0.0849258953125 0.5679079796875001 0.0783159609375 0.5601653093750001 0.0803200328125 0.5600570031250001 0.08324022812500001 0.5120301296875 0 0.5124698703125
0 0.09104641718749999 0.5124698703125 0.0845187296875 0.46396579843749997 0.0032573296875 0.46905537500000005 0 0.5110447875 0.09104641718749999 0.5124698703125
0 0 0.4222947875 0.0021506515625 0.4679356671875 0.0798045609375 0.45602605937499996 0.0768713359375 0.42006188906249997 0 0.4222947875
0 0.0006555374999999999 0.421226384375 0.08253990156249999 0.41597149843750003 0.0782173359375 0.4117411546875 0.083450325 0.372473940625 0.002201140625 0.37891938125 0.0006555374999999999 0.421226384375
0 0 0.3840912046875 0.0819991859375 0.3722703578125 0.0798615640625 0.33597557031249997 0.0032573296875 0.34039087968750004 0 0.3840912046875
0 0.086048859375 0.331917753125 0.0833558625 0.292120521875 0.00271416875 0.285921009375 0.000448696875 0.33254397343750003 0.086048859375 0.331917753125
0 0.0844943 0.107237784375 0.08751628593750001 0.057285831249999995 0.00271416875 0.06424185624999999 0.0015586312499999999 0.10380618906250001 0.0844943 0.107237784375
0 0.0791001625 0.0140602609375 0.003795603125 0.0190578171875 0.0034462546875 0.05593973906250001 0.0787190546875 0.0479552125 0.07901954375 0.04815309375 0.0791001625 0.0140602609375
1 0 0.7861530937500001 0.5204364828125 0.779023615625 0.512828990625 0.6933184046875 0.6142980453125 0.6893379484375 0.613820846875 0.2272174265625 0.20563680781250002 0.22916286718749998 0.200092834375 0 0 0.0003770359375 0 0.7861530937500001