1 0 0 0 0.7886620515625 0.9983469062499999 0.7826815953125 0.9991856671875 0.2168102609375 0.720440553125 0.2194771984375 0.7207214984375 0 0 0
3 0.45078125 0.221875 0.08046875 0.0453125
3 0.53515625 0.1765625 0.08046875 0.0453125
3 0.53671875 0.1296875 0.08046875 0.0453125
3 0.53671875 0.08671875 0.08046875 0.0453125
3 0.5375 0.0390625 0.08046875 0.0453125
3 0.453125 0.13359375 0.08046875 0.0453125
3 0.4546875 0.1765625 0.08046875 0.0453125
3 0.45390625 0.0875 0.08046875 0.0453125
3 0.4546875 0.040625 0.08046875 0.0453125
3 0.53515625 0.31171875 0.08046875 0.0453125
3 0.4515625 0.31484375 0.08046875 0.0453125
3 0.53515625 0.2671875 0.08046875 0.0453125
3 0.45234375 0.26796875 0.08046875 0.0453125
3 0.534375 0.22265625 0.08046875 0.0453125
3 0.4515625 0.4484375 0.08046875 0.0453125
3 0.53515625 0.403125 0.08046875 0.0453125
3 0.453125 0.4046875 0.08046875 0.0453125
3 0.53515625 0.35859375 0.08046875 0.0453125
3 0.4515625 0.3609375 0.08046875 0.0453125
3 0.534375 0.49375 0.08046875 0.0453125
3 0.45078125 0.5390625 0.08046875 0.0453125
3 0.45078125 0.49609375 0.08046875 0.0453125
3 0.53515625 0.44921875 0.08046875 0.0453125
3 0.5359375 0.5390625 0.08046875 0.0453125
3 0.23046875 0.0890625 0.08046875 0.0453125
3 0.1515625 0.090625 0.08046875 0.0453125
3 0.23359375 0.0421875 0.08046875 0.0453125
3 0.15 0.04296875 0.08046875 0.0453125
3 0.2328125 0.17890625 0.08046875 0.0453125
3 0.15 0.27109375 0.08046875 0.0453125
3 0.14921875 0.22421875 0.08046875 0.0453125
3 0.14921875 0.1796875 0.08046875 0.0453125
3 0.23125 0.2234375 0.08046875 0.0453125
3 0.15078125 0.13671875 0.08046875 0.0453125
3 0.23125 0.40546875 0.08046875 0.0453125
3 0.23203125 0.31484375 0.08046875 0.0453125
3 0.1515625 0.31484375 0.08046875 0.0453125
3 0.2328125 0.3609375 0.08046875 0.0453125
3 0.14921875 0.3625 0.08046875 0.0453125
3 0.14765625 0.40546875 0.08046875 0.0453125
3 0.23046875 0.2703125 0.08046875 0.0453125
3 0.14765625 0.4953125 0.08046875 0.0453125
3 0.1484375 0.45078125 0.08046875 0.0453125
3 0.2328125 0.45 0.08046875 0.0453125
3 0.2296875 0.540625 0.08046875 0.0453125
3 0.146875 0.54375 0.08046875 0.0453125
3 0.23125 0.49375 0.08046875 0.0453125
3 0.8453125 0.3875 0.08671875 0.046875
3 0.7578125 0.3875 0.08671875 0.046875
3 0.8453125 0.4375 0.08671875 0.046875
3 0.84609375 0.484375 0.08671875 0.046875
3 0.846875 0.5328125 0.08671875 0.046875
3 0.7578125 0.534375 0.08671875 0.046875
3 0.7578125 0.4859375 0.08671875 0.046875
3 0.7578125 0.43671875 0.08671875 0.046875
3 0.15078125 0.01015625 0.08125 0.0203125
3 0.0765625 0.74296875 0.0453125 0.0796875
3 0.26171875 0.74140625 0.0453125 0.0796875
3 0.03203125 0.74296875 0.0453125 0.0796875
3 0.12421875 0.740625 0.0453125 0.0796875
3 0.16875 0.73984375 0.0453125 0.0796875
3 0.21484375 0.73984375 0.0453125 0.0796875
3 0.41953125 0.74140625 0.0453125 0.0796875
3 0.46640625 0.74140625 0.0453125 0.0796875
3 0.51328125 0.7421875 0.0453125 0.0796875
3 0.55625 0.7421875 0.0453125 0.0796875
3 0.6015625 0.740625 0.0453125 0.0796875
0 0.640625 0.73984375 0.04375 0.0921875
3 0.64609375 0.73984375 0.040625 0.08125
3 0.68671875 0.73984375 0.0453125 0.0796875
3 0.73203125 0.73828125 0.0453125 0.0796875
3 0.7765625 0.7390625 0.0453125 0.0796875
3 0.8234375 0.73984375 0.0453125 0.0796875
3 0.86484375 0.7390625 0.0453125 0.0796875
3 0.909375 0.7390625 0.0453125 0.0796875
3 0.9515625 0.73828125 0.0453125 0.0796875
3 0.9875 0.7375 0.025 0.078125
2 0.34140625 0.74296875 0.10703125 0.08203125
0 0.14140625 0.084375 0.08203125 0.0421875
0 0.23203125 0.08515625 0.08203125 0.04140625
0 0.23359375 0.0375 0.08203125 0.04140625
0 0.1421875 0.17734375 0.08203125 0.04140625
0 0.24375 0.22421875 0.0984375 0.0453125
0 0.1609375 0.3015625 0.115625 0.0453125
0 0.14765625 0.3984375 0.09375 0.04453125
0 0.23828125 0.4046875 0.08203125 0.04140625
0 0.140625 0.5359375 0.08359375 0.0421875
0 0.2421875 0.40234375 0.09140625 0.04609375
0 0.140625 0.490625 0.075 0.04296875
0 0.22890625 0.13046875 0.08203125 0.04140625
0 0.22578125 0.49609375 0.07421875 0.040625
0 0.53515625 0.03203125 0.08359375 0.0421875
0 0.53515625 0.0828125 0.09375 0.04453125
0 0.5328125 0.17578125 0.07890625 0.0390625
0 0.53671875 0.31328125 0.0828125 0.0421875
0 0.53671875 0.359375 0.08203125 0.04140625
0 0.54453125 0.39609375 0.075 0.03828125
0 0.53671875 0.44453125 0.0828125 0.04453125
0 0.54609375 0.49140625 0.07734375 0.03984375
0 0.5328125 0.5359375 0.08515625 0.0421875
0 0.7609375 0.43203125 0.0859375 0.05
0 0.59765625 0.74921875 0.03828125 0.0859375
0 0.8640625 0.7390625 0.03671875 0.0875
0 0.509375 0.734375 0.04921875 0.11953125
2 0.1875 0.56796875 0.1640625 0.01171875
2 0.4953125 0.5671875 0.1625 0.0109375
2 0.8046875 0.56484375 0.16015625 0.0078125