0 0.809375 0.50703125 0.0765625 0.04375
0 0.7375 0.240625 0.0875 0.0390625
0 0.62421875 0.16875 0.08046875 0.034375
0 0.13671875 0.8046875 0.08203125 0.034375
0 0.05625 0.39140625 0.07265625 0.03671875
0 0.8296875 0.596875 0.07890625 0.04296875
0 0.7921875 0.4640625 0.0703125 0.0484375
0 0.73984375 0.66640625 0.084375 0.03984375
0 0.72890625 0.1953125 0.08125 0.03671875
0 0.7140625 0.57109375 0.0828125 0.040625
0 0.0125 0.1265625 0.025 0.0421875
0 0.6421875 0.25625 0.07421875 0.03515625
0 0.6765625 0.38984375 0.07734375 0.03515625
0 0.1484375 0.8859375 0.0828125 0.0421875
0 0.86953125 0.71875 0.08203125 0.03671875
0 0.25546875 0.83359375 0.075 0.046875
0 0.70625 0.05390625 0.10859375 0.03984375
0 0.78515625 0.36796875 0.07890625 0.034375
0 0.78984375 0.41484375 0.0984375 0.04765625
0 0.678125 0.43828125 0.0953125 0.03125
0 0.690625 0.484375 0.09453125 0.03515625
0 0.71328125 0.5171875 0.08828125 0.03203125
0 0.0703125 0.93046875 0.0484375 0.06328125
0 0.11237866406250001 0.07102524375 0.10060260624999999 0.0353868078125 0.0229495109375 0.0540423453125 0.028319218750000003 0.09035993437499999 0.11237866406250001 0.07102524375
0 0.10832736093749999 0.0224169375 0.09432491875 0 0.021561075 0.010569218750000001 0.0294731265625 0.0438509765625 0.10832736093749999 0.0224169375
0 0.156848534375 0.1970675890625 0.1453045609375 0.160517915625 0.0610399015625 0.1860439734375 0.0709218234375 0.2239324109375 0.156848534375 0.1970675890625
0 0 0.2937117265625 0.058457654687500006 0.2684144953125 0.0492157984375 0.234478828125 0.000740228125 0.25170276875 0 0.2937117265625
0 0.071751628125 0.3147728015625 0.066526059375 0.2746921828125 0.0016685671874999998 0.29236400625000003 0.0037011406249999996 0.29389983750000004 0.0010065140625 0.33329234531249996 0.071751628125 0.3147728015625
0 0.15858631875 0.299004071875 0.14757166093750002 0.2573037453125 0.0734576546875 0.271690553125 0.0789780125 0.3182980453125 0.15858631875 0.299004071875
0 0.1069617265625 0.4441783390625 0.09422964218749999 0.40632491875000004 0.020728828125 0.42715390937500003 0.0282214984375 0.46835097656249997 0.1069617265625 0.4441783390625
0 0.1127687296875 0.493929153125 0.1029714984375 0.4537532578125 0.0205578171875 0.4762630296875 0.0280504890625 0.5174592828125 0.1127687296875 0.493929153125
0 0.1235814328125 0.5354087953125 0.110848534375 0.497555375 0.0373477203125 0.5183851796875001 0.044840390625 0.5595814328125 0.1235814328125 0.5354087953125
0 0.1410390875 0.579072475 0.1283061890625 0.541218240625 0.054805375 0.5620480453125001 0.06229804531250001 0.6032451140624999 0.1410390875 0.579072475
0 0.14977524375 0.625879478125 0.13704234531249998 0.58802524375 0.06354153125 0.6088550484375 0.0710342015625 0.6500513031249999 0.14977524375 0.625879478125
0 0.1548159609375 0.672165309375 0.1420830625 0.6343118890625 0.068582246875 0.6551408796875 0.07607491875 0.6963379484375001 0.1548159609375 0.672165309375
0 0.16830863125 0.7168151468749999 0.155576546875 0.6789609125 0.08207491875 0.6997907171875 0.0895675890625 0.740987784375 0.16830863125 0.7168151468749999
0 0.2767744296875 0.6885504890624999 0.26899267031249996 0.6509600984375 0.171009771875 0.6766359937499999 0.1788550484375 0.7148509765625 0.2767744296875 0.6885504890624999
0 0.25091938125 0.6493517921875 0.2391351796875 0.612846090625 0.16138599375 0.634438925 0.1691009765625 0.672232084375 0.25091938125 0.6493517921875
0 0.23717996718749998 0.602429153125 0.225395765625 0.565923453125 0.1476465796875 0.5875162859375 0.155362378125 0.625309446875 0.23717996718749998 0.602429153125
0 0.23151465781249997 0.5551742671875 0.2197312703125 0.5186685671875 0.14198208437499998 0.5402614 0.14969706875 0.5780545609375001 0.23151465781249997 0.5551742671875
0 0.21635912031250001 0.5109128671875001 0.20457491874999997 0.4744063515625 0.1268257328125 0.49599918593750003 0.13454153124999998 0.5337923453125 0.21635912031250001 0.5109128671875001
0 0.2030105859375 0.4712687296875 0.191226384375 0.434762215625 0.1134771984375 0.4563558625 0.121192996875 0.4941490234375 0.2030105859375 0.4712687296875
0 0.1930537453125 0.428484528125 0.18126954374999998 0.3919780125 0.10352117187500001 0.4135716609375 0.11123615625000001 0.4513648203125 0.1930537453125 0.428484528125
0 0.187712540625 0.3815301296875 0.1759283390625 0.34502442968749997 0.0981799671875 0.3666172640625 0.10589495156249999 0.4044104234375 0.187712540625 0.3815301296875
0 0.1849283390625 0.3361897390625 0.1731441375 0.299683225 0.0953949515625 0.3212768734375 0.103109934375 0.3590700328125 0.1849283390625 0.3361897390625
0 0.5017369703125001 0.8338517921875 0.49668729687499996 0.7977434859375 0.42106270312499994 0.8131954390624999 0.42345276875 0.814332246875 0.42681270312499997 0.8517443 0.5017369703125001 0.8338517921875
0 0.5955162859375001 0.805834690625 0.5904666125 0.7697271984375 0.514842834375 0.7851783390625 0.517232084375 0.7863159609375 0.5205920203125001 0.8237280124999999 0.5955162859375001 0.805834690625
0 0.5498371328125 0.629811075 0.544787459375 0.5937027687499999 0.46916368124999996 0.6091547234375 0.47155293125000003 0.61029153125 0.4749128671875 0.647704396875 0.5498371328125 0.629811075
0 0.4632947875 0.6474454390625 0.4582451140625 0.6113379484375 0.382620521875 0.6267890875 0.38501058593750004 0.627926709375 0.388370521875 0.6653387625 0.4632947875 0.6474454390625
0 0.5574079796875 0.578951140625 0.5499886 0.540787459375 0.4575407171875 0.5616311078125 0.45993078125000003 0.5627679156250001 0.4632907171875 0.6001799671875 0.5574079796875 0.578951140625
0 0.4532386 0.6070114 0.448188925 0.5709030937499999 0.37256514687500003 0.5863550484375 0.374954396875 0.58749185625 0.3783143328125 0.6249047234375 0.4532386 0.6070114
0 0.53798045625 0.535403909375 0.5329299671875 0.49929560312500004 0.4573061890625 0.5147467421874999 0.45969625468749997 0.5158843640625 0.46305618906249996 0.5532964171875 0.53798045625 0.535403909375
0 0.442535015625 0.5638770359375 0.437484528125 0.5277695437500001 0.3618607484375 0.543220684375 0.3642508140625 0.54435830625 0.3676107484375 0.5817703578125 0.442535015625 0.5638770359375
0 0.5141107484375 0.495637621875 0.509061075 0.45952931562500005 0.43343729687500004 0.47498045624999996 0.435826546875 0.476118078125 0.43918648281249995 0.5135301296875 0.5141107484375 0.495637621875
0 0.43351302968749994 0.5157809453125 0.428462540625 0.4796726390625 0.3528387625 0.49512459218749993 0.355228828125 0.4962614 0.3585887625 0.5336742671875 0.43351302968749994 0.5157809453125
0 0.51750244375 0.44947475625 0.51245276875 0.41336645 0.436828990625 0.4288184046875 0.439218240625 0.4299552125 0.4425781765625 0.467368078125 0.51750244375 0.44947475625
0 0.42568322500000005 0.467995928125 0.42063354999999997 0.43188762187499996 0.345009771875 0.4473395765625 0.3473990234375 0.448476384375 0.3507589578125 0.48588925156249996 0.42568322500000005 0.467995928125
0 0.5056929968749999 0.40931921875 0.5006433218749999 0.3732109125 0.42501954375000006 0.3886620515625 0.4274087953125 0.389799675 0.43076872968749996 0.4272117265625 0.5056929968749999 0.40931921875
0 0.418112378125 0.424293159375 0.41306270312500004 0.388184853125 0.337438925 0.4036368078125 0.339828990625 0.4047744296875 0.343188925 0.4421864828125 0.418112378125 0.424293159375
0 0.4813827359375 0.31365879531249996 0.4763330625 0.2775504890625 0.40070846875 0.29300244375 0.40309853437500004 0.2941392515625 0.40645846875 0.3315521171875 0.4813827359375 0.31365879531249996
0 0.392112378125 0.3343591203125 0.387062703125 0.2982508140625 0.3114381109375 0.31370276874999997 0.3138281765625 0.3148395765625 0.3171881109375 0.352251628125 0.392112378125 0.3343591203125
0 0.382214984375 0.2914869703125 0.377165309375 0.2553786640625 0.30154153125 0.27083061875 0.3039315953125 0.271968240625 0.30729153125 0.30938029375 0.382214984375 0.2914869703125
0 0.36445846875 0.249456840625 0.3615920203125 0.2160089578125 0.28865065156249997 0.2329478828125 0.29209772031250003 0.2649047234375 0.36445846875 0.249456840625
0 0.35157166093750003 0.2040879484375 0.3487052125 0.170640065625 0.27576384374999996 0.187578990625 0.2792109125 0.21953583124999998 0.35157166093750003 0.2040879484375
0 0.45989657968750003 0.17744706875 0.44872312656249996 0.14271498437500002 0.3649462546875 0.16599185624999999 0.3683941375 0.197948696875 0.45989657968750003 0.17744706875
0 0.3515757328125 0.15715635156250002 0.3487092828125 0.12370846875 0.31925325781249997 0.12895684062499999 0.275767915625 0.14064739375 0.279214984375 0.172604234375 0.3515757328125 0.15715635156250002
0 0.44334690625000006 0.136890065625 0.44048045625 0.10344136875000001 0.36753908750000003 0.12038029374999999 0.37098615625 0.1523371328125 0.44334690625000006 0.136890065625
0 0.43100488593749997 0.0929047234375 0.4281384359375 0.05945684062499999 0.35519706875 0.07639495156250001 0.3586441375 0.10835260625000001 0.43100488593749997 0.0929047234375
0 0.34086400625 0.10716368125 0.3379967421875 0.073714984375 0.265055375 0.090653909375 0.2685032578125 0.1226107484375 0.34086400625 0.10716368125
0 0.770438925 0.97128583125 0.7572255703125 0.9368477203125 0.6779315953125 0.9517508140625001 0.690683225 0.9928493484375001 0.770438925 0.97128583125
1 0.48125 0.49921875 0.9578125 0.9984375