0 0.06640625 0.021875 0.05078125 0.04375
0 0.20703125 0.0140625 0.0484375 0.028125
0 0.86875 0.35390625 0.05 0.0796875
0 0 0.7652394140625 0.050096906249999996 0.75819136875 0.044346090625 0.724462540625 0 0.7314071656250001 0 0.7652394140625
0 0.6502386 0.6143118890625 0.6383053750000001 0.577184853125 0.5467662859375 0.6026058625 0.5556547234375 0.6415912046875001 0.6502386 0.6143118890625
0 0.289923453125 0.8873037453125001 0.2832410421875 0.85176954375 0.2124666125 0.8720757328125 0.21767508124999999 0.9048257328125 0.289923453125 0.8873037453125001
0 0.4136001625 0.9590496749999999 0.40646661249999994 0.922870521875 0.3257328984375 0.9424047234374999 0.32986563593749996 0.973184853125 0.4136001625 0.9590496749999999
0 0.5309120515625 0.5533265468749999 0.5231620515625 0.5219128671875 0.45158387656250004 0.5404201953125 0.45914332187499995 0.5699022796875 0.5309120515625 0.5533265468749999
2 0.774165309375 0.2727467421875 0.76279153125 0.22214576562500002 0.7056783390625 0.243206840625 0.7092386 0.29461970625 0.774165309375 0.2727467421875
0 0.9215219875 0.5104894140625 0.9115659609375 0.47844299687499997 0.8469055375 0.49674267031249997 0.858879478125 0.526362378125 0.9215219875 0.5104894140625
2 0.657332246875 0.9975390875000001 0.64438599375 0.952023615625 0.556072475 0.97487215 0.5546547234375 0.9991856671875 0.657332246875 0.9975390875000001
0 0 0.8214666125000001 0.05625814375 0.79654153125 0.0465333875 0.768962540625 0 0.778096090625 0 0.8214666125000001
1 0.9991856671875 0.9991856671875 0.9991856671875 0 0.00465309375 0.003490228125 0.0050032578125 0.9991856671875 0.9991856671875 0.9991856671875