1 0.50078125 0.578125 0.9984375 0.84375
3 0.284375 0.20625 0.0453125 0.08515625
3 0.02421875 0.2078125 0.0421875 0.084375
3 0.06640625 0.2078125 0.0421875 0.084375
3 0.1109375 0.2078125 0.0421875 0.084375
3 0.15390625 0.20859375 0.0421875 0.084375
3 0.19765625 0.20859375 0.0421875 0.084375
3 0.23984375 0.20703125 0.0421875 0.084375
3 0.53828125 0.20546875 0.0421875 0.084375
3 0.490625 0.20390625 0.0421875 0.084375
3 0.44609375 0.20390625 0.0421875 0.084375
3 0.40234375 0.203125 0.0421875 0.084375
3 0.33046875 0.2046875 0.0421875 0.084375
3 0.71640625 0.20390625 0.0421875 0.084375
3 0.6703125 0.20390625 0.0421875 0.084375
3 0.62578125 0.2046875 0.0421875 0.084375
3 0.58359375 0.20390625 0.0421875 0.084375
3 0.896875 0.20234375 0.0421875 0.084375
3 0.85078125 0.20234375 0.0421875 0.084375
3 0.80625 0.203125 0.0421875 0.084375
3 0.76171875 0.2046875 0.0421875 0.084375
3 0.9421875 0.2015625 0.0421875 0.084375
0 0.2828125 0.20625 0.0359375 0.08203125
0 0.490625 0.2015625 0.0421875 0.08828125
0 0.5359375 0.203125 0.0453125 0.10078125
0 0.62890625 0.1875 0.0359375 0.078125
0 0.71484375 0.2015625 0.0390625 0.09375
0 0.89375 0.203125 0.0390625 0.096875
3 0.23828125 0.409375 0.090625 0.053125
3 0.54609375 0.4078125 0.09296875 0.05234375
3 0.8484375 0.4 0.0890625 0.04296875
3 0.240625 0.4578125 0.0875 0.04609375
3 0.45390625 0.5015625 0.09375 0.046875
3 0.15 0.5921875 0.08828125 0.04765625
3 0.1484375 0.68046875 0.09375 0.04453125
3 0.76328125 0.4453125 0.08125 0.04609375
3 0.146875 0.76796875 0.09140625 0.04765625
3 0.146875 0.98125 0.0984375 0.0359375
3 0.84921875 0.4890625 0.0890625 0.04609375
3 0.7640625 0.534375 0.078125 0.04453125
3 0.1453125 0.8625 0.0921875 0.053125
3 0.2421875 0.9828125 0.09453125 0.034375
3 0.2359375 0.725 0.0859375 0.04453125
3 0.9611131921875 0.240551303125 0.9979120515625001 0.24006921874999998 0.9991856671875 0.1566001625 0.963626221875 0.15608061875 0.9611131921875 0.240551303125
3 0.195545603125 0.612328990625 0.28361645 0.613606678125 0.2845814328125 0.568881921875 0.1965635171875 0.5680285015625001 0.195545603125 0.612328990625
3 0.1071726390625 0.5253982078125 0.19524348593750002 0.5266758953124999 0.19620846875 0.481951140625 0.108190553125 0.4810977203125 0.1071726390625 0.5253982078125
3 0.19712540781250001 0.526129478125 0.2851962546875 0.527407165625 0.2861612375 0.4826824109375 0.198143321875 0.48182899062500006 0.19712540781250001 0.526129478125
3 0.1074381109375 0.48105537500000006 0.1948827359375 0.479072475 0.194305375 0.43170195468749994 0.10628745937499999 0.43084853437500004 0.1074381109375 0.48105537500000006
3 0.10595846874999999 0.4294169375 0.194029315625 0.430694625 0.1949943 0.38596987031249996 0.10697638437500001 0.38511645 0.10595846874999999 0.4294169375
3 0.1945276875 0.701995928125 0.28259853437500004 0.703273615625 0.2835635171875 0.658548859375 0.195545603125 0.6576954390624999 0.1945276875 0.701995928125
3 0.10544951093749999 0.656973940625 0.19352035781250002 0.658251628125 0.1944853421875 0.6135268734375 0.1064674265625 0.612673453125 0.10544951093749999 0.656973940625
3 0.19527524375 0.6584796421875 0.283346090625 0.6597573296875 0.284311075 0.6150325734375001 0.196293159375 0.614179153125 0.19527524375 0.6584796421875
3 0.106334690625 0.567694625 0.1944055375 0.5689723125 0.19537052187499998 0.52424755625 0.10735260625000001 0.5233941375 0.106334690625 0.567694625
3 0.1965057 0.5675358312500001 0.284576546875 0.5688135171875001 0.28554153125 0.5240887625 0.197523615625 0.5232353421875 0.1965057 0.5675358312500001
3 0.19203583125 0.7896482078125 0.280106678125 0.7909258953125 0.2810716609375 0.746201140625 0.1930537453125 0.74534690625 0.19203583125 0.7896482078125
3 0.192062703125 0.8358517921875 0.28013355 0.837129478125 0.281098534375 0.7924047234375 0.19308061875 0.791551303125 0.192062703125 0.8358517921875
3 0.5019120515625 0.4786587953125 0.5899828984375 0.4799364828125 0.5909478828125 0.4352117265625 0.5029299671875 0.43435830624999994 0.5019120515625 0.4786587953125
3 0.411307003125 0.43005863125 0.49937785 0.43133631875 0.5003428343749999 0.38661156406249997 0.41232491875 0.38575814375 0.411307003125 0.43005863125
3 0.10360993437499999 0.8368379484374999 0.19168078125000002 0.8381156359374999 0.192645765625 0.7933908796875 0.10462785 0.792537459375 0.10360993437499999 0.8368379484374999
3 0.1915537453125 0.8813135171875001 0.2796245921875 0.8825912046875001 0.2805895765625 0.8378664499999999 0.1925716609375 0.8370130296875 0.1915537453125 0.8813135171875001
3 0.103795603125 0.745543159375 0.19186645 0.746820846875 0.19283143281249998 0.702096090625 0.10481351718750001 0.7012426703125 0.103795603125 0.745543159375
3 0.4113754078125 0.5682565140625 0.4994462546875 0.5695342015625 0.5004112375 0.524809446875 0.41239332187500005 0.5239560265625001 0.4113754078125 0.5682565140625
3 0.5001620515625 0.5237703578125 0.5882328984375 0.5250480453125 0.5891978828125 0.480323290625 0.5011799671875 0.47946987031250005 0.5001620515625 0.5237703578125
3 0.4105219875 0.4781604234375 0.498592834375 0.4794381109375 0.4995578171875 0.4347133546875 0.4115399015625 0.43385993437500003 0.4105219875 0.4781604234375
3 0.40892100937500003 0.6566669375 0.49699185625000003 0.6579446250000001 0.497956840625 0.6132198703125 0.40993892499999995 0.61236645 0.40892100937500003 0.6566669375
3 0.49858794843750004 0.612434853125 0.5866587953125 0.613712540625 0.587623778125 0.568987784375 0.4996058625 0.5681343640625001 0.49858794843750004 0.612434853125
3 0.4107394140625 0.6120903906249999 0.49881026093749997 0.6133680781249999 0.49977524375 0.568643321875 0.4117573296875 0.5677899015625 0.4107394140625 0.6120903906249999
3 0.499515471875 0.568759771875 0.58758631875 0.5700382734375 0.588551303125 0.5253135171875 0.5005333875 0.5244592828125 0.499515471875 0.568759771875
3 0.498301303125 0.7467296421875 0.58637215 0.7480073296875 0.5873371328125 0.7032833875 0.49931921875 0.702429153125 0.498301303125 0.7467296421875
3 0.409822475 0.7454364828125 0.497893321875 0.74671416875 0.49885830625 0.7019894140625 0.41084039062500005 0.70113599375 0.409822475 0.7454364828125
3 0.4986351796875 0.7022223125 0.5867060265624999 0.7035 0.5876710093749999 0.658776059375 0.49965309375 0.6579218234375 0.4986351796875 0.7022223125
3 0.40961563593749994 0.7008387625 0.49768648281249994 0.70211645 0.49865146562499996 0.65739169375 0.41063355 0.6565382734375 0.40961563593749994 0.7008387625
3 0.4972035828125 0.6574128671875 0.5852744296875 0.658690553125 0.5862394140625 0.6139666125 0.4982214984375 0.6131123781250001 0.4972035828125 0.6574128671875
3 0.496106678125 0.8794087953125 0.5841775250000001 0.8806864828125001 0.5851425078125 0.8359617265624999 0.4971245921875 0.8351083062500001 0.496106678125 0.8794087953125
3 0.408815146875 0.8803786640625001 0.49688599375000003 0.8816563515625001 0.4978509765625 0.8369324109375 0.4098330625 0.8360781765624999 0.408815146875 0.8803786640625001
3 0.49705537499999997 0.8357019546875 0.585126221875 0.8369796421875 0.5860912046875 0.7922548859375 0.498073290625 0.791401465625 0.49705537499999997 0.8357019546875
3 0.4082214984375 0.836820846875 0.4962923453125 0.838098534375 0.49725732968749997 0.793373778125 0.40923941406250003 0.7925203578125 0.4082214984375 0.836820846875
3 0.4976017921875 0.7907280125 0.5856726390625 0.7920057 0.586637621875 0.7472809453125 0.49861970624999996 0.746427525 0.4976017921875 0.7907280125
3 0.4093135171875 0.7909828984375 0.4973843640625 0.7922605859375 0.4983493484375 0.74753583125 0.4103314328125 0.7466824109375 0.4093135171875 0.7909828984375
3 0.8046783390625001 0.6438729640624999 0.8927491859375 0.6451506515625 0.8937133546875 0.6004258953125 0.8056962546875001 0.599572475 0.8046783390625001 0.6438729640624999
3 0.7146669375 0.6880464171875 0.8027377843749999 0.6893241046874999 0.80370276875 0.6445993484375 0.715684853125 0.643745928125 0.7146669375 0.6880464171875
3 0.8032785015625 0.6886978828125 0.8913493484374999 0.6899755703125 0.8923143328125 0.6452508140625001 0.8042964171874999 0.64439739375 0.8032785015625 0.6886978828125
3 0.71495846875 0.7354324109375 0.803029315625 0.7367100984375 0.8039942999999999 0.6919853421875 0.715976384375 0.691131921875 0.71495846875 0.7354324109375
3 0.8019315953125 0.7344934859375 0.89000244375 0.735771171875 0.8909674265625 0.6910464171874999 0.8029495109375 0.690192996875 0.8019315953125 0.7344934859375
3 0.8053827359374999 0.5567671015625 0.8934535828125 0.5580447875 0.8944185671874999 0.5133200328124999 0.8064006515625 0.5124666125 0.8053827359374999 0.5567671015625
3 0.80381921875 0.60037785 0.8918900656250001 0.6016555375 0.8928550484375 0.55693078125 0.8048371328125 0.5560773609375 0.80381921875 0.60037785
3 0.7147671015625 0.6021009765625001 0.8028379484375 0.6033786640625001 0.8038029312500001 0.558653909375 0.7157850156250001 0.5578004890625 0.7147671015625 0.6021009765625001
3 0.7162255703125 0.6437508140625 0.8042964171874999 0.6450285015625 0.8052614 0.6003037453125 0.7172434859375 0.5994503250000001 0.7162255703125 0.6437508140625
3 0.718021171875 0.5111938109375 0.806092834375 0.5124714984375001 0.807057003125 0.4677467421875 0.7190390875 0.46689332187500004 0.718021171875 0.5111938109375
3 0.7258745921875 0.42228664531250004 0.804676709375 0.422354234375 0.8035114 0.379984528125 0.7250635171875001 0.3809226390625 0.7258745921875 0.42228664531250004
3 0.407938925 0.9987223125 0.496009771875 0.9991856671875 0.4962231265625 0.9642092828125 0.406254071875 0.9643631921875 0.407938925 0.9987223125
0 0.15 0.403125 0.0859375 0.04140625
0 0.23203125 0.3953125 0.06796875 0.04453125
0 0.15078125 0.45234375 0.0765625 0.03828125
0 0.23359375 0.453125 0.0734375 0.04296875
0 0.15 0.4953125 0.08046875 0.040625
0 0.23984375 0.49921875 0.0703125 0.03515625
0 0.15078125 0.54453125 0.07890625 0.0390625
0 0.14921875 0.5890625 0.07578125 0.03984375
0 0.23671875 0.6796875 0.07734375 0.03515625
0 0.14765625 0.67734375 0.078125 0.040625
0 0.23671875 0.7234375 0.0765625 0.03515625
0 0.14296875 0.71875 0.0765625 0.034375
0 0.14921875 0.76796875 0.07890625 0.0328125
0 0.2359375 0.76875 0.07890625 0.034375
0 0.14921875 0.81328125 0.07578125 0.03359375
0 0.23828125 0.81328125 0.078125 0.0375
0 0.13671875 0.86015625 0.10234375 0.0390625
0 0.44609375 0.8640625 0.09140625 0.03359375
0 0.54765625 0.81015625 0.075 0.04140625
0 0.44375 0.76328125 0.08125 0.0328125
0 0.44921875 0.72109375 0.08203125 0.03671875
0 0.54375 0.68203125 0.08125 0.03984375
0 0.446875 0.675 0.0765625 0.03359375
0 0.45546875 0.62890625 0.07265625 0.03984375
0 0.53671875 0.5859375 0.07109375 0.03984375
0 0.4546875 0.49609375 0.07890625 0.0375
0 0.45625 0.44921875 0.071875 0.03828125
0 0.55546875 0.40234375 0.07109375 0.03828125
0 0.75859375 0.4375 0.0796875 0.03671875
0 0.85078125 0.48203125 0.078125 0.0359375
0 0.76171875 0.53125 0.07578125 0.03671875
0 0.83046875 0.6671875 0.10625 0.0390625
0 0.7546875 0.71484375 0.0890625 0.03671875
0 0.84375 0.3953125 0.06953125 0.03046875
0 0.14453125 0.98046875 0.08359375 0.0359375
0 0.240625 0.9828125 0.08515625 0.03359375
0 0.45078125 0.9828125 0.07109375 0.0328125