1 0.0008143328125 0.9991856671875 0.9991856671875 0.9979161234375 0.9991856671875 0.0016791531249999998 0.0021718234375 0.00303583125 0.0008143328125 0.9991856671875
3 0.543370521875 0.141548859375 0.631234528125 0.120565146875 0.6215855046875001 0.075326546875 0.534315146875 0.09698860000000001 0.543370521875 0.141548859375
3 0.574676709375 0.2743713359375 0.6625407171875 0.253387621875 0.65289169375 0.2081482078125 0.5656213359375 0.22981107500000003 0.574676709375 0.2743713359375
3 0.5631726390625 0.23158143281250002 0.6510366453125 0.21059772031250001 0.641387621875 0.1653591203125 0.5541172640625 0.187021171875 0.5631726390625 0.23158143281250002
3 0.55405863125 0.18635830625 0.6419226390625 0.1653745921875 0.6322736156250001 0.12013599374999999 0.5450032578124999 0.1417980453125 0.55405863125 0.18635830625
3 0.50499185625 0.3853501625 0.5928558625 0.36436645 0.5832068406250001 0.31912785 0.49593648281249997 0.3407899015625 0.50499185625 0.3853501625
3 0.493545603125 0.3428045609375 0.581409609375 0.321820846875 0.5717605859375 0.276582246875 0.48449022812500003 0.2982443 0.493545603125 0.3428045609375
3 0.48466530937499996 0.2973216609375 0.572529315625 0.27633794843750004 0.5628802937499999 0.2310993484375 0.475609934375 0.25276139999999997 0.48466530937499996 0.2973216609375
3 0.4734576546875 0.2511498375 0.5613216609375 0.2301661234375 0.5516726390625 0.184927525 0.46440227968750003 0.20658957656250002 0.4734576546875 0.2511498375
3 0.4654951140625 0.20833957656250002 0.5533591203125 0.1873550484375 0.5437100984375001 0.14211645 0.4564397390625 0.163779315625 0.4654951140625 0.20833957656250002
3 0.4539796421875 0.1635244296875 0.5418436484375 0.1425407171875 0.532194625 0.097301303125 0.4449242671875 0.11896416875 0.4539796421875 0.1635244296875
3 0.5250855046875 0.472328990625 0.6129495109375 0.4513452765625 0.6033004890625 0.406106678125 0.5160301296875 0.4277687296875 0.5250855046875 0.472328990625
3 0.5710773609375 0.6979462546875 0.65894136875 0.6769617265625001 0.6492923453125 0.6317231265625 0.5620219875 0.65338599375 0.5710773609375 0.6979462546875
3 0.5150545609375 0.428951140625 0.6029185671875 0.4079674265625 0.59326954375 0.3627280125 0.5059991859374999 0.3843908796875 0.5150545609375 0.428951140625
3 0.594929153125 0.3656604234375 0.682793159375 0.3446758953125 0.6731441375 0.299437296875 0.5858737781250001 0.3211001625 0.594929153125 0.3656604234375
3 0.584776059375 0.3201563515625 0.6726408796875 0.29917263906249997 0.66299185625 0.25393322500000004 0.5757214984375 0.275596090625 0.584776059375 0.3201563515625
3 0.43369055312500004 0.0715936484375 0.5215545609375 0.050609934375 0.5119055375 0.0053713359375 0.42463517968750003 0.0270333875 0.43369055312500004 0.0715936484375
3 0.5318184046875001 0.09829315937500001 0.6196824109375 0.07730944687499999 0.6100333874999999 0.032070032812499996 0.5227630296875 0.053732898437499996 0.5318184046875001 0.09829315937500001
3 0.44364169374999995 0.1179674265625 0.5315057000000001 0.0969837140625 0.521856678125 0.0517443 0.43458631875 0.073407165625 0.44364169374999995 0.1179674265625
3 0.7146506515625 0.904237784375 0.8025146578125 0.8832540718749999 0.7928656359375 0.8380154718749999 0.7055952765625 0.859677525 0.7146506515625 0.904237784375
3 0.625487784375 0.9252907171875 0.7133517921875 0.904307003125 0.70370276875 0.8590684046874999 0.6164324109375 0.88073045625 0.625487784375 0.9252907171875
3 0.651026059375 0.6298412046874999 0.7388900656249999 0.6088574921875 0.7292410421875 0.563618078125 0.641970684375 0.5852809453125001 0.651026059375 0.6298412046874999
3 0.56404153125 0.651779315625 0.6519055375 0.6307956031249999 0.6422565140625001 0.5855561890625001 0.55498615625 0.6072190546875 0.56404153125 0.651779315625
3 0.643438925 0.5866327359375 0.73130293125 0.5656490234375 0.721653909375 0.5204096093749999 0.63438355 0.542072475 0.643438925 0.5866327359375
3 0.5551978828124999 0.6075952765625 0.6430618890625001 0.5866115640625 0.6334128671875 0.54137215 0.5461425078125 0.5630350156249999 0.5551978828124999 0.6075952765625
3 0.6344991859375 0.540895765625 0.7223640062500001 0.5199112375 0.712714984375 0.47467263906249996 0.625444625 0.496334690625 0.6344991859375 0.540895765625
3 0.5446522796875 0.5619161234375001 0.6325162859375 0.5409324109375 0.622868078125 0.4956938109375 0.5355977203125 0.5173558625 0.5446522796875 0.5619161234375001
3 0.6250944625 0.496223940625 0.71295846875 0.475240228125 0.703309446875 0.43000081406249996 0.6160390875 0.45166368125 0.6250944625 0.496223940625
3 0.53524185625 0.5180399015625 0.6231058625 0.49705618906250004 0.6134576546875 0.45181758906249997 0.526187296875 0.4734796421875 0.53524185625 0.5180399015625
3 0.6159649843749999 0.453561075 0.703828990625 0.4325773609375 0.6941799671875 0.3873387625 0.6069096093749999 0.4090008140625 0.6159649843749999 0.453561075
3 0.2735635171875 0.3435578171875 0.36142752499999997 0.32257410468750003 0.3517785015625 0.277334690625 0.26450814375 0.29899755625 0.2735635171875 0.3435578171875
3 0.6955798046874999 0.8093118890625 0.7834438109375 0.7883281765625 0.7737947875 0.7430895765625001 0.6865244296874999 0.764751628125 0.6955798046874999 0.8093118890625
3 0.6079543968750001 0.833084690625 0.6958184046875 0.8121009765625 0.68616938125 0.766862378125 0.5988990234375 0.7885244296875 0.6079543968750001 0.833084690625
3 0.6859943000000001 0.7654356671875 0.77385830625 0.7444519546875 0.7642092828125 0.6992133546875 0.676938925 0.7208754078124999 0.6859943000000001 0.7654356671875
3 0.6736522796875 0.721442996875 0.7615162859375 0.7004592828125 0.7518672640624999 0.6552198703125 0.66459690625 0.6768827359375 0.6736522796875 0.721442996875
3 0.660964984375 0.6771742671875 0.7488298046875 0.656190553125 0.73918078125 0.610951140625 0.6519104234374999 0.6326140062500001 0.660964984375 0.6771742671875
3 0.5958770359375001 0.7870399015625 0.6837410421875 0.7660561890625 0.6740920203125 0.7208175890625 0.5868216609375 0.7424796421875001 0.5958770359375001 0.7870399015625
3 0.6731270359375 0.7217133546875 0.7609910421875 0.7007296421875 0.7513420203125001 0.655490228125 0.6640716609374999 0.67715309375 0.6731270359375 0.7217133546875
3 0.582887621875 0.744515471875 0.67075244375 0.7235317593749999 0.6611034203124999 0.6782923453125 0.5738330625 0.6999552125 0.582887621875 0.744515471875
3 0.60463029375 0.40763355 0.6924943 0.3866490234375 0.6828452765625 0.3414104234375 0.59557491875 0.363073290625 0.60463029375 0.40763355
3 0.2332557 0.1645798046875 0.32111970625 0.14359527656249998 0.31147068437500003 0.098356678125 0.22420032499999998 0.12001954374999999 0.2332557 0.1645798046875
3 0.144543159375 0.185531759375 0.23240716562500002 0.1645480453125 0.22275814375 0.11930863124999999 0.135487784375 0.1409714984375 0.144543159375 0.185531759375
3 0.242687296875 0.2093786640625 0.330551303125 0.1883941375 0.32090227968749996 0.1431555375 0.23363192187499998 0.1648184046875 0.242687296875 0.2093786640625
3 0.1564242671875 0.2299120515625 0.24428827343749998 0.208927525 0.23463925156249998 0.163688925 0.1473688921875 0.1853509765625 0.1564242671875 0.2299120515625
3 0.254218240625 0.2538754078125 0.342082246875 0.2328908796875 0.332433225 0.1876522796875 0.2451628671875 0.209315146875 0.254218240625 0.2538754078125
3 0.164604234375 0.2750920203125 0.252468240625 0.25410830624999997 0.24281921875 0.20886970625 0.15554885937500001 0.23053175937499998 0.164604234375 0.2750920203125
3 0.261698696875 0.2995382734375 0.34956270312500004 0.27855456093750003 0.33991368125 0.23331514687500002 0.252643321875 0.25497801249999996 0.261698696875 0.2995382734375
3 0.17716368124999998 0.3202410421875 0.2650276875 0.29925732968749996 0.2553786640625 0.254017915625 0.1681091203125 0.27568078125 0.17716368124999998 0.3202410421875
3 0.1865105859375 0.3647589578125 0.2743745921875 0.34377524375 0.2647255703125 0.29853583125 0.17745521250000001 0.320198696875 0.1865105859375 0.3647589578125
3 0.23574185625 0.5849258953125 0.32279153125 0.56394136875 0.313956840625 0.51870276875 0.2266864828125 0.5403648203125 0.23574185625 0.5849258953125
3 0.303740228125 0.4793118890625 0.39079071718749997 0.45832736093750004 0.3819560265625 0.4130887625 0.2946856671875 0.4347508140625 0.303740228125 0.4793118890625
3 0.1956506515625 0.40977524374999996 0.28351465781249996 0.38879153125 0.2738656359375 0.3435521171875 0.1865952765625 0.365214984375 0.1956506515625 0.40977524374999996
3 0.21324185624999997 0.4991978828125 0.3011058625 0.47821416875 0.291456840625 0.43297475625 0.20418648281250001 0.454637621875 0.21324185624999997 0.4991978828125
3 0.292956840625 0.43217833906249997 0.380820846875 0.411194625 0.3711718234375 0.36595521249999996 0.28390227968750004 0.387618078125 0.292956840625 0.43217833906249997
3 0.2036881109375 0.4540048859375 0.2915521171875 0.433021171875 0.28190309375 0.3877825734375 0.1946327359375 0.409444625 0.2036881109375 0.4540048859375
3 0.283212540625 0.38613355 0.371076546875 0.3651498375 0.36142752499999997 0.3199104234375 0.27415716562500003 0.341573290625 0.283212540625 0.38613355
3 0.22138517968750002 0.11957247499999998 0.3092491859375 0.09858794843749999 0.2996001625 0.0533493484375 0.2123298046875 0.075012215625 0.22138517968750002 0.11957247499999998
3 0.1333298046875 0.141415309375 0.2211938109375 0.12043078125 0.2115447875 0.0751921828125 0.1242744296875 0.09685504843750001 0.1333298046875 0.141415309375
3 0.2935399015625 0.4339242671875 0.380590390625 0.412940553125 0.37175569999999997 0.36770114062500003 0.2844853421875 0.38936400625 0.2935399015625 0.4339242671875
3 0.3438159609375 0.6555366453125 0.43167996718749996 0.6345521171875 0.4220309453125 0.5893135171874999 0.3347605859375 0.610976384375 0.3438159609375 0.6555366453125
3 0.2549812703125 0.6777662859375 0.34284527656249997 0.6567825734375 0.33319625468749997 0.611543159375 0.2459258953125 0.6332060265624999 0.2549812703125 0.6777662859375
3 0.3332174265625 0.6102605859375 0.421082246875 0.5892768734375 0.411433225 0.5440374593749999 0.3241628671875 0.565700325 0.3332174265625 0.6102605859375
3 0.24389576562499998 0.6306188921875 0.331759771875 0.6096351796875 0.3221107484375 0.5643957656249999 0.234840390625 0.58605863125 0.24389576562499998 0.6306188921875
3 0.325001628125 0.565876221875 0.41181026093749995 0.5461058624999999 0.40157817656250006 0.5014771984374999 0.31470439687499996 0.517444625 0.325001628125 0.565876221875
3 0.385173453125 0.83569706875 0.47303827343749993 0.814712540625 0.4633892515625 0.769473940625 0.3761188921875 0.7911368078125001 0.385173453125 0.83569706875
3 0.294287459375 0.8581172640625001 0.3821522796875 0.8371335500000001 0.3725032578125 0.7918949515625 0.2852328984375 0.8135570031249999 0.294287459375 0.8581172640625001
3 0.3745439734375 0.7913379484374999 0.46240797968749997 0.770354234375 0.45275895781250003 0.7251148203125 0.3654886 0.7467776875000001 0.3745439734375 0.7913379484374999
3 0.2852964171875 0.812295603125 0.3731604234375 0.7913110750000001 0.36351140000000004 0.746072475 0.2762410421875 0.7677353421875 0.2852964171875 0.812295603125
3 0.36554723125 0.746687296875 0.4534112375 0.7257035828125 0.44376221562499996 0.680464984375 0.35649185625 0.7021270359375 0.36554723125 0.746687296875
3 0.2772907171875 0.7681587953125 0.3651547234375 0.74717508125 0.35550570000000004 0.7019364828125 0.2682353421875 0.723598534375 0.2772907171875 0.7681587953125
3 0.35429723125 0.7024397390625 0.44216123749999997 0.6814560265625 0.432512215625 0.6362174265625 0.34524185625000003 0.657879478125 0.35429723125 0.7024397390625
3 0.267907165625 0.7236628671875 0.35577117187499996 0.7026783390625 0.34612215 0.6574397390625 0.2588517921875 0.6791017921875 0.267907165625 0.7236628671875
3 0.837626221875 0.447223940625 0.9254910421875 0.426240228125 0.9158420203125001 0.381001628125 0.8285716609374999 0.40266368124999996 0.837626221875 0.447223940625
3 0.9006856671874999 0.3329698703125 0.987631921875 0.3144828984375 0.9814234531249999 0.2765276875 0.89415309375 0.2981897390625 0.9006856671874999 0.3329698703125
3 0.81170276875 0.3547060265625 0.8994022796875001 0.333701140625 0.8906693812500001 0.2965146578125 0.8033990234375 0.318176709375 0.81170276875 0.3547060265625
3 0.8930977203125 0.2976490234375 0.9809617265625 0.276665309375 0.971312703125 0.2314258953125 0.8840423453125 0.2530887625 0.8930977203125 0.2976490234375
3 0.80529723125 0.31509690625000003 0.8931612375 0.2941131921875 0.8835122156249999 0.24887377812499997 0.79624185625 0.2705366453125 0.80529723125 0.31509690625000003
3 0.7945928343750001 0.2722386 0.8824576546875 0.251254071875 0.8728086312500001 0.20601547187499997 0.7855382734374999 0.22767833906249998 0.7945928343750001 0.2722386
3 0.8849332249999999 0.250787459375 0.9727972312500001 0.2298037453125 0.9631482078125 0.184565146875 0.87587785 0.2062271984375 0.8849332249999999 0.250787459375
3 0.42054071718749997 0.9699340390625 0.5036506515625 0.9456058625000001 0.49400162812500004 0.90599755625 0.41148615624999996 0.9253737781250001 0.42054071718749997 0.9699340390625
3 0.315515471875 0.9433412046875 0.403379478125 0.9223574921875001 0.39373045625 0.8771188921874999 0.3064600984375 0.8987809453125 0.315515471875 0.9433412046875
3 0.4044079796875 0.9262646578125 0.4922719875 0.9052809453125 0.4826229640625 0.8600423453125 0.39535260625 0.8817043968749999 0.4044079796875 0.9262646578125
3 0.39361400625 0.8814128671875 0.48147801250000005 0.860429153125 0.471828990625 0.8151897390625 0.38455863125 0.8368526062500001 0.39361400625 0.8814128671875
3 0.30507654687499997 0.901951140625 0.392940553125 0.8809674265625 0.38329153125 0.8357288281249999 0.296021171875 0.8573908796874999 0.30507654687499997 0.901951140625
3 0.8651848531249999 0.5826758953125 0.9530488593750001 0.5616921828125 0.9433998375 0.51645276875 0.856129478125 0.5381156359375 0.8651848531249999 0.5826758953125
3 0.8552491859375 0.5390537453124999 0.9431131921875 0.5180700328125 0.9334641687499999 0.4728314328125 0.8461938109375 0.49449348593750003 0.8552491859375 0.5390537453124999
3 0.8472646578124999 0.4925268734375 0.9351294781249999 0.471543159375 0.9254804562500001 0.42630374531250004 0.8382100984375 0.44796661249999997 0.8472646578124999 0.4925268734375
3 0.85337215 0.11703827343749999 0.9412369703125 0.09605374531250001 0.9315879484374999 0.050815146874999995 0.8443175890625 0.0724780125 0.85337215 0.11703827343749999
3 0.7655561890625 0.13571579843749998 0.8534201953125 0.114732084375 0.8437711718750001 0.0694926703125 0.7565008140625 0.0911555375 0.7655561890625 0.13571579843749998
3 0.863964984375 0.15983794843750002 0.951828990625 0.138854234375 0.9421799671875 0.0936156359375 0.854909609375 0.1152776875 0.863964984375 0.15983794843750002
3 0.7742882734375 0.18053583125 0.8621522796875001 0.1595521171875 0.8525032578125 0.114312703125 0.7652328984375 0.13597557031250002 0.7742882734375 0.18053583125
3 0.8723786640625001 0.20636563593749999 0.9602426703125 0.1853811078125 0.9505936484375 0.14014250781249998 0.8633232906250001 0.161805375 0.8723786640625001 0.20636563593749999
3 0.7862214984375 0.226299675 0.8740863187500001 0.2053159609375 0.864437296875 0.160076546875 0.7771669375 0.1817394140625 0.7862214984375 0.226299675
3 0.9065 0.762051303125 0.99436400625 0.7410675890625 0.9847149843749999 0.695828990625 0.8974454390625001 0.7174910421875 0.9065 0.762051303125
3 0.8967402281249999 0.718259771875 0.984604234375 0.697276059375 0.9749552125 0.652037459375 0.8876848531249999 0.6736995109375 0.8967402281249999 0.718259771875
3 0.886454396875 0.6730952765625 0.97431921875 0.6521115640625 0.9646701953125 0.6068729640625 0.8773998375 0.628535015625 0.886454396875 0.6730952765625
3 0.876328990625 0.62875814375 0.964192996875 0.607773615625 0.9545439734375 0.562535015625 0.867273615625 0.5841978828125 0.876328990625 0.62875814375
3 0.91213599375 0.857820846875 0.9991856671875 0.83683631875 0.9903509765624999 0.7915977203125 0.90308061875 0.8132605859375 0.91213599375 0.857820846875
2 0.3973420203125 0.9296799671875 0.37020846875 0.9333591203125 0.3539055375 0.9419796421875001 0.34096416875 0.9512149843750001 0.33942670937499997 0.9678306187500001 0.3403656359375 0.9795423453125001 0.47489983750000003 0.9963957656250001 0.4927296421875 0.9913908796875001 0.498990228125 0.98325814375 0.49812622187500005 0.9676188921875 0.49166938125000004 0.9623013031250001 0.4805675890625 0.95948615625 0.4660887625 0.9560447875 0.41883469062499995 0.9692776875 0.4117947875 0.9309315953124999 0.3973420203125 0.9296799671875
2 0.6511954390625 0.9427011406249999 0.6565130296875 0.9513110749999999 0.665271171875 0.9580757328124999 0.6690781765625 0.9574503249999999 0.7876547234375 0.9274324109375 0.7935977203125 0.919612378125 0.7964128671874999 0.9102280125 0.7957980453125 0.9002190546875 0.7893403906249999 0.894276059375 0.780417753125 0.8898908796875 0.6568949515625 0.9188379484375 0.651799675 0.929637621875 0.6511954390625 0.9427011406249999
2 0.9649731265625 0.8480561890624999 0.9545130296875 0.8542060265625 0.9529755703125 0.8646661234374999 0.9539136812500001 0.8754552125 0.9617337140625001 0.884065146875 0.9714307812499999 0.886206840625 0.9808143328125001 0.885267915625 0.9970798046875 0.8808892515625001 0.9991856671875 0.8369063515624999 0.9961995109374999 0.8374047234375 0.9821131921875 0.8443664500000001 0.9649731265625 0.8480561890624999
2 0.3915048859375 0.49896905468749997 0.3803501625 0.46061726406250003 0.2334421828125 0.49674267031249997 0.24187703593749998 0.5357630296875 0.3915048859375 0.49896905468749997
2 0.9900977203125001 0.36266938125000003 0.9749934859374999 0.3193925078125 0.8292614 0.3528770359375 0.8407557000000001 0.395698696875 0.9900977203125001 0.36266938125000003
3 0.8426311078125 0.07491612343750001 0.9304951140625001 0.053932410937499994 0.920846090625 0.008693810937500001 0.8335765468749999 0.030355862500000004 0.8426311078125 0.07491612343750001
3 0.7553558625 0.094082246875 0.8432198703125 0.0730977203125 0.8335708468749999 0.027859120312500003 0.7463004890625 0.049521171875 0.7553558625 0.094082246875
3 0.2155423453125 0.07632166093750001 0.3034063515625 0.0553371328125 0.2937573296875 0.010098534374999999 0.2064869703125 0.0317614 0.2155423453125 0.07632166093750001
3 0.12453420156249999 0.098376221875 0.2123990234375 0.0773925078125 0.20274999999999999 0.03215309375 0.1154796421875 0.0538159609375 0.12453420156249999 0.098376221875
3 0.100137621875 0 0.114403909375 0.05565146562499999 0.20291530937500002 0.0314120515625 0.19679723124999998 0.0013574921875 0.100137621875 0
3 0.1946074921875 0 0.20369462500000002 0.035346090625 0.2945171015625 0.008143321875 0.28910912031249997 0 0.1946074921875 0
3 0.41585016250000006 0 0.42345276875 0.028501628125 0.5116188921875 0.0060333875 0.5100285015625 0 0.41585016250000006 0
3 0.5107280125 0 0.5253982078125 0.0522052125 0.606677525 0.028501628125 0.600962540625 0 0.5107280125 0
3 0.756915309375 0 0.7356449515625 0.00074755625 0.7464714984375 0.04750244375 0.8355757328125 0.0276270359375 0.8275863187500001 0 0.756915309375 0
3 0.9197239406250001 0.0107255703125 0.9160545609374999 0.0012402281249999998 0.8296327359375001 0.000190553125 0.82654723125 0 0.836609934375 0.03090309375 0.9197239406250001 0.0107255703125
3 0.12484283437499999 0.6554315953125001 0.115734528125 0.61380293125 0.028501628125 0.6338216609375 0.037938925 0.6778200328125 0.12484283437499999 0.6554315953125001
3 0.1392052125 0.703273615625 0.127822475 0.6561311078125 0.0405895765625 0.6761498375 0.048610748437500004 0.723684853125 0.1392052125 0.703273615625
3 0.1510276875 0.7472296421875 0.1396449515625 0.7000871328125 0.05241205156249999 0.7201058625 0.060433225 0.7676408796875 0.1510276875 0.7472296421875
3 0.1617532578125 0.7911742671875001 0.150370521875 0.7440325734375001 0.06313762187500001 0.764051303125 0.0711587953125 0.8115863187500001 0.1617532578125 0.7911742671875001
3 0.169434853125 0.8402092828125 0.15805293125 0.7930675890625001 0.07081921875 0.8130863187499999 0.078840390625 0.860620521875 0.169434853125 0.8402092828125
3 0.10698208437500001 0.5701758953125 0.0955993484375 0.5230333875000001 0.008365635937500001 0.5430521171875 0.016387621875 0.5905871328125001 0.10698208437500001 0.5701758953125
3 0.11574511406250002 0.6156482078125001 0.10667996718749999 0.56862215 0.0194462546875 0.58864169375 0.030389251562500004 0.6365578171874999 0.11574511406250002 0.6156482078125001
3 0.0983509765625 0.5231074921875 0.0872328984375 0.47958631875 0 0.4996058625 0.0090977203125 0.544293159375 0.0983509765625 0.5231074921875
3 0.1797947875 0.8863868078125 0.1684120515625 0.8392443 0.08117833906250001 0.85926384375 0.089200325 0.9067980453125 0.1797947875 0.8863868078125
3 0 0.5003688921875 0.087535015625 0.48261400625000006 0.0765659609375 0.437676709375 0.0013574921875 0.45466856718750004 0 0.5003688921875
3 0 0.45655130312500003 0.076407165625 0.43813273593749996 0.064578990625 0.3918338765625 0 0.40580863125000005 0 0.45655130312500003
3 0 0.4104104234375 0.0637100984375 0.394537459375 0.053965798437500004 0.3483550484375 0 0.35966368125 0 0.4104104234375
3 0 0.3595944625 0.051855048437499995 0.3479047234375 0.0421213359375 0.3033444625 0.0013574921875 0.3108037453125 0 0.3595944625
3 0.00272475625 0.31107410468749996 0.042779315624999995 0.3015944625 0.0325675890625 0.25802524375 0 0.26330048906250003 0.00272475625 0.31107410468749996
3 0 0.2637671015625 0.0346148203125 0.2569812703125 0.027075732812499996 0.21077198749999998 0.001187296875 0.21554885937499998 0 0.2637671015625
3 0.0002809453125 0.6905073296875 0.038490228125 0.679734528125 0.0276270359375 0.634781759375 0 0.64060830625 0.0002809453125 0.6905073296875
3 0 0.7402312703125 0.0478631921875 0.7255407171875 0.040260585937499996 0.679373778125 0 0.69082491875 0 0.7402312703125
3 0.00040797968749999995 0.788073290625 0.059436482812500004 0.76982491875 0.0491091203125 0.7264788281250001 0 0.736970684375 0.00040797968749999995 0.788073290625
3 0 0.8333387625 0.0701881109375 0.8142687296875 0.0614934859375 0.770137621875 0 0.7874796421875 0 0.8333387625
3 0.0808656359375 0.8584894140625 0.0729714984375 0.8125936484375 0 0.831976384375 0.0003021171875 0.8794625406250001 0.0808656359375 0.8584894140625
3 0 0.9242084687500001 0.0887443 0.9042589578125 0.0808925078125 0.859126221875 0 0.8781213359375 0 0.9242084687500001
2 0.0204592828125 0.9364079796875 0.0210952765625 0.9484161234374999 0.028289901562500004 0.9539617265624999 0.050179967187499994 0.9546351796874999 0.0738257328125 0.9508811078124999 0.0875887625 0.94650244375 0.1107939734375 0.9469315953124999 0.12330537500000001 0.94939169375 0.1403395765625 0.9496986968750001 0.1536628671875 0.9487500000000001 0.16742589531250002 0.935612378125 0.1677491859375 0.9227882734374999 0.1631368078125 0.914342834375 0.1499144953125 0.9096506515625 0.128548859375 0.9093273609375 0.11250081406250001 0.9093273609375 0.097677525 0.9111718234374999 0.0868729640625 0.9105464171875 0.0767092828125 0.9102337140625 0.06188599375 0.913923453125 0.032573290625 0.9188379484375 0.0256864828125 0.9271620515624999 0.0204592828125 0.9364079796875
0 0.19296875 0.14921875 0.06875 0.040625
0 0.271875 0.12734375 0.07578125 0.0421875
0 0.175 0.10703125 0.07421875 0.040625
0 0.2671875 0.0828125 0.1109375 0.05390625
0 0.14609375 0.01796875 0.0890625 0.0359375
0 0.1921875 0.19453125 0.078125 0.05
0 0.19609375 0.24453125 0.09921875 0.05703125
0 0.29375 0.22109375 0.07265625 0.046875
0 0.2375 0.37265625 0.07890625 0.04296875
0 0.32734375 0.353125 0.08125 0.04296875
0 0.34140625 0.4015625 0.0765625 0.0484375
0 0.3421875 0.43984375 0.08515625 0.0484375
0 0.2671875 0.55546875 0.07890625 0.0546875
0 0.359375 0.53046875 0.08046875 0.05390625
0 0.2859375 0.6 0.078125 0.04375
0 0.37109375 0.578125 0.07890625 0.05078125
0 0.29375 0.64140625 0.08359375 0.04765625
0 0.38046875 0.6203125 0.0796875 0.0484375
0 0.3140625 0.69296875 0.0703125 0.04375
0 0.3921875 0.66796875 0.07421875 0.04609375
0 0.32109375 0.73203125 0.07890625 0.04375
0 0.40625 0.71328125 0.0765625 0.0515625
0 0.3375 0.82578125 0.08203125 0.04765625
0 0.3515625 0.91171875 0.0859375 0.04765625
0 0.46171875 0.9375 0.065625 0.04296875
0 0.01796875 0.2375 0.03125 0.0359375
0 0.04375 0.4671875 0.07421875 0.04375
0 0.04140625 0.51328125 0.0703125 0.04765625
0 0.0484375 0.55625 0.08125 0.046875
0 0.065625 0.6046875 0.078125 0.04609375
0 0.08203125 0.68828125 0.0828125 0.0609375
0 0.01875 0.7078125 0.0375 0.040625
0 0.09609375 0.740625 0.07578125 0.0484375
0 0.028125 0.7546875 0.0484375 0.03515625
0 0.1140625 0.7828125 0.06640625 0.040625
0 0.03203125 0.79453125 0.0640625 0.04765625
0 0.040625 0.846875 0.06796875 0.04609375
0 0.12578125 0.8296875 0.06015625 0.04140625
0 0.03828125 0.88828125 0.0734375 0.0421875
0 0.12734375 0.8828125 0.07265625 0.04140625
0 0.49140625 0.13125 0.07421875 0.046875
0 0.609375 0.19296875 0.08125 0.05
0 0.515625 0.26015625 0.0828125 0.04609375
0 0.6171875 0.28359375 0.078125 0.04609375
0 0.528125 0.30703125 0.084375 0.05078125
0 0.56875 0.0625 0.08359375 0.04765625
0 0.55546875 0.01875 0.08203125 0.03125
0 0.6421875 0.32890625 0.078125 0.05
0 0.5609375 0.39453125 0.071875 0.04375
0 0.6421875 0.375 0.07109375 0.0453125
0 0.56015625 0.4375 0.07734375 0.05234375
0 0.6515625 0.4203125 0.07890625 0.0484375
0 0.5671875 0.48828125 0.0953125 0.0375
0 0.66328125 0.46796875 0.07890625 0.03203125
0 0.58046875 0.5296875 0.07578125 0.03359375
0 0.66796875 0.51015625 0.0703125 0.0296875
0 0.5953125 0.5734375 0.08046875 0.0375
0 0.6859375 0.55078125 0.07890625 0.034375
0 0.59921875 0.62109375 0.0828125 0.03671875
0 0.69609375 0.596875 0.07734375 0.03203125
0 0.60859375 0.665625 0.075 0.03671875
0 0.70234375 0.64375 0.090625 0.03359375
0 0.61640625 0.70625 0.0796875 0.03671875
0 0.71640625 0.6859375 0.09765625 0.0359375
0 0.6359375 0.8078125 0.0796875 0.0328125
0 0.6484375 0.8890625 0.078125 0.0359375
0 0.95859375 0.8203125 0.0828125 0.05
0 0.92109375 0.634375 0.07890625 0.046875
0 0.98671875 0.625 0.0265625 0.0453125
0 0.98203125 0.58125 0.0359375 0.0375
0 0.9125 0.59453125 0.08359375 0.03984375
0 0.97734375 0.5328125 0.0453125 0.0375
0 0.903125 0.5484375 0.0765625 0.03984375
0 0.8953125 0.50234375 0.0765625 0.04140625
0 0.96640625 0.4859375 0.0640625 0.03828125
0 0.87890625 0.4609375 0.0828125 0.0453125
0 0.96875 0.4359375 0.0625 0.04375
0 0.8765625 0.4171875 0.07890625 0.04140625
0 0.959375 0.39921875 0.08125 0.04453125
0 0.8546875 0.3234375 0.07890625 0.04375
0 0.9453125 0.3046875 0.09296875 0.046875
0 0.8453125 0.27890625 0.0875 0.0484375
0 0.8265625 0.2375 0.0765625 0.0421875
0 0.81640625 0.19375 0.0890625 0.046875
0 0.915625 0.16953125 0.1 0.05625
0 0.80390625 0.14921875 0.08046875 0.04765625
0 0.9015625 0.12734375 0.078125 0.040625
0 0.803125 0.0984375 0.08046875 0.05078125
0 0.8890625 0.08125 0.075 0.05546875
3 0.9229625406249999 0.4258493484375 0.9991856671875 0.4070390875 0.9991856671875 0.36522475625 0.916123778125 0.3813786640625 0.9229625406249999 0.4258493484375
3 0.9991856671875 0.4572557 0.9991856671875 0.40378908750000003 0.9242671015624999 0.42481026093749996 0.9359625406250001 0.4734576546875 0.9991856671875 0.4572557
3 0.9991856671875 0.5021718234375 0.9991856671875 0.46179397343749995 0.9324796421875 0.4765537453125 0.9436978828125 0.5151555375 0.9991856671875 0.5021718234375
3 0.9991856671875 0.5467157984375 0.9991856671875 0.49735749218749997 0.9419112374999999 0.519815146875 0.953606678125 0.5636596093749999 0.9991856671875 0.5467157984375
3 1 0.552462540625 0.9579674265625 0.5592703578125 0.9687825734375 0.6087076546875 1 0.60244706875 1 0.552462540625
3 0.9983420203125 0.6480887625 0.9991856671875 0.5944837140625 0.9663412046875001 0.60939169375 0.9759478828124999 0.6527809453125 0.9983420203125 0.6480887625