1 0.188812703125 0.580598534375 0.1142394140625 0.6414828984375001 0.13044136875 0.718393321875 0.132626221875 0.8857557 0.1881815953125 0.9978493484375001 0.2275309453125 0.9686368078125 0.9991856671875 0.97305293125 0.9991856671875 0.144332246875 0.3272386 0.150254071875 0.3237923453125 0.23713680781250002 0.188812703125 0.580598534375
3 0.5671875 0.20703125 0.04296875 0.0828125
3 0.61171875 0.20703125 0.040625 0.08203125
3 0.69765625 0.20703125 0.040625 0.08203125
3 0.7421875 0.20703125 0.0453125 0.0828125
3 0.78671875 0.2078125 0.040625 0.08203125
3 0.83203125 0.2078125 0.040625 0.08203125
3 0.9453125 0.2046875 0.040625 0.08203125
3 0.98359375 0.20703125 0.0328125 0.08125
3 0.4796875 0.20390625 0.040625 0.08203125
3 0.52109375 0.20546875 0.040625 0.08203125
3 0.6546875 0.2078125 0.040625 0.08203125
3 0.3515625 0.1984375 0.040625 0.08203125
3 0.39296875 0.20390625 0.040625 0.08203125
3 0.4359375 0.203125 0.040625 0.08203125
3 0.73671875 0.54765625 0.08046875 0.0453125
3 0.9546875 0.85859375 0.08046875 0.0453125
3 0.95546875 0.815625 0.08046875 0.0453125
3 0.9546875 0.76875 0.08046875 0.0453125
3 0.95703125 0.725 0.08046875 0.0453125
3 0.95859375 0.68046875 0.08046875 0.0453125
3 0.95703125 0.634375 0.08046875 0.0453125
3 0.95703125 0.5921875 0.08046875 0.0453125
3 0.95703125 0.5453125 0.08125 0.04140625
3 0.9578125 0.503125 0.08046875 0.0453125
3 0.95859375 0.45703125 0.08046875 0.0453125
3 0.73359375 0.7265625 0.08046875 0.0453125
3 0.734375 0.6796875 0.08046875 0.0453125
3 0.7375 0.63671875 0.08046875 0.0453125
3 0.7359375 0.5921875 0.08046875 0.0453125
3 0.7328125 0.86015625 0.08046875 0.0453125
3 0.734375 0.81484375 0.08046875 0.0453125
3 0.73359375 0.76875 0.08046875 0.0453125
3 0.64921875 0.859375 0.08046875 0.0453125
3 0.734375 0.4546875 0.08046875 0.0453125
3 0.73515625 0.40625 0.08046875 0.05625
3 0.7375 0.50234375 0.08046875 0.0453125
3 0.43671875 0.71953125 0.08046875 0.0453125
3 0.65 0.7234375 0.08046875 0.0453125
3 0.64921875 0.7671875 0.08046875 0.0453125
3 0.64921875 0.8140625 0.08046875 0.0453125
3 0.4390625 0.678125 0.08046875 0.0453125
3 0.4359375 0.76640625 0.08046875 0.0453125
3 0.4421875 0.81328125 0.08046875 0.0453125
3 0.65546875 0.40234375 0.0796875 0.0515625
3 0.6546875 0.45390625 0.08046875 0.0453125
3 0.65625 0.503125 0.08046875 0.0453125
3 0.653125 0.54609375 0.08046875 0.0453125
3 0.653125 0.59140625 0.08046875 0.0453125
3 0.653125 0.634375 0.08046875 0.0453125
3 0.6515625 0.678125 0.08046875 0.0453125
3 0.9609375 0.4078125 0.078125 0.05
3 0.44296875 0.859375 0.07890625 0.053125
3 0.44296875 0.45546875 0.08046875 0.0453125
3 0.44140625 0.5 0.08046875 0.0453125
3 0.43984375 0.54140625 0.08046875 0.0453125
3 0.440625 0.58671875 0.08046875 0.0453125
3 0.4390625 0.6296875 0.08046875 0.0453125
3 0.21381514687499997 0.79232491875 0.214387621875 0.7294796421874999 0.1357223125 0.780401465625 0.141076546875 0.841767915625 0.21381514687499997 0.79232491875
3 0.21454723125 0.83937215 0.2136612375 0.7963330625 0.1353770359375 0.8468208468749999 0.1399258953125 0.8873037453125001 0.21454723125 0.83937215
3 0.2113395765625 0.795129478125 0.2119120515625 0.7322842015625 0.133245928125 0.7832060265624999 0.13860097656249998 0.844572475 0.2113395765625 0.795129478125
3 0.211487784375 0.7334926703125 0.21060260625 0.684998371875 0.140212540625 0.7216490234374999 0.142254071875 0.7743102609375 0.211487784375 0.7334926703125
3 0.20097475625 0.6473941375 0.1942890875 0.596259771875 0.12288110781249999 0.635470684375 0.12823615625 0.6968371328125 0.20097475625 0.6473941375
3 0.22939169375000001 0.8851465796875001 0.212881921875 0.8421872968749999 0.13664413749999998 0.89092508125 0.1531962546875 0.9341864828125 0.22939169375000001 0.8851465796875001
2 0.2083648203125 0.6868811078125 0.20277198749999997 0.6488200328125 0.130293159375 0.696254071875 0.1327744296875 0.7269666124999999 0.2083648203125 0.6868811078125
2 0.8562524437500001 0.2485887625 0.9233868078125 0.245942996875 0.9223477203125 0.163073290625 0.855526059375 0.1633118890625 0.8562524437500001 0.2485887625
2 0.37890625 0.65703125 0.03125 0.45078125
2 0.68203125 0.9265625 0.6359375 0.08828125
0 0.65234375 0.403125 0.08125 0.04296875
0 0.6375 0.8609375 0.1078125 0.04296875
0 0.64765625 0.81328125 0.08125 0.04296875
0 0.73828125 0.81640625 0.08125 0.04296875
0 0.9421875 0.8609375 0.1015625 0.04921875
0 0.43828125 0.7171875 0.08125 0.04296875
0 0.9515625 0.72109375 0.08125 0.04296875
0 0.94453125 0.67734375 0.08125 0.04296875
0 0.95625 0.63125 0.0875 0.0453125
0 0.953125 0.496875 0.08125 0.04296875
0 0.95625 0.45546875 0.08125 0.04296875
0 0.73359375 0.68046875 0.08125 0.04296875
0 0.6359375 0.71875 0.08125 0.04296875
0 0.73515625 0.7234375 0.08125 0.04296875
0 0.64921875 0.765625 0.08125 0.04296875
0 0.73125 0.7703125 0.08125 0.04296875
0 0.73515625 0.49921875 0.08515625 0.0421875
0 0.6484375 0.5453125 0.08125 0.04296875
0 0.646875 0.590625 0.08125 0.04296875
0 0.64765625 0.675 0.08125 0.04296875
0 0.9453125 0.7203125 0.08671875 0.04296875
0 0.73125 0.3953125 0.071875 0.0484375
0 0.7328125 0.45703125 0.08203125 0.04140625
0 0.6515625 0.4984375 0.08203125 0.0421875
0 0.93984375 0.76328125 0.0875 0.0390625
0 0.43671875 0.76484375 0.08125 0.04296875
0 0.43671875 0.80859375 0.08125 0.04296875
0 0.44765625 0.53671875 0.08125 0.04296875
0 0.44609375 0.534375 0.08125 0.04296875
0 0.44765625 0.58203125 0.08125 0.04296875
0 0.44140625 0.6296875 0.08125 0.04296875
0 0.4375 0.67421875 0.08125 0.04296875
0 0.440625 0.4890625 0.08125 0.04296875
0 0.9828125 0.2 0.034375 0.084375
0 0.784375 0.20546875 0.040625 0.08671875
0 0.43125 0.20390625 0.03984375 0.08515625
0 0.39453125 0.1921875 0.0375 0.08984375
0 0.34375 0.1953125 0.03671875 0.08828125
0 0.22460423437500002 0.8755504890625 0.204421009375 0.8440423453125 0.136267915625 0.8869592828125 0.1528517921875 0.923667753125 0.22460423437500002 0.8755504890625
0 0.65 0.453125 0.078125 0.0421875