0 0.73828125 0.1875 0.07265625 0.0390625
0 0.9453125 0.17890625 0.071875 0.0390625
0 0.63984375 0.68046875 0.078125 0.04921875
0 0.73359375 0.5421875 0.07421875 0.04296875
0 0.7328125 0.225 0.0765625 0.0390625
0 0.65078125 0.046875 0.06953125 0.0390625
0 0.43671875 0.3078125 0.078125 0.03984375
0 0.6453125 0.09296875 0.078125 0.03984375
0 0.63828125 0.58125 0.0828125 0.040625
0 0.74609375 0.4875 0.08984375 0.03984375
0 0.74140625 0.90234375 0.0859375 0.04296875
0 0.4421875 0.603125 0.084375 0.04921875
0 0.73125 0.63359375 0.0703125 0.03828125
0 0.4359375 0.55859375 0.07734375 0.04375
0 0.43125 0.6484375 0.0765625 0.0359375
0 0.4296875 0.68984375 0.07890625 0.0484375
0 0.73046875 0.590625 0.075 0.0453125
0 0.740625 0.31484375 0.07421875 0.040625
0 0.94296875 0.35859375 0.0890625 0.04375
0 0.43828125 0.26484375 0.0828125 0.04140625
0 0.6453125 0.47734375 0.09296875 0.0453125
0 0.43359375 0.2171875 0.08515625 0.04765625
0 0.94765625 0.48046875 0.08984375 0.0375
0 0.43046875 0.778125 0.08984375 0.0390625
0 0.64765625 0.8953125 0.09453125 0.04765625
0 0.74296875 0.72421875 0.1078125 0.03828125
0 0.66328125 0.7984375 0.11171875 0.0453125
0 0.94609375 0.21875 0.084375 0.0390625
0 0.953125 0.125 0.0875 0.03828125
0 0.43828125 0.13125 0.08828125 0.05
0 0.63671875 0.36328125 0.1078125 0.03984375
0 0.9390625 0.26015625 0.090625 0.0421875
0 0.64609375 0.2640625 0.0890625 0.0453125
0 0.64296875 0.171875 0.09140625 0.05
0 0.44453125 0.08671875 0.08984375 0.04375
0 0.7328125 0.26328125 0.090625 0.046875
0 0.44375 0.03828125 0.084375 0.04140625
0 0.6453125 0.3078125 0.0875 0.04453125
0 0.4390625 0.9171875 0.10234375 0.04140625
0 0.63359375 0.9796875 0.07109375 0.0390625
0 0.43203125 0.9859375 0.0828125 0.02578125
0 0.7375 0.01015625 0.0828125 0.01953125
0 0.640625 0.2171875 0.07890625 0.04140625
0 0.31875 0.4671875 0.05 0.07734375
0 0.65078125 0.0109375 0.084375 0.02109375
0 0.4421875 0.0109375 0.07734375 0.02109375
0 0.7140625 0.978125 0.06953125 0.0265625
0 0.23515625 0.60859375 0.084375 0.08515625
0 0.953125 0.0078125 0.08125 0.015625
0 0.48326791562500004 0.192799675 0.47903745937500003 0.15277035781249998 0.38762215 0.1465798046875 0.3854910421875 0.2004910421875 0.48326791562500004 0.192799675
0 0.2059161234375 0.964220684375 0.1869731265625 0.93238355 0.1221498375 0.9771986968749999 0.139576546875 0.9991856671875 0.2059161234375 0.964220684375
0 0.2136034203125 0.8546881109375001 0.201234528125 0.8156099343750001 0.127578990625 0.8509771984375 0.1391783390625 0.89429153125 0.2136034203125 0.8546881109375001
0 0.22290227968749998 0.8020537453125 0.203811075 0.7639242671875001 0.12079234531250001 0.8075464171875 0.135165309375 0.84846416875 0.22290227968749998 0.8020537453125
0 0.21153583125000003 0.7527801296875001 0.192184853125 0.7181392515625 0.1289356671875 0.7464714984375 0.136273615625 0.786096090625 0.21153583125000003 0.7527801296875001
0 0.21256433281249998 0.5304714984375 0.193287459375 0.4928672640625 0.1289356671875 0.5361017921875 0.1448037453125 0.567848534375 0.21256433281249998 0.5304714984375
0 0.226072475 0.3764381109375 0.203259771875 0.3482491859375 0.1465798046875 0.388165309375 0.162245928125 0.4223021171875 0.226072475 0.3764381109375
1 0.0904723125 0.12701710156249998 0.0892369703125 0.9991856671875 0.9947899015624999 0.9944503250000001 0.9991856671875 0 0.16965227968750002 0.005429153125 0.183076546875 0.10016938125 0.0904723125 0.12701710156249998