0 0.18515625 0.86875 0.03203125 0.0734375
0 0.41953125 0.51015625 0.0328125 0.0796875
0 0.37265625 0.51015625 0.03828125 0.0828125
0 0.32890625 0.51171875 0.03671875 0.0890625
0 0.28515625 0.51328125 0.0390625 0.09453125
0 0.2421875 0.51796875 0.04453125 0.08515625
0 0.20078125 0.5125 0.053125 0.08359375
0 0.1578125 0.5109375 0.04375 0.0859375
0 0.1125 0.51328125 0.040625 0.0875
0 0.0734375 0.5140625 0.046875 0.0890625
0 0.028125 0.5140625 0.04921875 0.09296875
0 0.02421875 0.4265625 0.03984375 0.0921875
0 0.06484375 0.4234375 0.0453125 0.0921875
0 0.11015625 0.421875 0.0359375 0.084375
0 0.15 0.41796875 0.04765625 0.096875
0 0.19765625 0.41796875 0.04609375 0.10703125
0 0.24140625 0.42109375 0.0453125 0.0953125
0 0.28515625 0.41796875 0.0453125 0.09609375
0 0.33125 0.4140625 0.0375 0.090625
0 0.3703125 0.41171875 0.046875 0.09296875
0 0.41640625 0.41171875 0.04765625 0.10859375
0 0.07734375 0.31171875 0.1078125 0.07265625
0 0.4609375 0.1984375 0.04765625 0.07890625
0 0.409375 0.19609375 0.04609375 0.084375
0 0.36640625 0.19765625 0.0375 0.08515625
0 0.32734375 0.20078125 0.053125 0.09140625
0 0.28125 0.20078125 0.05 0.0875
0 0.23515625 0.20078125 0.05 0.08359375
0 0.15 0.20625 0.05078125 0.08828125
0 0.06953125 0.21328125 0.0421875 0.084375
0 0.025 0.2140625 0.04453125 0.0875
0 0.44296875 0.0953125 0.03828125 0.07734375
0 0.3765625 0.1046875 0.03984375 0.0703125
0 0.32265625 0.103125 0.05 0.08359375
0 0.15390625 0.115625 0.046875 0.090625
0 0.2359375 0.0953125 0.04140625 0.08046875
0 0.19375 0.10703125 0.04375 0.07890625
0 0.3703125 0.71875 0.059375 0.0921875
0 0.11171875 0.11796875 0.046875 0.0828125
0 0.06953125 0.11875 0.0484375 0.0875
0 0.02734375 0.12109375 0.0484375 0.0921875
0 0.22421875 0.85234375 0.0484375 0.07109375
0 0.05078125 0.7203125 0.0453125 0.0796875
0 0.234375 0.70703125 0.059375 0.1109375
0 0.3140625 0.85703125 0.04296875 0.07734375
0 0.36796875 0.8609375 0.04921875 0.08359375
0 0.0140625 0.85625 0.028125 0.078125
0 0.0515625 0.85078125 0.04609375 0.08359375
0 0.18046875 0.71796875 0.04375 0.0875
0 0.2953125 0.71015625 0.053125 0.09609375
0 0.2703125 0.8546875 0.0453125 0.0765625
0 0.0921875 0.8640625 0.04375 0.08046875
0 0.4359375 0.853125 0.0421875 0.07421875
0 0.1359375 0.86796875 0.05078125 0.08046875
0 0.134375 0.721875 0.04765625 0.084375
0 0.43984375 0.7140625 0.04375 0.08359375
0 0.015625 0.71796875 0.03046875 0.0703125
0 0.134375 0.6140625 0.0953125 0.07578125
1 0.24140625 0.5 0.4828125 1