0 0.403125 0.5953125 0.0359375 0.084375
0 0.04765625 0.68671875 0.0375 0.08671875
0 0.39921875 0.37578125 0.03046875 0.075
0 0.1828125 0.5796875 0.05703125 0.0796875
0 0.3140625 0.38125 0.0359375 0.084375
0 0.834375 0.596875 0.02734375 0.078125
0 0.834375 0.2359375 0.0328125 0.08125
0 0.40234375 0.90546875 0.02578125 0.075
0 0.48203125 0.2421875 0.03515625 0.08359375
0 0.265625 0.5875 0.03984375 0.07265625
0 0.09765625 0.596875 0.04296875 0.0765625
0 0.73984375 0.36953125 0.0484375 0.08203125
0 0.61328125 0.359375 0.04375 0.08203125
0 0.0484375 0.234375 0.03203125 0.07265625
0 0.6546875 0.36796875 0.0453125 0.07890625
0 0.31875 0.89609375 0.03671875 0.078125
0 0.046875 0.59296875 0.04375 0.0796875
0 0.3453125 0.24140625 0.04609375 0.08359375
0 0.565625 0.36640625 0.04765625 0.084375
0 0.78828125 0.36484375 0.046875 0.08203125
0 0.44921875 0.890625 0.0390625 0.08203125
0 0.696875 0.36640625 0.04765625 0.08203125
0 0.9171875 0.35859375 0.0484375 0.08125
0 0.0890625 0.24375 0.0375 0.08515625
0 0.484375 0.5890625 0.04140625 0.0828125
0 0.4765625 0.36875 0.04375 0.08125
0 0.27578125 0.68828125 0.0375 0.08203125
0 0.43984375 0.68359375 0.04765625 0.08671875
0 0.50234375 0.03125 0.04140625 0.0578125
0 0.440625 0.58828125 0.04375 0.0828125
0 0.05078125 0.9078125 0.04765625 0.08046875
0 0.87890625 0.3671875 0.0359375 0.06953125
0 0.571875 0.890625 0.03984375 0.0859375
0 0.45859375 0.02890625 0.03984375 0.05703125
0 0.2984375 0.25078125 0.0453125 0.07578125
0 0.57578125 0.68125 0.0421875 0.078125
0 0.7921875 0.59453125 0.0296875 0.0578125
0 0.2421875 0.028125 0.03984375 0.05546875
0 0.525 0.89375 0.04453125 0.078125
0 0.3921875 0.24453125 0.04453125 0.07890625
0 0.63125 0.03046875 0.03984375 0.06015625
0 0.6140625 0.89609375 0.04140625 0.07265625
0 0.6203125 0.6796875 0.0375 0.07734375
0 0.52578125 0.36953125 0.03515625 0.071875
0 0.8796875 0.21796875 0.03203125 0.059375
0 0.14453125 0.90703125 0.04140625 0.08671875
0 0.675 0.03046875 0.0453125 0.059375
0 0.6125 0.22578125 0.03828125 0.06796875
0 0.915625 0.21953125 0.04453125 0.07734375
0 0.371875 0.03046875 0.04765625 0.06015625
0 0.1734375 0.234375 0.0484375 0.096875
0 0.965625 0.3671875 0.0421875 0.0765625
0 0.4859375 0.89140625 0.0359375 0.071875
0 0.2859375 0.02890625 0.040625 0.05625
0 0.91796875 0.59296875 0.04140625 0.07578125
0 0.76171875 0.02890625 0.04296875 0.05546875
0 0.6515625 0.2171875 0.0484375 0.075
0 0.87421875 0.5921875 0.04453125 0.08046875
0 0.69921875 0.234375 0.04453125 0.0921875
0 0.6140625 0.5890625 0.0359375 0.08046875
0 0.7828125 0.215625 0.04296875 0.06328125
0 0.80546875 0.02734375 0.05 0.053125
0 0.43671875 0.3671875 0.0421875 0.07890625
0 0.56875 0.22890625 0.05 0.1
0 0.52109375 0.68125 0.04375 0.0828125
0 0.22734375 0.38984375 0.03828125 0.08515625
0 0.896875 0.02265625 0.03671875 0.04375
0 0.71796875 0.0265625 0.040625 0.05
0 0.54140625 0.028125 0.03515625 0.05234375
0 0.4140625 0.02578125 0.0453125 0.05
0 0.96171875 0.2265625 0.05 0.09453125
0 0.93828125 0.0234375 0.046875 0.04609375
0 0.44140625 0.97109375 0.04453125 0.05234375
0 0.7421875 0.22109375 0.0453125 0.06640625
0 0.5265625 0.23671875 0.04296875 0.0765625
0 0.84921875 0.0234375 0.04375 0.0453125
0 0.534375 0.60078125 0.0421875 0.07578125
0 0.678125 0.89375 0.034375 0.08828125
0 0.06640625 0.03046875 0.0375 0.05859375
0 0.9796875 0.02421875 0.0390625 0.0484375
0 0.97421875 0.58828125 0.0453125 0.08046875
0 0.66796875 0.69453125 0.04453125 0.0671875
0 0.30859375 0.97734375 0.04921875 0.0453125
0 0.35390625 0.1078125 0.0859375 0.04140625
0 0.61796875 0.96875 0.04296875 0.04375
0 0.68828125 0.57578125 0.04765625 0.05078125
0 0.73515625 0.57578125 0.04296875 0.04375
0 0.35703125 0.97578125 0.046875 0.04453125
0 0.22734375 0.97734375 0.04453125 0.0421875
0 0.4859375 0.9640625 0.04453125 0.0484375
0 0.63359375 0.4734375 0.0859375 0.0625
0 0.39921875 0.97734375 0.03984375 0.04296875
0 0.56796875 0.9671875 0.05546875 0.0515625
0 0.2015625 0.03125 0.040625 0.053125
0 0.22578125 0.24765625 0.03828125 0.08515625
0 0.3578125 0.3828125 0.0390625 0.075
0 0.83515625 0.35625 0.04765625 0.08046875
0 0.43984375 0.24140625 0.040625 0.0765625
0 0.2734375 0.90390625 0.0421875 0.07734375
0 0.58828125 0.03359375 0.046875 0.065625
1 0 0.29093322499999996 0.9991856671875 0.2753412046875 0.9991856671875 0 0.044206840625 0.00116368125 0.045933225 0.0649690546875 0 0.065873778125 0 0.29093322499999996
1 0.0009495109374999999 0.41922638437500004 0 0.9991856671875 0.7915105859375 0.9991856671875 0.79229723125 0.7309723124999999 0.6961995109375 0.7304723125 0.69346416875 0.6278949515625001 0.9991856671875 0.6320439734375001 0.99917508125 0.312309446875 0.0290830625 0.333876221875 0.026811075 0.4197630296875 0.0009495109374999999 0.41922638437500004