1 0.00016938125 0 0 0.9509763843749999 0.66368078125 0 0.00016938125 0
3 0.31614250781250003 0.042254071875 0.28239169375 0.0177337140625 0.227276059375 0.0942947875 0.26052280156249996 0.11956758906250001 0.31614250781250003 0.042254071875
3 0.3509951140625 0.068576546875 0.3157548859375 0.042805375 0.26182166093750003 0.12101547187499999 0.2953754078125 0.1458908796875 0.3509951140625 0.068576546875
3 0.0911351796875 0.1401172640625 0.055894951562499996 0.11434609062500001 0.0019617265625 0.192555375 0.035515471874999996 0.21743078124999998 0.0911351796875 0.1401172640625
3 0.142444625 0.290598534375 0.10720439687500001 0.2648273609375 0.053271171875 0.34303745937499996 0.08682491875000001 0.3679128671875 0.142444625 0.290598534375
3 0.1963729640625 0.2144780125 0.1611327359375 0.188706840625 0.10719951093749999 0.26691612343750004 0.1407532578125 0.29179153125 0.1963729640625 0.2144780125
3 0.1770798046875 0.3178656359375 0.141840390625 0.29209364843749996 0.0879063515625 0.3703037453125 0.12146091249999999 0.395179153125 0.1770798046875 0.3178656359375
3 0.23117833906250002 0.2391408796875 0.1959381109375 0.21336970625 0.1420048859375 0.2915798046875 0.17555863124999999 0.3164552125 0.23117833906250002 0.2391408796875
3 0.117653909375 0.1619120515625 0.09179804531249999 0.13889739375000001 0.035356678125 0.21685342031250002 0.0633868078125 0.23880211718750002 0.117653909375 0.1619120515625
3 0.2803298046875 0.015915309375 0.2545635171875 0.00053583125 0.2392899015625 0 0.1929112375 0.067315146875 0.2260781765625 0.0918298046875 0.2803298046875 0.015915309375
3 0.18495846875 0 0.15743729687500002 0.04343078125 0.1911563515625 0.067828990625 0.241262215625 0 0.18495846875 0
3 0.187376221875 0.001653909375 0.13622068437499998 0 0.12079234531250001 0.0176441375 0.15502524374999999 0.0426783390625 0.187376221875 0.001653909375
3 0.0022157984375 0.1902548859375 0.05236400625 0.11378420156249999 0.019690553125 0.0911938109375 0 0.1180781765625 0.0022157984375 0.1902548859375
3 0.0347630296875 0.21677850156249998 0.0006099343749999999 0.26557491875 0 0.302671009375 0.0104340390625 0.314557003125 0.0637890875 0.23751384375 0.0347630296875 0.21677850156249998
3 0.0373656359375 0.21850162812499999 0.00271416875 0.19272557031249998 0 0.271640065625 0.0373656359375 0.21850162812499999
3 0.0021522796875 0.5671799671875 0.057697882812500004 0.49004153125 0.0232109125 0.4668892515625 0.0013574921875 0.49267100937499997 0.0021522796875 0.5671799671875
3 0.35038029375 0.0661701953125 0.39645114062500003 0.0019828984375 0.3492776875 0 0.3164283390625 0.0423811078125 0.35038029375 0.0661701953125
3 0.280807003125 0.55395276875 0.3051091203125 0.5169210093750001 0.2243444625 0.46254723125 0.1995114 0.4981001625 0.280807003125 0.55395276875
3 0.353592834375 0.4446115640625 0.377895765625 0.4075798046875 0.29713029375 0.3532060265625 0.2722980453125 0.38875895781250003 0.353592834375 0.4446115640625
3 0.3283517921875 0.4810390875 0.35265472343750004 0.4440073296875 0.2718892515625 0.38963355 0.2470561890625 0.4251864828125 0.3283517921875 0.4810390875
3 0.3040757328125 0.5171115640624999 0.3283786640625 0.4800798046875 0.2476131921875 0.4257060265625 0.2227801296875 0.46125895781250004 0.3040757328125 0.5171115640624999
3 0.20464902343750002 0.6598102609375001 0.228951140625 0.6227785015625 0.1481864828125 0.5684047234375 0.1233534203125 0.6039576546875 0.20464902343750002 0.6598102609375001
3 0.2305684046875 0.624395765625 0.2548713359375 0.58736400625 0.17410586249999999 0.532990228125 0.1492728015625 0.568543159375 0.2305684046875 0.624395765625
3 0.25612785 0.5890333875 0.2804299671875 0.552001628125 0.199665309375 0.49762785000000004 0.174832246875 0.53318078125 0.25612785 0.5890333875
3 0.1555716609375 0.7312076546874999 0.179873778125 0.6941758953125 0.0991091203125 0.6398021171875 0.07427605937500001 0.6753550484375 0.1555716609375 0.7312076546874999
3 0.1800757328125 0.695177525 0.2043786640625 0.6581457656249999 0.1236131921875 0.6037719874999999 0.0987801296875 0.6393249187500001 0.1800757328125 0.695177525
3 0.378712540625 0.4100187296875 0.40301465781249995 0.37298615625 0.32225000000000004 0.3186131921875 0.2974169375 0.354165309375 0.378712540625 0.4100187296875
3 0.1017434859375 0.8062793156250001 0.1260464171875 0.7692467421875 0.0452809453125 0.7148737781250001 0.020448696875 0.7504258953125 0.1017434859375 0.8062793156250001
3 0.12640146562500001 0.770201140625 0.15224185625 0.7298395765625 0.0748908796875 0.6773745921875001 0.045106678125 0.714348534375 0.12640146562500001 0.770201140625
3 0.4769201953125 0.2667467421875 0.5012223125 0.22971498437500001 0.42045765468749996 0.1753412046875 0.3956245921875 0.21089413750000002 0.4769201953125 0.2667467421875
3 0.4522728015625 0.30130293125 0.47657491875 0.26427117187500004 0.3958102609375 0.20989739375 0.3709771984375 0.24545032500000002 0.4522728015625 0.30130293125
3 0.427948696875 0.33884934843750003 0.45225162812499997 0.3018175890625 0.37148615625 0.24744381093749998 0.34665309375 0.28299674218750004 0.427948696875 0.33884934843750003
3 0.4040065140625 0.373771171875 0.428309446875 0.3367394140625 0.3475439734375 0.2823656359375 0.3227109125 0.3179185671875 0.4040065140625 0.373771171875
3 0.585704396875 0.114823290625 0.6100073296875 0.0777907171875 0.52924185625 0.023417753125 0.5044087953124999 0.05896987031249999 0.585704396875 0.114823290625
3 0.5614812703125 0.1496172640625 0.5857833875 0.11258550468749999 0.5050187296875001 0.058211726562499996 0.4801856671875 0.0937646578125 0.5614812703125 0.1496172640625
3 0.5342467421875 0.1858436484375 0.558548859375 0.1488118890625 0.47778420156249995 0.0944381109375 0.452951140625 0.1299910421875 0.5342467421875 0.1858436484375
0 0.601322475 0.0676009765625 0.6151547234375 0.0437809453125 0.5537728015625001 0.006711726562500001 0.5378200328125 0.019223940624999998 0.601322475 0.0676009765625
3 0.608548859375 0.0790578171875 0.6317011406249999 0.041442996875 0.57391368125 0.0031384359374999997 0.5503314328125 0.0031384359374999997 0.5308534203125 0.0275684046875 0.608548859375 0.0790578171875
3 0.000084690625 0.8018257328124999 0.0720545609375 0.8496783390625 0.10131433281249999 0.8059454390624999 0.01826954375 0.7512532578125 0 0.7763298046875 0.000084690625 0.8018257328124999
3 0 0.8593591203125 0.0408648203125 0.89075 0.07197475625000001 0.8500228015625 0 0.79940309375 0 0.8593591203125
2 0.1630838765625 0.18948045625 0.12080863125 0.16570846875 0.0095008140625 0.3148754078125 0.049548859375 0.34794706875000003 0.1630838765625 0.18948045625
2 0.5015936484375 0.2252776875 0.5294486968750001 0.1857109125 0.457362378125 0.137826546875 0.42888192187499996 0.17372394062500002 0.5015936484375 0.2252776875
2 0.2985887625 0 0.291659609375 0.014552931250000001 0.3168631921875 0.031094462499999996 0.3414047234375 0 0.2985887625 0
0 0.2109375 0.5734375 0.08671875 0.0421875
0 0.15078125 0.6453125 0.0875 0.06796875
0 0.04140625 0.7953125 0.07734375 0.08125
0 0.6451938109375 0.0019454390625000002 0.5781758953125 0 0.6232980453125 0.027282573437500002 0.6451938109375 0.0019454390625000002
0 0.370415309375 0.397442996875 0.38963355 0.3740675890625 0.3203037453125 0.3257328984375 0.3036148203125 0.353126221875 0.370415309375 0.397442996875