1 0.668298859375 0 0.1792646578125 0.699700325 0.245832246875 0.7498534203125 0.18232899062500002 0.8438786640625 0.15568811093749998 0.825062703125 0.1258452765625 0.8657744296875001 0.08045276875 0.8337630296875 0.000328990625 0.9526416937500001 0.000328990625 0.9991856671875 0.99788599375 0.9942703578125001 0.99788599375 0 0.668298859375 0
3 0.5180920203125 0.384326546875 0.5458249187499999 0.345990228125 0.482062703125 0.297045603125 0.45331188906250003 0.33761400625000004 0.5180920203125 0.384326546875
3 0.391012215625 0.559487784375 0.4201815953125 0.5221058625 0.354982084375 0.472206840625 0.3262312703125 0.5127744296875 0.391012215625 0.559487784375
3 0.4174991859375 0.5211408796875 0.441653909375 0.4874226390625 0.3778908796875 0.43847801249999996 0.3550993484375 0.47336807812500004 0.4174991859375 0.5211408796875
3 0.5860700328124999 0.49440472343749997 0.6203558625000001 0.5165977203125001 0.6741034203125 0.4425545609375 0.6393729640625 0.4185912046875 0.5860700328124999 0.49440472343749997
3 0.6559934859375 0.5450407171875 0.690279315625 0.5672337140625 0.7440268734375 0.493190553125 0.7092964171875 0.4692271984375 0.6559934859375 0.5450407171875
3 0.6919495109375 0.5698257328125 0.726234528125 0.5920187296874999 0.7799828984375 0.5179755703125 0.745251628125 0.49401221562500003 0.6919495109375 0.5698257328125
3 0.7260333875 0.5932907171874999 0.7603192187500001 0.6154837140625 0.814066775 0.541440553125 0.77933631875 0.5174771984375 0.7260333875 0.5932907171874999
3 0.7624771984375001 0.618473940625 0.796762215625 0.6406661234375 0.8505105859375 0.5666237781250001 0.815779315625 0.5426604234375 0.7624771984375001 0.618473940625
3 0.818409609375 0.5437255703125 0.852694625 0.5659185671875 0.906442996875 0.49187540781249994 0.8717117265625 0.4679120515625 0.818409609375 0.5437255703125
3 0.7108021171875001 0.46895114062500004 0.7450871328125 0.49114413749999997 0.7988355046875 0.41710179218750004 0.764104234375 0.393137621875 0.7108021171875001 0.46895114062500004
3 0.7822198703125001 0.5173713359375001 0.8165056999999999 0.5395643328124999 0.870254071875 0.46552117187500003 0.8355228015625 0.4415578171875 0.7822198703125001 0.5173713359375001
3 0.61983061875 0.5155048859375 0.6552614 0.5414617265625 0.709009771875 0.46741938125000004 0.6742785015625 0.44345602656249994 0.61983061875 0.5155048859375
3 0.7468688921875 0.49455863125 0.7811547234375 0.5167508140625 0.8349022796875 0.44270846875 0.8001718234374999 0.4187451140625 0.7468688921875 0.49455863125
3 0.6751058624999999 0.44550244375 0.70939169375 0.46769462500000003 0.7631392515625001 0.3936522796875 0.7284087953125 0.369688925 0.6751058624999999 0.44550244375
3 0.639759771875 0.41933306249999996 0.674045603125 0.441526059375 0.727793159375 0.3674837140625 0.6930627031250001 0.34351954375 0.639759771875 0.41933306249999996
3 0.7999381109375 0.2626856671875 0.8349397390625001 0.2901115640625 0.8852467421875 0.21736237812499998 0.8511148203125 0.1922166125 0.7999381109375 0.2626856671875
3 0.8331156359375 0.2886058625 0.8681172640625 0.3160309453125 0.91842508125 0.243281759375 0.8842923453125 0.21813599374999998 0.8331156359375 0.2886058625
3 0.87063029375 0.3130407171875 0.905631921875 0.3404657984375 0.9559389250000001 0.2677174265625 0.9218070031250001 0.24257166093750002 0.87063029375 0.3130407171875
3 0.9053029312499999 0.3376351796875 0.9403045609375 0.3650602609375 0.9906115640625 0.29231107500000003 0.9564796421875 0.267165309375 0.9053029312499999 0.3376351796875
3 0.76366938125 0.23551465781249997 0.798671009375 0.26294055312500003 0.848978828125 0.19019136875 0.81484690625 0.165045603125 0.76366938125 0.23551465781249997
3 0.46591368125 0.664873778125 0.5009153093750001 0.692298859375 0.5512223125 0.619549675 0.5170903906250001 0.594403909375 0.46591368125 0.664873778125
3 0.8875423453125 0.2144780125 0.9225439734374999 0.24190309375000002 0.9728509765625001 0.169153909375 0.9387190546875 0.14400814374999998 0.8875423453125 0.2144780125
3 0.8509397390625001 0.188293159375 0.88594136875 0.215718240625 0.9362491859375 0.1429690546875 0.90211645 0.1178241046875 0.8509397390625001 0.188293159375
3 0.8159478828125 0.1640537453125 0.8509495109375 0.1914796421875 0.9012565140625 0.11873045625 0.8671245921875 0.093584690625 0.8159478828125 0.1640537453125
3 0.6429714984375 0.7912280125 0.6779731265625 0.8186530937500001 0.7282801296875 0.7459039093750001 0.6941482078125001 0.72075814375 0.6429714984375 0.7912280125
3 0.536212540625 0.7146824109375001 0.5677899015625 0.734590390625 0.6175879484375 0.6666604234375 0.5873892515625 0.6442133546875 0.536212540625 0.7146824109375001
3 0.5021758953125001 0.6899503250000001 0.5371775249999999 0.7173754078125001 0.587484528125 0.6446270359375 0.55335260625 0.6194812703125 0.5021758953125001 0.6899503250000001
3 0.590029315625 0.8646767093750001 0.6250309453125 0.8921017921875001 0.6753379484375001 0.8193526062500001 0.6412060265624999 0.794206840625 0.590029315625 0.8646767093750001
3 0.6066286640625 0.7652605859375 0.64163029375 0.7926856671875 0.691937296875 0.7199364828125 0.6578053749999999 0.6947907171875001 0.6066286640625 0.7652605859375
3 0.45072882812500004 0.7635952765625 0.48573045625000005 0.791021171875 0.5360374593749999 0.7182719875 0.5019055375 0.693126221875 0.45072882812500004 0.7635952765625
3 0.5533892515625001 0.8382589578124999 0.5883908796874999 0.8656840390625 0.6386986968749999 0.792934853125 0.604566775 0.7677890875 0.5533892515625001 0.8382589578124999
3 0.41611400625000006 0.7366311078125001 0.4511156359375 0.764057003125 0.5014226390625 0.6913078171875 0.4672907171875 0.6661620515625 0.41611400625000006 0.7366311078125001
3 0.4859698703125 0.7907614 0.5158713359375 0.8104723125 0.5671799671875 0.7356661234375 0.538561075 0.7174926703125 0.4859698703125 0.7907614
3 0.44238517968749996 0.487570846875 0.46832084687500003 0.45305700312499997 0.4060952765625 0.402771171875 0.380854234375 0.4389869703125 0.44238517968749996 0.487570846875
3 0.5680073296875 0.309578990625 0.593942996875 0.275065146875 0.5317174265625 0.22477931562500003 0.506476384375 0.2609943 0.5680073296875 0.309578990625
3 0.54350814375 0.34543403906250003 0.5694438109375 0.3109201953125 0.5072190546875001 0.2606343640625 0.48197719843750003 0.2968493484375 0.54350814375 0.34543403906250003
3 0.48975 0.41790227968749993 0.5156856671875001 0.3833884359375 0.4534600984375 0.3331017921875 0.42821905468750004 0.3693175890625 0.48975 0.41790227968749993
3 0.46405293125 0.45196009843749996 0.48998860000000005 0.41744625468749996 0.4277630296875 0.367159609375 0.4025219875 0.4033754078125 0.46405293125 0.45196009843749996
3 0.6668143328125 0.16300977187500001 0.69275 0.128495928125 0.6305244296875 0.0782100984375 0.6052833875 0.11442508124999999 0.6668143328125 0.16300977187500001
3 0.6434495109375 0.19980293124999998 0.6693851796875 0.1652890875 0.607159609375 0.11500325781250001 0.5819185671875 0.15121905468750002 0.6434495109375 0.19980293124999998
3 0.6173762218750001 0.2385105859375 0.6433118890625 0.20399674218750002 0.5810863187499999 0.1537109125 0.5558452765624999 0.18992589531249998 0.6173762218750001 0.2385105859375
3 0.5917214984375 0.2751978828125 0.6176571656250001 0.24068403906250002 0.5554315953125 0.1903982078125 0.530190553125 0.2266131921875 0.5917214984375 0.2751978828125
3 0.36331107500000004 0.5958672640625 0.3892467421875 0.561354234375 0.327021171875 0.5110675890625 0.3017801296875 0.5472833875 0.36331107500000004 0.5958672640625
3 0.7185684046875 0.09226954375 0.7402947875 0.06211400625 0.6777198703125 0.012681595312499998 0.653723940625 0.040159609375 0.7185684046875 0.09226954375
3 0.6918273609375001 0.12636482031250001 0.7177630296874999 0.09185097656249999 0.655537459375 0.041565146875 0.6302964171875 0.0777801296875 0.6918273609375001 0.12636482031250001
3 0.2542353421875 0.7524828984374999 0.2686131921875 0.7339698703125 0.20638762187499998 0.6836840390625001 0.18953908749999998 0.7047157984375 0.2542353421875 0.7524828984374999
3 0.2679340390625 0.7339006515625 0.29386970625000003 0.6993876218749999 0.2316449515625 0.6491009765625 0.206403909375 0.685316775 0.2679340390625 0.7339006515625
3 0.2927833875 0.7006229640625 0.3187190546875 0.6661091203125 0.2564934859375 0.615822475 0.23125244375 0.6520382734375 0.2927833875 0.7006229640625
3 0.343801303125 0.6283452765625 0.3643338765625 0.5985822468750001 0.30210830624999996 0.5482956031249999 0.28243973906250003 0.577645765625 0.343801303125 0.6283452765625
3 0.678694625 0.0129943 0.7418640062499999 0.061345276562499995 0.7656311078125 0.0229617265625 0.7290871328125 0 0.683694625 0.0007793156249999999 0.6745382734375001 0.0108574921875 0.678694625 0.0129943
3 0.9205985343749999 0.242295603125 0.955631921875 0.2676425078125 0.9991856671875 0.20747964218749998 0.9991856671875 0.1890773609375 0.9758412046875 0.16965227968750002 0.9205985343749999 0.242295603125
3 0.959279315625 0.264684853125 0.9904210093750001 0.2899837140625 0.9991856671875 0.2768672640625 0.9989144953125001 0.2103688921875 0.959279315625 0.264684853125
3 0.9373355046875 0.3668786640625 0.9732280125000001 0.39792508125000003 0.9991856671875 0.3532907171875 0.9976840390625 0.30363599375 0.9907711718750001 0.2945171015625 0.9373355046875 0.3668786640625
3 0.377535015625 0.871998371875 0.3397614 0.8458713359375001 0.294262215625 0.9120464171875 0.3290675890625 0.9382157984375 0.377535015625 0.871998371875
3 0.4127703578125 0.8950073296875001 0.37499592812500004 0.8688811078124999 0.3294967421875 0.9350561890625 0.3643021171875 0.96122475625 0.4127703578125 0.8950073296875001
3 0.44719381093750005 0.9220244296875 0.40941938125000005 0.8958982078125001 0.363921009375 0.962073290625 0.3987255703125 0.9882426703125 0.44719381093750005 0.9220244296875
3 0.15757003281249998 0.8935545609375 0.0926245921875 0.8475895765624999 0.06850814375 0.8842345281249999 0.134057003125 0.9283175890625 0.15757003281249998 0.8935545609375
3 0.13473045625 0.9277182406250001 0.06978583125 0.8817532578125 0.045668567187499995 0.9183982078125 0.111218240625 0.9624812703125001 0.13473045625 0.9277182406250001
3 0.1098607484375 0.9632239406249999 0.044915309375000004 0.91725814375 0.0207980453125 0.9539030937499999 0.0863477203125 0.99798615625 0.1098607484375 0.9632239406249999
3 0.0179723125 0.9991856671875 0.0752939734375 0.9991856671875 0.0839991859375 0.9916824109375 0.021026059375 0.9534576546875 0 0.9839478828124999 0.0179723125 0.9991856671875
3 0.241262215625 0.9868745921875 0.26026302968750004 0.9988517921875 0.282714984375 0.9980130296875 0.320017915625 0.947387621875 0.2870309453125 0.9214682406250001 0.241262215625 0.9868745921875
3 0.3388330625 0.9983257328124999 0.36157736093750004 0.971737784375 0.32579153125000004 0.9467988593750001 0.286373778125 0.997557003125 0.3388330625 0.9983257328124999
2 0.5073857859375 0.8262305874999999 0.5434609125 0.8502614 0.6580081437499999 0.6935977203125 0.619470684375 0.6672328984375 0.5073857859375 0.8262305874999999
3 0.397956840625 0.9888094468749999 0.41586645000000005 0.9991856671875 0.434098534375 0.9975146578125 0.47711563593750006 0.947626221875 0.45107980468750003 0.9260008140625 0.397956840625 0.9888094468749999
3 0.4350048859375 0.9991856671875 0.4820993484375 0.99875 0.5113061890624999 0.9654185671875 0.48110260625 0.9439943 0.43573127031250003 0.999126221875 0.4350048859375 0.9991856671875
0 0.65034690625 0.4137508140625 0.6739340390625 0.4319144953125 0.7133363187499999 0.37642182343749997 0.686870521875 0.3565781765625 0.65034690625 0.4137508140625
0 0.7567353421874999 0.48089576562499997 0.7865407171875 0.49952035781250004 0.826812703125 0.43385993437500003 0.8003517921875 0.4150073296875 0.7567353421874999 0.48089576562499997
0 0.78688599375 0.5147947875 0.8231913687500001 0.5321579796875 0.868748371875 0.4565244296875 0.83779723125 0.4388273609375 0.78688599375 0.5147947875
0 0.6816058625 0.43920928281249993 0.709407165625 0.45516693750000004 0.7575830625 0.392311075 0.72784690625 0.3733786640625 0.6816058625 0.43920928281249993
0 0.8194910421875001 0.1621188921875 0.8490635171875001 0.1853982078125 0.89567508125 0.11651384375 0.8687214984375 0.098573290625 0.8194910421875001 0.1621188921875
0 0.7676881109375 0.2414258953125 0.79025244375 0.2573998375 0.8375537453125 0.1912092828125 0.8130545609375 0.1717255703125 0.7676881109375 0.2414258953125
0 0.8403737781249999 0.2869617265625 0.8657100984375001 0.310840390625 0.9049853421874999 0.2490814328125 0.8787687296875 0.22957166093749998 0.8403737781249999 0.2869617265625
0 0.887998371875 0.216832246875 0.91598045625 0.236887621875 0.9644804562499999 0.16304153125 0.9340643328124999 0.1457052125 0.887998371875 0.216832246875
0 0.8748452765625 0.316359934375 0.9007809453125001 0.3324128671875 0.9460936484375001 0.26420765468749996 0.91864169375 0.24639902343750003 0.8748452765625 0.316359934375
0 0.8507654718750001 0.1882190546875 0.8839161234375 0.20926140000000001 0.9374201953125001 0.12949755624999998 0.9062573296875 0.109823290625 0.8507654718750001 0.1882190546875
0 0.33438517968750003 0.9424991859375 0.360856678125 0.9627304562500001 0.4091644953125 0.8936661234375001 0.37861645 0.8729047234375 0.33438517968750003 0.9424991859375
0 0.300354234375 0.914305375 0.3273338765625 0.9313395765625 0.370653909375 0.868440553125 0.3417174265625 0.8473403906250001 0.300354234375 0.914305375
0 0.410495928125 0.7413656359374999 0.440237784375 0.7615912046875 0.4874063515625 0.7002988593749999 0.4563656359375 0.674740228125 0.410495928125 0.7413656359374999
0 0.9448159609375001 0.38068973906250003 0.968679153125 0.3984185671875 0.9991856671875 0.350057003125 0.9928330624999999 0.3038851796875 0.9448159609375001 0.38068973906250003
0 0.9223159609374999 0.2424438109375 0.955165309375 0.26485912031250003 0.9991856671875 0.194512215625 0.96874755625 0.17208061875 0.9223159609374999 0.2424438109375
0 0.4029462546875 0.977437296875 0.4452532578125 0.9256881109374999 0.409816775 0.903834690625 0.374592834375 0.9514112375 0.4029462546875 0.977437296875
0 0.28211645 0.9962100984375001 0.320017915625 0.947248371875 0.289273615625 0.9239275250000001 0.2438175890625 0.992907165625 0.28211645 0.9962100984375001
0 0.38700407187499997 0.43548778437499996 0.4360285015625 0.4697198703125 0.45718729687500004 0.443848534375 0.4038257328125 0.40460016249999997 0.38513273593749997 0.43348371406249997 0.38700407187499997 0.43548778437499996
0 0.6449128671875 0.185976384375 0.661809446875 0.15967508125000002 0.5941229640625 0.11526791562500001 0.5787434859375 0.142470684375 0.6449128671875 0.185976384375
0 0.54977524375 0.1869894140625 0.6188021171875 0.23300732968750001 0.63550244375 0.204140065625 0.56659690625 0.1561017921875 0.547903909375 0.1849853421875 0.54977524375 0.1869894140625
0 0.47586970624999997 0.289740228125 0.5450032578124999 0.340604234375 0.5624723125 0.3078241046875 0.4926921828125 0.25885260625 0.47399837187499994 0.28773615625 0.47586970624999997 0.289740228125
0 0.49536970625 0.40823208437499997 0.5113118890624999 0.381659609375 0.45087785 0.33167589531249997 0.4264478828125 0.36214983749999996 0.49536970625 0.40823208437499997
0 0.5069112375 0.2587410421875 0.5724185671875001 0.30339169374999997 0.5917166125 0.271762215625 0.5237337140625 0.227854234375 0.5050399015625 0.2567369703125 0.5069112375 0.2587410421875
0 0.5266172640625 0.2248688921875 0.595512215625 0.27222312656250003 0.6137337140625 0.2427890875 0.5434397390625 0.193982084375 0.524745928125 0.22286482031250002 0.5266172640625 0.2248688921875
0 0.3981107484375 0.5587190546875 0.42168729687499995 0.5283509765625001 0.345995928125 0.4729910421875 0.32437540781249996 0.4981001625 0.3981107484375 0.5587190546875
0 0.344771171875 0.6256311078125 0.3686864828125 0.5969438109375 0.29979723125 0.546504071875 0.280218240625 0.5699055375000001 0.344771171875 0.6256311078125
0 0.712720684375 0.08658631875 0.7348973937500001 0.060698696875 0.6712198703125 0.012808631249999999 0.6495993484375 0.0379169375 0.712720684375 0.08658631875
0 0.7004690546875 0.1336864828125 0.7231547234375 0.1019397390625 0.641854234375 0.0454242671875 0.6221530937499999 0.0726856671875 0.7004690546875 0.1336864828125
0 0.66450244375 0.160051303125 0.6838004890625 0.13206921875 0.62163355 0.0865285015625 0.6000130296874999 0.1116368078125 0.66450244375 0.160051303125
0 0.10354071718749999 0.949026059375 0.1207557 0.92503583125 0.0648925078125 0.8896579796875 0.051537459375000004 0.9104560265625 0.10354071718749999 0.949026059375
0 0.1351441375 0.924484528125 0.154176709375 0.8965610749999999 0.0901701953125 0.8496995109375 0.066927525 0.8705936484375 0.1351441375 0.924484528125
0 0.2497866453125 0.7548322468750001 0.26362377812500004 0.7353908796875 0.19943159531250002 0.68455863125 0.18140065156250001 0.701990228125 0.2497866453125 0.7548322468750001
0 0.28738599374999996 0.6919169375 0.311688925 0.6665545609375 0.25164739375 0.6209495109375001 0.22814576562500002 0.6449657984375 0.28738599374999996 0.6919169375
0 0.31966286718750003 0.6548322468750001 0.34118159531250003 0.630137621875 0.280106678125 0.5808216609375 0.2584869703125 0.6059299671875 0.31966286718750003 0.6548322468750001
0 0.0752035828125 0.9851302937499999 0.09485179218749999 0.9603127031250001 0.04181921875 0.9227776875 0.026476384375000002 0.948437296875 0.0752035828125 0.9851302937499999
0 0.2930855046875 0.9991856671875 0.3354828984375 0.9958925078125 0.35616938125000003 0.9662882734375 0.32658631875 0.9500065140625 0.295873778125 0.997557003125 0.2930855046875 0.9991856671875
0 0.4478827359375 0.9977899015625 0.48593811093749995 0.9949910421875 0.5084755703125 0.9679845281249999 0.48249755624999996 0.9488241046875 0.4478827359375 0.9977899015625
0 0.010062703125 0.981276059375 0.0407646578125 0.9991856671875 0.07744625468750001 0.9958338765624999 0.023179153124999997 0.9557166125000001 0.0078729640625 0.9816311078125001 0.010062703125 0.981276059375
0 0.99075 0.280684853125 0.9991856671875 0.269265471875 0.997557003125 0.20629723125 0.96354153125 0.258354234375 0.99075 0.280684853125
3 0.31963599375 0.664407165625 0.34239576562499996 0.629214984375 0.281145765625 0.5806091203125 0.25787214999999997 0.6131294781250001 0.31963599375 0.664407165625
3 0.9630700328125 0.810334690625 0.986482084375 0.7752166125 0.8966140062499999 0.7126628671875 0.8746384359375 0.7466465796875 0.9630700328125 0.810334690625
3 0.8894397390625001 0.91458061875 0.9128517921875 0.8794625406250001 0.8303061890625001 0.815933225 0.8016929968750001 0.856448696875 0.8894397390625001 0.91458061875
3 0.8649617265625 0.95298615625 0.888373778125 0.9178680781249999 0.7985057 0.8553143328124999 0.7765301296875 0.8892972312499999 0.8649617265625 0.95298615625
3 0.841862378125 0.9886180781249999 0.8652744296874999 0.9535 0.7754063515625 0.8909462546875 0.7534315953124999 0.9249299671875001 0.841862378125 0.9886180781249999
3 0.9393175890625001 0.8440162859375 0.9627296421875 0.8088982078125 0.8728615640624999 0.7463436484375 0.8508859937500001 0.7803273609375 0.9393175890625001 0.8440162859375
3 0.9145268734374999 0.8803591203125001 0.9379389249999999 0.8452410421875 0.848070846875 0.7826864828125 0.8260952765624999 0.8166701953125 0.9145268734374999 0.8803591203125001
3 0.9860521171875 0.7728526062500001 0.9991856671875 0.7388159609375 0.9206197062499999 0.675954396875 0.8969055375 0.709826546875 0.9860521171875 0.7728526062500001
3 0.7873786640625 0.9991856671875 0.8264731265625 0.9977532578125 0.8415504890625 0.986704396875 0.75300814375 0.9275863187500001 0.7257842015625 0.962762215625 0.7873786640625 0.9991856671875
0 0.8075993484374999 0.8549584687499999 0.875561075 0.8985757328125 0.8978436484375001 0.8727825734374999 0.8288379484374999 0.8257785015625 0.8048314328125 0.8536913687500001 0.8075993484374999 0.8549584687499999
2 0.927559446875 0.6766856671875 0.9991856671875 0.7346115640625 0.9991856671875 0.6619894140625 0.9558648203125 0.6306620515625 0.9243998375 0.6739340390625 0.927559446875 0.6766856671875