0 0.80078125 0.39921875 0.040625 0.08125
0 0.7125 0.3875 0.04140625 0.07265625
0 0.6671875 0.40078125 0.04140625 0.07109375
0 0.93203125 0.3921875 0.04765625 0.08046875
0 0.625 0.71328125 0.0484375 0.078125
0 0.58359375 0.9328125 0.04609375 0.07734375
0 0.5828125 0.6265625 0.03125 0.078125
0 0.628125 0.928125 0.04296875 0.0796875
0 0.66875 0.71484375 0.04296875 0.0765625
0 0.7109375 0.7140625 0.046875 0.08125
0 0.89375 0.609375 0.0375 0.08203125
0 0.7984375 0.715625 0.04140625 0.07734375
0 0.9328125 0.70390625 0.04140625 0.078125
0 0.97578125 0.70625 0.0453125 0.07734375
0 0.675 0.92578125 0.040625 0.07890625
0 0.84453125 0.7078125 0.0359375 0.0765625
0 0.80078125 0.61796875 0.0390625 0.08203125
0 0.75859375 0.715625 0.04375 0.0875
0 0.97890625 0.61796875 0.03984375 0.07734375
0 0.496875 0.9265625 0.04140625 0.09765625
0 0.8953125 0.709375 0.03984375 0.10078125
0 0.759375 0.92421875 0.04296875 0.08203125
0 0.934375 0.9234375 0.04296875 0.0796875
0 0.97734375 0.9171875 0.0421875 0.0859375
0 0.715625 0.925 0.04609375 0.08359375
0 0.8 0.921875 0.04453125 0.0828125
0 0.89140625 0.9140625 0.04453125 0.0828125
0 0.846875 0.91796875 0.04609375 0.08046875
0 0.5859375 0.48984375 0.075 0.0390625
0 0.30625 0.0171875 0.0828125 0.0328125
0 0.30703125 0.09921875 0.0796875 0.03203125
0 0.9765625 0.38984375 0.04453125 0.09453125
0 0.4453517921875 0.6174698703125 0.410929153125 0.5983933218749999 0.3664495109375 0.6537923453125 0.396609934375 0.6772956031249999 0.4453517921875 0.6174698703125
0 0.20115635156249997 0.7908387625 0.22510504843749998 0.8136824109375 0.267956840625 0.7612052125 0.246626221875 0.7398786640624999 0.20115635156249997 0.7908387625
0 0.35524755625000004 0.7999771984375 0.32636482031249997 0.7810952765625 0.2768729640625 0.8469055375 0.30642426718750004 0.8704723124999999 0.35524755625000004 0.7999771984375
0 0.313704396875 0.8782744296875 0.333812703125 0.8973102609374999 0.3821726390625 0.8414210093750001 0.3559796421875 0.8189853421875 0.313704396875 0.8782744296875
0 0.3445048859375 0.9046539093750001 0.37312540781250003 0.9249894140625001 0.4132280125 0.8717899015624999 0.385062703125 0.8469055375 0.3445048859375 0.9046539093750001
1 0 0.9991856671875 0.9966115640625001 0.9919837140625001 0.996998371875 0.1040855046875 0.5372410421875 0.0773061890625 0.4919617265625 0.1060171015625 0.4529633546875 0.001426709375 0.25593322500000004 0.002326546875 0.25491938125 0.3363713359375 0.07180863125 0.3923884359375 0 0.5041359937500001 0 0.9991856671875