1 0.00064169375 0.9991856671875 0.47696254062500004 0.9991856671875 0.4781441375 0.353890065625 0.0042890875 0.3600342015625 0.00064169375 0.9991856671875
3 0.10703125 0.40703125 0.04453125 0.0890625
3 0.14921875 0.40546875 0.04453125 0.0890625
3 0.1921875 0.4046875 0.04453125 0.0890625
3 0.2375 0.40546875 0.04453125 0.0890625
3 0.2796875 0.4046875 0.04453125 0.0890625
3 0.321875 0.40390625 0.04453125 0.0890625
3 0.06484375 0.40703125 0.04453125 0.0890625
3 0.2375 0.615625 0.04453125 0.0890625
3 0.19453125 0.61796875 0.04453125 0.0890625
3 0.065625 0.6203125 0.04453125 0.0890625
3 0.1078125 0.61875 0.04453125 0.0890625
3 0.153125 0.61875 0.04453125 0.0890625
3 0.28125 0.615625 0.04453125 0.0890625
3 0.19609375 0.709375 0.04453125 0.0890625
3 0.15234375 0.709375 0.04453125 0.0890625
3 0.109375 0.7078125 0.04453125 0.0890625
3 0.3265625 0.61640625 0.04453125 0.0890625
3 0.3265625 0.7078125 0.04453125 0.0890625
3 0.28359375 0.70703125 0.04453125 0.0890625
3 0.23984375 0.7078125 0.04453125 0.0890625
3 0.0640625 0.709375 0.04453125 0.0890625
3 0.021875 0.61953125 0.04375 0.0890625
3 0.0234375 0.4078125 0.04140625 0.08671875
3 0.45546875 0.70703125 0.04453125 0.0890625
3 0.4125 0.7078125 0.04453125 0.0890625
3 0.3703125 0.7078125 0.04453125 0.0890625
3 0.0203125 0.7078125 0.040625 0.08828125
3 0.38203125 0.6171875 0.0640625 0.090625
3 0.446875 0.61640625 0.06328125 0.08984375
3 0.11171875 0.921875 0.04296875 0.0890625
3 0.1546875 0.9203125 0.04296875 0.0890625
3 0.19921875 0.9203125 0.04296875 0.0890625
3 0.2421875 0.9203125 0.04296875 0.0890625
3 0.28515625 0.91953125 0.04296875 0.0890625
3 0.32734375 0.92109375 0.04296875 0.0890625
3 0.415625 0.9203125 0.04296875 0.0890625
3 0.371875 0.91953125 0.04296875 0.0890625
3 0.06640625 0.9234375 0.04296875 0.0890625
3 0.021875 0.92421875 0.04296875 0.0890625
3 0.02421875 0.984375 0.0453125 0.03125
3 0.41875 0.9828125 0.04453125 0.034375
3 0.37265625 0.9828125 0.0421875 0.03359375
3 0.32890625 0.9828125 0.0453125 0.03359375
3 0.2859375 0.9828125 0.04375 0.03359375
3 0.240625 0.9828125 0.04375 0.034375
3 0.065625 0.984375 0.0453125 0.03125
3 0.1109375 0.9828125 0.040625 0.034375
3 0.1546875 0.984375 0.0453125 0.03125
3 0.196875 0.9828125 0.04453125 0.034375
0 0.02265625 0.39453125 0.034375 0.0609375
0 0.0625 0.39921875 0.034375 0.0765625
0 0.190625 0.4015625 0.04296875 0.07578125
0 0.23671875 0.40234375 0.0359375 0.08515625
0 0.32109375 0.40078125 0.04453125 0.084375
0 0.02109375 0.61953125 0.03515625 0.08046875
0 0.0671875 0.61640625 0.03125 0.0734375
0 0.10859375 0.61484375 0.0296875 0.05703125
0 0.1515625 0.615625 0.034375 0.0796875
0 0.1953125 0.60859375 0.034375 0.0796875
0 0.2359375 0.596875 0.03515625 0.06953125
0 0.32265625 0.60625 0.040625 0.078125
0 0.3765625 0.603125 0.02890625 0.065625
0 0.44296875 0.596875 0.03125 0.08125
0 0.02734375 0.7125 0.028125 0.078125
0 0.06796875 0.7125 0.028125 0.0734375
0 0.1515625 0.70859375 0.03671875 0.08203125
0 0.23515625 0.7 0.03359375 0.0703125
0 0.28203125 0.703125 0.03515625 0.0765625
0 0.32578125 0.69453125 0.0296875 0.07734375
0 0.3671875 0.69140625 0.034375 0.07421875
0 0.4109375 0.690625 0.040625 0.08359375
0 0.45703125 0.6984375 0.0421875 0.08046875
0 0.0203125 0.92421875 0.0328125 0.08359375
0 0.06796875 0.92265625 0.03515625 0.08671875
0 0.11015625 0.92890625 0.0296875 0.065625
0 0.153125 0.91796875 0.03515625 0.07421875
0 0.19453125 0.91875 0.0390625 0.084375
0 0.2421875 0.91953125 0.0359375 0.08046875
0 0.2859375 0.91796875 0.03671875 0.0796875
0 0.3296875 0.91875 0.03515625 0.078125
0 0.375 0.9109375 0.03359375 0.07890625
0 0.42109375 0.9125 0.0359375 0.10390625
0 0.02265625 0.984375 0.03671875 0.0296875
0 0.0671875 0.9859375 0.02890625 0.028125
0 0.11015625 0.9859375 0.0328125 0.028125
0 0.153125 0.98359375 0.03203125 0.02734375
0 0.19609375 0.984375 0.02890625 0.025
0 0.23984375 0.98671875 0.03515625 0.0265625
0 0.284375 0.984375 0.034375 0.028125
0 0.325 0.98515625 0.03359375 0.025
0 0.36953125 0.9828125 0.03828125 0.0296875
0 0.415625 0.98515625 0.03828125 0.0296875
2 0.46015625 0.97734375 0.03828125 0.040625
2 0.4078125 0.3953125 0.1234375 0.07421875
2 0.453125 0.915625 0.02734375 0.078125