1 0.5 0.5 1 1
3 0.13046875 0.121875 0.04765625 0.090625
3 0.17421875 0.121875 0.040625 0.09140625
3 0.653125 0.11640625 0.040625 0.09140625
3 0.61015625 0.11640625 0.040625 0.09140625
3 0.56640625 0.11796875 0.040625 0.09140625
3 0.525 0.11875 0.040625 0.09140625
3 0.47890625 0.11875 0.040625 0.09140625
3 0.43671875 0.11953125 0.040625 0.09140625
3 0.34609375 0.1203125 0.040625 0.09140625
3 0.30234375 0.12109375 0.040625 0.09140625
3 0.825 0.115625 0.04140625 0.090625
3 0.78125 0.11796875 0.040625 0.09140625
3 0.73828125 0.11640625 0.040625 0.09140625
3 0.6953125 0.115625 0.040625 0.09140625
3 0.259375 0.121875 0.04140625 0.09296875
3 0.13125 0.21484375 0.04375 0.09140625
3 0.0859375 0.215625 0.040625 0.09140625
3 0.08515625 0.1234375 0.04375 0.09296875
3 0.215625 0.1234375 0.040625 0.09140625
3 0.303125 0.21484375 0.040625 0.09140625
3 0.26015625 0.21484375 0.040625 0.09140625
3 0.2171875 0.2140625 0.040625 0.09140625
3 0.17421875 0.21484375 0.040625 0.09140625
3 0.52578125 0.21171875 0.040625 0.09140625
3 0.48125 0.21328125 0.040625 0.09140625
3 0.43828125 0.2140625 0.040625 0.09140625
3 0.3921875 0.2125 0.040625 0.09140625
3 0.3484375 0.21484375 0.040625 0.09140625
3 0.7828125 0.20703125 0.040625 0.09140625
3 0.740625 0.20859375 0.040625 0.09140625
3 0.696875 0.20859375 0.040625 0.09140625
3 0.653125 0.21015625 0.040625 0.09140625
3 0.609375 0.2109375 0.040625 0.09140625
3 0.5671875 0.21171875 0.040625 0.09140625
3 0.94921875 0.11484375 0.06640625 0.09140625
3 0.95859375 0.20625 0.04921875 0.0921875
3 0.91328125 0.20625 0.040625 0.09140625
3 0.8703125 0.20703125 0.040625 0.09140625
3 0.2171875 0.42734375 0.040625 0.09140625
3 0.82578125 0.20703125 0.040625 0.09140625
3 0.17578125 0.4296875 0.040625 0.09140625
3 0.13125 0.43046875 0.040625 0.09140625
3 0.090625 0.43046875 0.040625 0.09140625
3 0.046875 0.4296875 0.040625 0.09140625
3 0.88125 0.1171875 0.065625 0.0921875
3 0.4375 0.42421875 0.04375 0.09140625
3 0.39375 0.425 0.04296875 0.090625
3 0.35 0.42578125 0.0421875 0.09140625
3 0.3046875 0.425 0.04453125 0.09140625
3 0.259375 0.4265625 0.040625 0.09140625
3 0.26015625 0.4265625 0.040625 0.09140625
3 0.4828125 0.425 0.046875 0.09453125
3 0.740625 0.41953125 0.046875 0.09453125
3 0.915625 0.41796875 0.046875 0.09453125
3 0.87265625 0.41953125 0.04140625 0.0953125
3 0.82890625 0.41953125 0.0453125 0.09375
3 0.784375 0.4203125 0.046875 0.09453125
3 0.56796875 0.4234375 0.04296875 0.09609375
3 0.61171875 0.421875 0.04140625 0.090625
3 0.65234375 0.42109375 0.046875 0.09453125
3 0.6953125 0.41953125 0.046875 0.09453125
3 0.08828125 0.52265625 0.046875 0.09453125
3 0.046875 0.5234375 0.040625 0.09140625
3 0.5265625 0.4234375 0.04140625 0.0953125
3 0.1328125 0.52109375 0.046875 0.09453125
3 0.35078125 0.51875 0.04375 0.09375
3 0.3078125 0.5171875 0.04140625 0.0921875
3 0.2640625 0.51953125 0.04140625 0.090625
3 0.2203125 0.5203125 0.04296875 0.09296875
3 0.17578125 0.52109375 0.04609375 0.09140625
3 0.5703125 0.51640625 0.04296875 0.09140625
3 0.5265625 0.51640625 0.03828125 0.09375
3 0.48359375 0.51796875 0.0421875 0.09296875
3 0.4390625 0.5171875 0.04296875 0.0921875
3 0.39453125 0.51875 0.04765625 0.09296875
3 0.61328125 0.515625 0.04140625 0.0921875
3 0.78671875 0.51328125 0.04140625 0.0921875
3 0.8296875 0.51328125 0.04140625 0.0921875
3 0.8703125 0.51171875 0.04140625 0.0921875
3 0.91328125 0.5140625 0.04140625 0.0921875
2 0.9625 0.5015625 0.04140625 0.0921875
3 0.65625 0.5140625 0.04140625 0.0921875
3 0.69921875 0.51484375 0.04140625 0.0921875
3 0.74375 0.5140625 0.04375 0.0921875
2 0.02890625 0.13125 0.0578125 0.08125
2 0.0109375 0.221875 0.021875 0.06484375
3 0.04375 0.21796875 0.04140625 0.08828125
3 0.0125 0.43125 0.025 0.09453125
3 0.0125 0.52421875 0.025 0.0890625
3 0.596875 0.72421875 0.0453125 0.08828125
3 0.24296875 0.72734375 0.04140625 0.0859375
3 0.28671875 0.72578125 0.0453125 0.08828125
3 0.50859375 0.72421875 0.0453125 0.08828125
3 0.3328125 0.72421875 0.0453125 0.08828125
3 0.37421875 0.72265625 0.0453125 0.08828125
3 0.41875 0.7234375 0.0453125 0.08828125
3 0.46484375 0.72265625 0.0453125 0.08828125
3 0.07265625 0.875 0.0453125 0.08828125
3 0.028125 0.87421875 0.0453125 0.08828125
3 0.065625 0.728125 0.0453125 0.08828125
3 0.11328125 0.72890625 0.0453125 0.08828125
3 0.15625 0.72890625 0.0453125 0.08828125
3 0.2015625 0.72734375 0.0453125 0.08828125
3 0.37890625 0.871875 0.0453125 0.08828125
3 0.334375 0.871875 0.0453125 0.08828125
3 0.115625 0.8734375 0.0453125 0.08828125
3 0.16015625 0.87265625 0.0453125 0.08828125
3 0.28984375 0.87109375 0.04140625 0.0875
3 0.68515625 0.7234375 0.0453125 0.08828125
3 0.25 0.87109375 0.0375 0.08671875
3 0.465625 0.8703125 0.0453125 0.08828125
3 0.2078125 0.87265625 0.0453125 0.08828125
3 0.4234375 0.8703125 0.0453125 0.08828125
3 0.378125 0.87109375 0.0453125 0.08828125
3 0.640625 0.72421875 0.0453125 0.08828125
3 0.74140625 0.72265625 0.06015625 0.08828125
3 0.81640625 0.8671875 0.0453125 0.08828125
3 0.7734375 0.86953125 0.0453125 0.08828125
3 0.72890625 0.86796875 0.0453125 0.08828125
3 0.68359375 0.86953125 0.0453125 0.08828125
3 0.640625 0.86875 0.0453125 0.08828125
3 0.59765625 0.8703125 0.04296875 0.0875
3 0.553125 0.86953125 0.0453125 0.08828125
3 0.51015625 0.86875 0.0453125 0.08828125
3 0.0265625 0.728125 0.053125 0.08984375
3 0.55390625 0.7234375 0.04296875 0.0875
3 0.8046875 0.72265625 0.0640625 0.09140625
3 0.871875 0.721875 0.06953125 0.08671875
3 0.940625 0.7234375 0.06796875 0.0875
3 0.87421875 0.86875 0.06484375 0.08828125
3 0.94140625 0.86796875 0.06640625 0.08515625
0 0.0828125 0.12890625 0.03515625 0.08359375
0 0.30234375 0.1234375 0.03984375 0.078125
3 0.390625 0.11875 0.0484375 0.08984375
0 0.39375 0.109375 0.04375 0.09140625
0 0.47734375 0.1203125 0.034375 0.08046875
0 0.52265625 0.11875 0.0390625 0.08828125
0 0.565625 0.1171875 0.0328125 0.0828125
0 0.60859375 0.11875 0.03046875 0.071875
0 0.65 0.1140625 0.03515625 0.07890625
0 0.69375 0.109375 0.03828125 0.0796875
0 0.73671875 0.09921875 0.03515625 0.08125
0 0.8234375 0.10625 0.0421875 0.0828125
0 0.87578125 0.1046875 0.03515625 0.06640625
0 0.94453125 0.096875 0.03203125 0.08046875
0 0.13046875 0.21328125 0.03515625 0.071875
0 0.16953125 0.22109375 0.03359375 0.07265625
0 0.21484375 0.2140625 0.0359375 0.0796875
0 0.259375 0.21640625 0.0453125 0.09375
0 0.303125 0.21484375 0.03828125 0.071875
0 0.3453125 0.2078125 0.0359375 0.078125
0 0.3921875 0.2109375 0.040625 0.1
0 0.43671875 0.20546875 0.0359375 0.0796875
0 0.48046875 0.21015625 0.0359375 0.078125
0 0.52578125 0.21484375 0.03515625 0.0828125
0 0.56484375 0.2125 0.03515625 0.07890625
0 0.65234375 0.2078125 0.03671875 0.0796875
0 0.734375 0.2 0.0359375 0.08515625
0 0.7828125 0.2015625 0.03828125 0.0859375
0 0.8265625 0.19609375 0.03671875 0.0828125
0 0.8671875 0.18828125 0.03828125 0.08125
0 0.91171875 0.1953125 0.0390625 0.0828125
0 0.9578125 0.19921875 0.04375 0.08046875
0 0.01015625 0.425 0.0203125 0.1
0 0.0859375 0.4328125 0.03984375 0.08125
0 0.13046875 0.4359375 0.03828125 0.08125
0 0.1765625 0.42578125 0.03671875 0.075
0 0.21796875 0.42890625 0.04140625 0.08828125
0 0.259375 0.425 0.03828125 0.08203125
0 0.30546875 0.42421875 0.0359375 0.0828125
0 0.35078125 0.41875 0.03203125 0.075
0 0.39609375 0.41796875 0.0359375 0.0796875
0 0.43671875 0.4265625 0.0375 0.07421875
0 0.4828125 0.42265625 0.0328125 0.084375
0 0.52265625 0.42421875 0.0328125 0.084375
0 0.56796875 0.4234375 0.034375 0.08359375
0 0.61015625 0.42890625 0.03359375 0.06953125
0 0.65234375 0.41484375 0.03828125 0.08359375
0 0.6953125 0.41953125 0.03359375 0.08359375
0 0.740625 0.4203125 0.0375 0.0828125
0 0.78046875 0.4171875 0.0421875 0.08203125
0 0.82734375 0.41796875 0.0359375 0.08515625
0 0.8703125 0.4078125 0.0390625 0.08984375
0 0.91796875 0.41328125 0.04921875 0.10234375
0 0.0125 0.52109375 0.01953125 0.08046875
0 0.0484375 0.51875 0.02890625 0.06875
0 0.0890625 0.52734375 0.03125 0.0796875
0 0.134375 0.5234375 0.0328125 0.08046875
0 0.17734375 0.5234375 0.03671875 0.08046875
0 0.21953125 0.515625 0.02890625 0.075
0 0.26484375 0.5171875 0.03828125 0.08359375
0 0.309375 0.51484375 0.03828125 0.0828125
0 0.35234375 0.51015625 0.03359375 0.07578125
0 0.39765625 0.50859375 0.0359375 0.06953125
0 0.4390625 0.50859375 0.0375 0.078125
0 0.48203125 0.50625 0.0390625 0.08515625
0 0.528125 0.51484375 0.03046875 0.0859375
0 0.571875 0.51640625 0.03671875 0.0828125
0 0.6140625 0.51640625 0.03125 0.0796875
0 0.6578125 0.5109375 0.03359375 0.0796875
0 0.6953125 0.5078125 0.03359375 0.08125
0 0.740625 0.5078125 0.03359375 0.07421875
0 0.78671875 0.51171875 0.03359375 0.08671875
0 0.82734375 0.50859375 0.034375 0.078125
0 0.875 0.5015625 0.03359375 0.0796875
0 0.9171875 0.50390625 0.0265625 0.07734375
0 0.02734375 0.7296875 0.03671875 0.08125
0 0.075 0.7265625 0.040625 0.09609375
0 0.11640625 0.73125 0.03203125 0.0765625
0 0.16015625 0.725 0.0375 0.07734375
0 0.2015625 0.73359375 0.03984375 0.08359375
0 0.246875 0.73203125 0.034375 0.07734375
0 0.29140625 0.73125 0.03984375 0.08046875
0 0.33203125 0.73671875 0.0390625 0.084375
0 0.37734375 0.7296875 0.0359375 0.0828125
0 0.41953125 0.725 0.03671875 0.07578125
0 0.46640625 0.7265625 0.03984375 0.0859375
0 0.50859375 0.72578125 0.03828125 0.0828125
0 0.54921875 0.72421875 0.04140625 0.08125
0 0.64296875 0.72734375 0.0359375 0.07578125
0 0.68125 0.71796875 0.040625 0.07890625
0 0.740625 0.7125 0.04296875 0.1015625
0 0.80234375 0.71328125 0.0421875 0.0765625
0 0.8703125 0.72109375 0.040625 0.08125
0 0.93515625 0.8546875 0.04140625 0.07578125
0 0.875 0.86171875 0.040625 0.08046875
0 0.81796875 0.85703125 0.03671875 0.07890625
0 0.77421875 0.8578125 0.0375 0.0796875
0 0.7296875 0.853125 0.0375 0.078125
0 0.6875 0.86484375 0.034375 0.08125
0 0.64140625 0.8640625 0.0421875 0.08828125
0 0.59609375 0.86484375 0.0359375 0.08203125
0 0.55625 0.853125 0.0375 0.08515625
0 0.51171875 0.85703125 0.03828125 0.0828125
0 0.46875 0.87109375 0.0375 0.07578125
0 0.42265625 0.8625 0.0390625 0.0828125
0 0.37890625 0.86875 0.034375 0.071875
0 0.3375 0.853125 0.034375 0.0703125
0 0.29140625 0.86484375 0.03359375 0.07890625
0 0.24921875 0.86953125 0.0375 0.08203125
0 0.20234375 0.86875 0.0359375 0.07734375
0 0.159375 0.8703125 0.03828125 0.071875
0 0.115625 0.86015625 0.0375 0.08046875
0 0.06875 0.8703125 0.03671875 0.08359375
0 0.028125 0.86796875 0.0390625 0.08125