0 0.50234375 0.0140625 0.0390625 0.028125
0 0.02035830625 0.31677524375 0.032573290625 0.3298045609375 0.048045603125 0.328990228125 0.056188925 0.318403909375 0.0521172640625 0.3021172640625 0.028501628125 0.2850162859375 0.012214984375 0.2687296421875 0.0008143328125 0.2638436484375 0 0.3045602609375 0.02035830625 0.31677524375
0 0.0423452765625 0.2353420203125 0.08224755624999999 0.2646579796875 0.0960912046875 0.2638436484375 0.10749185624999999 0.2516286640625 0.10179153125 0.236970684375 0.08631921875000001 0.22149837187500002 0.0447882734375 0.196254071875 0.03013029375 0.20928338750000003 0.02605863125 0.22557003281250002 0.025244299999999997 0.23208469062499998 0.0423452765625 0.2353420203125
0 0.0912052125 0.2125407171875 0.10260586249999999 0.2149837140625 0.11156351718749999 0.222312703125 0.1237785015625 0.2206840390625 0.135179153125 0.20684039062499998 0.10912052187500001 0.17915309375 0.0757328984375 0.1644951140625 0.0651465796875 0.1644951140625 0.0529315953125 0.18159609062499998 0.053745928124999995 0.1872964171875 0.0912052125 0.2125407171875
0 0.09446254062500001 0.145765471875 0.0977198703125 0.1522801296875 0.09527687343749999 0.15390879531249999 0.10179153125 0.1547231265625 0.11563517968749999 0.171009771875 0.11482084687500001 0.17345276874999999 0.1262214984375 0.175895765625 0.130293159375 0.18078175937500002 0.1416938109375 0.18322475625 0.15146579843750002 0.1783387625 0.1587947875 0.17345276874999999 0.165309446875 0.16286645 0.140065146875 0.13762215 0.12703583125 0.130293159375 0.12133550468750001 0.1359934859375 0.0977198703125 0.1237785015625 0.0830618890625 0.1335504890625 0.0830618890625 0.1416938109375 0.09446254062500001 0.145765471875
0 0.1319218234375 0.0781758953125 0.160423453125 0.104234528125 0.19299674218750001 0.1286644953125 0.20439739375000002 0.1262214984375 0.21416938124999998 0.1180781765625 0.21824104218749998 0.11156351718749999 0.216612378125 0.09934853437499999 0.21009772031249999 0.0928338765625 0.17345276874999999 0.068403909375 0.150651465625 0.06107491875 0.1465798046875 0.0553745921875 0.14087947812499999 0.0594462546875 0.1311074921875 0.0716612375 0.1319218234375 0.0781758953125
0 0.20521172656250003 0.446254071875 0.21335504843750003 0.44869706875000004 0.22964169375000001 0.44055374531249997 0.24816205156249999 0.40769136875 0.24944788281250002 0.395240228125 0.2503061890625 0.3921840390625 0.240901465625 0.39004153124999996 0.23199185625 0.3833355046875 0.2247557 0.3835504890625 0.21009772031249999 0.3965798046875 0.19299674218750001 0.42426710156249997 0.1905537453125 0.4340390875 0.20521172656250003 0.446254071875
0 0.2716368078125 0.49317263906250003 0.2797801296875 0.4939869703125 0.2976954390625 0.4866579796875 0.307031759375 0.46921416875000005 0.32553664531250004 0.443421009375 0.3258281765625 0.43782247500000004 0.3238615640625 0.43518566718749996 0.3207198703125 0.43236726406250003 0.31521416874999997 0.42889739374999997 0.306612378125 0.4221856671875 0.29525244375000004 0.4215114 0.26186482031249997 0.4736286640625 0.26186482031249997 0.4817719875 0.2716368078125 0.49317263906250003
0 0.31596091249999997 0.5242736156250001 0.3257328984375 0.5234592828125 0.3382842015625 0.51677524375 0.3371685671875 0.5131270359375 0.34561970625 0.4976172640625 0.35179153125 0.4851856671875 0.3615635171875 0.4640130296875 0.3607491859375 0.4566840390625 0.3460912046875 0.4460977203125 0.333876221875 0.44528338749999996 0.31921824062500004 0.4623843640625 0.314332246875 0.47785667812500005 0.30130293125 0.5006579796875 0.298045603125 0.5128729640625 0.31596091249999997 0.5242736156250001
0 0.67345276875 0.45276872968750004 0.6881107484375 0.4495114 0.6970684046875 0.4372964171875 0.6936327359375001 0.424998371875 0.6466050484375 0.3928135171875 0.6278501624999999 0.39250814375 0.6188925078125 0.40553745937499996 0.6262214984375001 0.42019543906249995 0.67345276875 0.45276872968750004
0 0.2711726390625 0.2434853421875 0.2850162859375 0.2508143328125 0.29478827343749997 0.2483713359375 0.31107491875000004 0.2353420203125 0.3273615640625 0.21009772031249999 0.33224755625 0.1970684046875 0.3298045609375 0.18485342031250002 0.31677524375 0.175895765625 0.3078175890625 0.1783387625 0.2711726390625 0.2247557 0.2687296421875 0.23045602656250003 0.2711726390625 0.2434853421875
0 0.3150065140625 0.1609454390625 0.347267915625 0.1790382734375 0.3936213359375 0.11669136875 0.3615635171875 0.0928338765625 0.3150065140625 0.1609454390625
0 0.34665716562500004 0.1877035828125 0.3854397390625 0.2086343640625 0.4419218234375 0.137373778125 0.40390879531249996 0.1058631921875 0.34665716562500004 0.1877035828125
0 0.387183225 0.2141441375 0.42174755625 0.231728828125 0.46138925156250005 0.1711815953125 0.43648208437499997 0.1498371328125 0.387183225 0.2141441375
0 0.42372964218750003 0.23912866406250002 0.45788355000000003 0.263194625 0.5008973937500001 0.196737784375 0.47068403906249995 0.1693811078125 0.42372964218750003 0.23912866406250002
0 0.4719356671875 0.2524381109375 0.49761074843750003 0.28196254062500004 0.542298859375 0.22220114062500002 0.5197369703125 0.1982662859375 0.5137776875 0.19137785000000002 0.4719356671875 0.2524381109375
0 0.5129381109375 0.2795537453125 0.5421669375 0.303456840625 0.581795603125 0.2527166125 0.5570032578124999 0.2247557 0.5129381109375 0.2795537453125
0 0.8192443 0.25160830624999997 0.8388656359375 0.22116368125000002 0.7777744296875 0.17335830624999998 0.7553990234375 0.203055375 0.8192443 0.25160830624999997
0 0.623012215625 0.10800244375000001 0.652057003125 0.1354144953125 0.70022475625 0.066840390625 0.6696449515625 0.043582246875 0.623012215625 0.10800244375000001
0 0.585409609375 0.081184853125 0.616799675 0.1086881109375 0.6669063515625 0.0383371328125 0.6319218234374999 0.0195439734375 0.585409609375 0.081184853125
0 0.54529723125 0.0630342015625 0.5852060265625 0.08697475625 0.6266351796875 0.013850162499999999 0.5912052125 0 0.54529723125 0.0630342015625
0 0.590759771875 0.0038493484374999996 0.5394063515624999 0.0001017921875 0.5108851796875 0.03591938125 0.5434967421875 0.059561075 0.5830618890625 0.0048859937499999995 0.590759771875 0.0038493484374999996
0 0.21175814375000002 0.0853713359375 0.2341840390625 0.061043159375 0.171009771875 0.013029315625 0.1486343640625 0.0439609125 0.21175814375000002 0.0853713359375
0 0.16648045625000002 0.163470684375 0.185438925 0.132131921875 0.1221498375 0.089576546875 0.1032353421875 0.11723208437499999 0.16648045625000002 0.163470684375
0 0.3366009765625 0.2889128671875 0.3684535828125 0.31050244375 0.4044943 0.248498371875 0.37785016250000003 0.22964169375000001 0.3366009765625 0.2889128671875
0 0.37272394062499997 0.312990228125 0.404555375 0.33381758906250003 0.443448696875 0.2713949515625 0.41368078124999996 0.247557003125 0.37272394062499997 0.312990228125
0 0.446334690625 0.3737052125 0.4738371328125 0.3966050484375 0.5193037453125 0.3259657984375 0.48694788281249995 0.307423453125 0.446334690625 0.3737052125
0 0.6247410421875 0.5339511406249999 0.642126221875 0.5062280125 0.5812296421875 0.4610561890625 0.5606034203125 0.48998045625 0.6247410421875 0.5339511406249999
0 0.597204396875 0.569001628125 0.6145285015625 0.5394943 0.5513477203125 0.49864413750000003 0.534437296875 0.5300846906250001 0.597204396875 0.569001628125
0 0.3454600984375 0.8856579796874999 0.36604641718750003 0.8510089578125 0.3203037453125 0.8272255703125 0.3063102609375 0.8554918562499999 0.3454600984375 0.8856579796874999
0 0.5592939734375 0.6012117265625 0.5805219875 0.5684951140625001 0.527799675 0.5359535828124999 0.5259226390625 0.5361017921875 0.5096783390625 0.5641050484375 0.5592939734375 0.6012117265625
0 0.1463754078125 0.41411400625 0.1726669375 0.43224592812499996 0.211909609375 0.3744576546875 0.1900105859375 0.356948696875 0.1463754078125 0.41411400625
0 0.066476384375 0.30558469062500004 0.095066775 0.2748501625 0.02013599375 0.2244886 0.018513029687499998 0.22343241093750002 0.0008273609374999999 0.256521171875 0.066476384375 0.30558469062500004
2 0.017554560937499998 0.8005496750000001 0.064937296875 0.83291368125 0.15120602656249998 0.7039837140625 0.1163330625 0.6724055375 0.017554560937499998 0.8005496750000001
1 0 0.9986612375 0.33055863125 0.9969478828125 0.9957801296875 0.0049755703125 0.1779894140625 0.003490228125 0 0.252179153125 0 0.9986612375