0 0.23046875 0.8921875 0.0375 0.0890625
0 0.2563941375 0.7767394140625 0.29120032500000004 0.8028110749999999 0.3433745921875 0.7303990234375 0.3094462546875 0.7084690546875 0.2563941375 0.7767394140625
0 0.6731286640625 0.6879324109375 0.698576546875 0.6508298046875 0.6237785015624999 0.6009771984375 0.598954396875 0.63010830625 0.6731286640625 0.6879324109375
0 0.13265309375 0.4297573296875 0.158476384375 0.3966498375 0.08561970625000001 0.34833061875000004 0.0621115640625 0.377576546875 0.13265309375 0.4297573296875
0 0.10499837187500001 0.4632662859375 0.134498371875 0.42981514687500005 0.06094136875 0.386572475 0.053745928124999995 0.3811074921875 0.034258957812500004 0.41382084687500004 0.10499837187500001 0.4632662859375
0 0.077476384375 0.49520276875 0.10310830625 0.4672296421875 0.03170846875 0.42194462499999996 0.011273615625 0.45286400625 0.077476384375 0.49520276875
0 0.0571815953125 0.53333061875 0.0799576546875 0.4982882734375 0.0114006515625 0.45602605937499996 0 0.49353908750000003 0.0571815953125 0.53333061875
0 0.00198615625 0.501523615625 0.00120276875 0.4880773609375 0 0.542948696875 0.033622964062499996 0.5641750812499999 0.0541270359375 0.534259771875 0.00198615625 0.501523615625
0 0.29080537500000003 0.1976661234375 0.3158843640625 0.1636555375 0.2491856671875 0.11726384375000001 0.223909609375 0.15389576562500001 0.29080537500000003 0.1976661234375
0 0.315732084375 0.15906188906250002 0.340816775 0.1270228015625 0.2768729640625 0.07654723125 0.254612378125 0.1090635171875 0.315732084375 0.15906188906250002
0 0.3507076546875 0.130320846875 0.36926384375 0.09558631875 0.29722475625 0.041677525 0.276890065625 0.06778257343750001 0.3507076546875 0.130320846875
0 0.4234910421875 0.0290936484375 0.37997475625 0 0.33224755625 0.0065146578125 0.39895928281250004 0.0601522796875 0.4234910421875 0.0290936484375
0 0.0376498375 0.9706970687500001 0.0787231265625 0.9974104234375 0.12529885937500002 0.9480993484375 0.08557491874999999 0.9236563515625 0.0376498375 0.9706970687500001
0 0.0044918562500000005 0.9152842015625 0.0069348531249999994 0.963762215625 0.054306189062499996 0.9087117265625 0.017915309375 0.88273615625 0.0044918562500000005 0.9152842015625
0 0.5608648203125 0.8454299671875001 0.597401465625 0.8061254078125 0.50979723125 0.7532508140624999 0.51724755625 0.7596384359374999 0.508143321875 0.7524429968749999 0.4814869703125 0.7862312703125001 0.5608648203125 0.8454299671875001
0 0.5209690546875 0.934427525 0.538356678125 0.8932019546875001 0.45928338750000003 0.8355048859374999 0.4356547234375 0.87923045625 0.5209690546875 0.934427525
0 0.4365073296875 0.5187361562499999 0.384340390625 0.590281759375 0.41445521249999995 0.6190244296875 0.46728664531249997 0.5430130296875 0.431596090625 0.5146579796874999 0.4365073296875 0.5187361562499999
0 0.35595195468749996 0.4667842015625 0.3046172640625 0.54560260625 0.34193078125 0.5725268734375 0.395828990625 0.49342182343749996 0.359934853125 0.46905537500000005 0.35595195468749996 0.4667842015625
0 0.27855863125 0.512679153125 0.3094714984375 0.540201140625 0.3602532578125 0.45955700312500003 0.3257328984375 0.4429967421875 0.27855863125 0.512679153125
0 0.239470684375 0.48681188906250006 0.2753143328125 0.511578990625 0.3221254078125 0.44562459218750006 0.283387621875 0.41856677500000006 0.239470684375 0.48681188906250006
0 0.2896034203125 0.411759771875 0.324631921875 0.442157165625 0.3799560265625 0.370057003125 0.33713355 0.3436482078125 0.2896034203125 0.411759771875
0 0.3278517921875 0.438301303125 0.36331921875 0.46235586250000005 0.4097809453125 0.39798615625 0.3811074921875 0.36970684062500003 0.3278517921875 0.438301303125
0 0.4131587953125 0.3915219875 0.41273289843749994 0.3878892515625 0.368434853125 0.45961400625 0.40729967499999997 0.479082246875 0.450065146875 0.410805375 0.415309446875 0.3892508140625 0.4131587953125 0.3915219875
0 0.4363037453125 0.508951140625 0.47563354999999996 0.5278843640625 0.5151099343750001 0.45443566718749995 0.47882736093749995 0.43322475625 0.4363037453125 0.508951140625
0 0.7119910421875 0.612798859375 0.740429153125 0.577762215625 0.675895765625 0.5374592828125 0.6533998375000001 0.5711270359375 0.7119910421875 0.612798859375
0 0.860316775 0.398106678125 0.8788558625 0.3627508140625 0.8166091203124999 0.32069299687499997 0.80005863125 0.35467100937499996 0.860316775 0.398106678125
0 0.40504723125000003 0.24337703593749999 0.4450643328125 0.27307491875 0.4994022796875 0.196629478125 0.455942996875 0.1734910421875 0.40504723125000003 0.24337703593749999
0 0.11759446250000001 0.6652842015625 0.147584690625 0.6856425078124999 0.18970114062500001 0.6252736156250001 0.15960912031250002 0.6026058625 0.11759446250000001 0.6652842015625
0 0.20273697031250001 0.626240228125 0.1437296421875 0.695299675 0.1789560265625 0.718387621875 0.23075488593750001 0.6437231265625 0.2000838765625 0.6241604234375 0.20273697031250001 0.626240228125
0 0.191359934375 0.20367182343749998 0.2464690546875 0.253276059375 0.2566840390625 0.233464984375 0.1970684046875 0.1921824109375 0.191359934375 0.20367182343749998
0 0.132429153125 0.7020342015625001 0.10613110781249999 0.683984528125 0.0651465796875 0.7410423453125 0.08910830625 0.761173453125 0.132429153125 0.7020342015625001
0 0.4224755703125 0.6164975562499999 0.4531441375 0.645561075 0.5021758953125001 0.5681425078125 0.46728664531249997 0.5452141687500001 0.4224755703125 0.6164975562499999
2 0.5083574921875 0.2936050484375 0.559944625 0.34394136875000003 0.6587003250000001 0.20282899062499998 0.6188925078125 0.1640301296875 0.5083574921875 0.2936050484375
2 0.303192996875 0.6976539093749999 0.25966368125 0.6714063515625 0.165192996875 0.8038623781249999 0.2117532578125 0.8386758953125 0.303192996875 0.6976539093749999
1 0 0.9980586312499999 0.4678868078125 0.9958045609375 0.9885187296875 0.22814902343750001 0.924862378125 0.17488599375 0.9530097718749999 0.127084690625 0.9991856671875 0.017690553125 0.9958029312500001 0.0000912046875 0.34201954375 0.00116368125 0.17438599375 0.20135667812500002 0.24492263906249997 0.2474894140625 0.17850814375 0.3332899015625 0.1585309453125 0.32269299687499997 0.1278574921875 0.3616188921875 0.08197394062499999 0.34479153125 0 0.4712312703125 0 0.9980586312499999