1 0.0033998371335504885 0.0017190553745928341 0.0015097719869706842 0.659178338762215 0.4102801302931597 0.6549250814332248 0.41924592833876223 0.6520260586319219 0.4324877850162867 0.6478086319218241 0.4467385993485342 0.6380521172638437 0.45993485342019536 0.626178338762215 0.46889657980456023 0.6129771986970683 0.4726587947882736 0.5955912052117264 0.47818485342019545 0.5807630293159609 0.47498615635179153 0.0017190553745928341 0.0033998371335504885 0.0017190553745928341
3 0.334793159375 0.2703729640625 0.40599999999999997 0.26774918593749997 0.40646661249999994 0.17880293125 0.3352337140625 0.1805105859375 0.334793159375 0.2703729640625
3 0.271295603125 0.26701710156249997 0.33381758906250003 0.26762133593750004 0.33470846875000004 0.18079153125 0.265214984375 0.1815390875 0.271295603125 0.26701710156249997
3 0.2007467421875 0.2704633546875 0.26944543906249996 0.2682312703125 0.2686815953125 0.18275814375 0.2008688921875 0.18322475625 0.2007467421875 0.2704633546875
3 0.16192833906249998 0.27072312656249997 0.203895765625 0.2711897390625 0.2028729640625 0.183590390625 0.155295603125 0.1835325734375 0.16192833906249998 0.27072312656249997
3 0.11143485312500001 0.27008713281249996 0.1641498375 0.2658558625 0.1573688921875 0.18378175937500002 0.1140065140625 0.1805105859375 0.11143485312500001 0.27008713281249996
3 0.07128583125 0.1802980453125 0.0714022796875 0.270176709375 0.1137573296875 0.2737394140625 0.1141286640625 0.18355863125 0.07328990156250001 0.1818672640625 0.07128583125 0.1802980453125
3 0.02452524375 0.26865553750000004 0.074096090625 0.26740390937499997 0.0735871328125 0.1809454390625 0.0271441375 0.1818672640625 0.02452524375 0.26865553750000004
3 0 0.268305375 0.029492670312500004 0.26701710156249997 0.0274780125 0.182259771875 0 0.1818672640625 0 0.268305375
3 0.40643485312500005 0.264043159375 0.47183550468749996 0.264737784375 0.46897801250000004 0.17655537500000001 0.40580863125000005 0.176438925 0.40643485312500005 0.264043159375
3 0.40189087968750004 0.41542589531249996 0.47682980468749997 0.4119006515625 0.47636319218749995 0.3206701953125 0.39902280156250003 0.3216612375 0.40189087968750004 0.41542589531249996
3 0.336245928125 0.41237215000000005 0.3981001625 0.4121286640625 0.39350407187499997 0.322557003125 0.33659039062499996 0.3216612375 0.336245928125 0.41237215000000005
3 0.29616530937499996 0.4145936484375 0.3380325734375 0.4162532578125 0.3359120515625 0.32289087968749997 0.2972312703125 0.32437540781249996 0.29616530937499996 0.4145936484375
3 0.2499991859375 0.4156384359375 0.2962557 0.41380944687500004 0.2961547234375 0.32426954375 0.249728828125 0.3230187296875 0.2499991859375 0.4156384359375
3 0.2026286640625 0.41994869687499997 0.25077850156250003 0.4184218234375 0.24827605937500002 0.32711645 0.20629723125 0.32844706874999996 0.2026286640625 0.41994869687499997
3 0.159478828125 0.4179657984375 0.20554967500000002 0.41922231249999997 0.20714576562499998 0.3280814328125 0.1547231265625 0.3257328984375 0.159478828125 0.4179657984375
3 0.1574112375 0.41588192187499995 0.1587785015625 0.3200439734375 0.1140065140625 0.3216612375 0.1185073296875 0.418734528125 0.1574112375 0.41588192187499995
3 0.0782255703125 0.4181351796875 0.1176701953125 0.41743566718749997 0.11432980468750001 0.321745928125 0.0767092828125 0.3223713359375 0.0782255703125 0.4181351796875
3 0.0546875 0.3671875 0.04375 0.1
3 0.01484375 0.3671875 0.0296875 0.0984375
3 0.028125 0.03046875 0.04453125 0.0609375
3 0.07109375 0.03125 0.0390625 0.0625
3 0.11171875 0.03046875 0.0453125 0.0609375
3 0.15546875 0.03046875 0.0453125 0.0609375
3 0.20078125 0.03046875 0.04375 0.05859375
3 0.24375 0.0296875 0.04296875 0.059375
3 0.28671875 0.0296875 0.04375 0.05703125
3 0.3296875 0.028125 0.04296875 0.0546875
3 0.3734375 0.028125 0.04140625 0.0546875
3 0.415625 0.02734375 0.04296875 0.0546875
2 0.4578125 0.02734375 0.03828125 0.0546875
2 0 0.31820276875000003 0.4771188921875 0.3172214984375 0.478045603125 0.26795276874999996 0 0.2687296421875 0 0.31820276875000003
2 0 0.654801303125 0.4057557 0.6489299671875 0.4128811078125 0.650807003125 0.42240146562499997 0.6442133546875 0.43508876250000006 0.638673453125 0.44141938124999996 0.6310301296875 0.45434283437499995 0.61838355 0.461732084375 0.6120578171875 0.470692996875 0.6004560265625 0.47411970625000005 0.5846107484374999 0.47438355000000004 0.5698688921875 0.47277442968749994 0.55795846875 0.46768078125 0.550051303125 0.4607092828125 0.5492605859374999 0.4507890875 0.5532825734375 0.44355048906250005 0.5693688921875 0.4384560265625 0.5865285015625 0.42800000000000005 0.6028827359375 0.4218330625 0.615484528125 0.406551303125 0.6229910421875 0 0.629362378125 0 0.654801303125
3 0.3578125 0.575 0.053125 0.09609375
3 0.31328125 0.5734375 0.040625 0.09375
3 0.2703125 0.5734375 0.04765625 0.0921875
3 0.23203125 0.5765625 0.04375 0.09453125
3 0.18515625 0.57890625 0.05078125 0.096875
3 0.1390625 0.5765625 0.04140625 0.0921875
3 0.05625 0.5796875 0.0515625 0.0953125
3 0.1 0.578125 0.0390625 0.0953125
3 0.01640625 0.57890625 0.03125 0.09375
3 0.3854454390625 0.61704723125 0.4210244296875 0.61426384375 0.4290407171875 0.6041058625 0.4374169375 0.5854283390624999 0.43644218281249997 0.5249153093750001 0.3857630296875 0.5266017921875 0.3854454390625 0.61704723125
0 0.02734375 0.03125 0.03515625 0.05390625
0 0.071875 0.03046875 0.0375 0.05625
0 0.1140625 0.0296875 0.040625 0.05078125
0 0.159375 0.0265625 0.04140625 0.04765625
0 0.1984375 0.0265625 0.0328125 0.04453125
0 0.2390625 0.02265625 0.0375 0.0453125
0 0.2859375 0.0265625 0.03203125 0.053125
0 0.32734375 0.02578125 0.03125 0.046875
0 0.371875 0.021875 0.0375 0.040625
0 0.41640625 0.02265625 0.03828125 0.0453125
0 0.01328125 0.2234375 0.02578125 0.07734375
0 0.04921875 0.2234375 0.0421875 0.08046875
0 0.140625 0.2265625 0.0359375 0.07578125
0 0.18125 0.21796875 0.03203125 0.08359375
0 0.2390625 0.209375 0.04921875 0.10703125
0 0.30078125 0.20859375 0.0390625 0.0890625
0 0.37265625 0.21875 0.0390625 0.07890625
0 0.015625 0.359375 0.025 0.078125
0 0.05703125 0.3515625 0.0328125 0.084375
0 0.0953125 0.3625 0.03046875 0.08125
0 0.13828125 0.365625 0.03046875 0.0859375
0 0.18515625 0.36484375 0.0359375 0.07890625
0 0.2296875 0.3578125 0.0328125 0.06875
0 0.275 0.35546875 0.034375 0.07109375
0 0.3171875 0.3546875 0.03671875 0.07734375
0 0.37109375 0.35859375 0.0484375 0.07890625
0 0.4328125 0.3546875 0.04375 0.07109375
0 0.01484375 0.584375 0.025 0.0796875
0 0.053125 0.575 0.0359375 0.07734375
0 0.10078125 0.58203125 0.0328125 0.08359375
0 0.14140625 0.58125 0.03046875 0.0828125
0 0.1859375 0.57578125 0.0375 0.07734375
0 0.22890625 0.58203125 0.03203125 0.078125
0 0.2734375 0.575 0.03359375 0.0921875
0 0.3578125 0.57109375 0.04296875 0.08671875
0 0.4078125 0.56953125 0.03984375 0.090625