0 0.31334609062499996 0.6638908796874999 0.3443672640625 0.6834283390625 0.39332899062500004 0.6195219875 0.3631921828125 0.5912052125 0.31334609062499996 0.6638908796874999
0 0.4086482078125 0.6091522796875 0.34885260625000003 0.6873851796875 0.3810439734375 0.7143159609375 0.44303501562500003 0.6378509765625 0.4089283390625 0.612785015625 0.4086482078125 0.6091522796875
0 0.38313680781250004 0.7148501625 0.4227719875 0.7323200328125 0.4658615640625 0.6646482078125 0.4397394140625 0.6465798046875 0.38313680781250004 0.7148501625
0 0.4202589578125 0.738854234375 0.45734934843749997 0.7642443 0.5001718234375 0.69786400625 0.46905537500000005 0.6726384359375001 0.4202589578125 0.738854234375
0 0.4658550484375 0.7635513031250001 0.4977353421875 0.781962540625 0.5368102609375 0.7161734531249999 0.5114006515625 0.7003257328125 0.4658550484375 0.7635513031250001
0 0.501762215625 0.7789600984375 0.54038599375 0.8023208468749999 0.5754592828125 0.7444201953125 0.5472312703125 0.7231270359375 0.501762215625 0.7789600984375
0 0.141665309375 0.9161718234375 0.1733509765625 0.9413745921875 0.21987622187500003 0.8682312703124999 0.1932076546875 0.8475472312500001 0.141665309375 0.9161718234375
0 0.1832776875 0.9316946250000001 0.21651872968750002 0.9584201953125 0.2590276875 0.8973851796875 0.2247557 0.87039739375 0.1832776875 0.9316946250000001
0 0.2921229640625 0.9214299671875 0.2518574921875 0.9855643328125 0.28876954375 0.9991856671875 0.33122312656249997 0.9456563515624999 0.2964169375 0.915309446875 0.2921229640625 0.9214299671875
0 0.28557003281250004 0.9976205218749999 0.34506026093750003 0.9991856671875 0.3726522796875 0.9629926703124999 0.33224755625 0.9348534203125001 0.28557003281250004 0.9976205218749999
0 0.677815146875 0.9610285015625 0.7056001625 0.9291278500000001 0.62703583125 0.8811074921875001 0.60998045625 0.9164258953125 0.677815146875 0.9610285015625
0 0.70101954375 0.92562215 0.7253477203124999 0.8932842015625001 0.6547231265625 0.84201954375 0.6357451140625 0.87217508125 0.70101954375 0.92562215
0 0.7206587953125 0.8954315953125 0.7514698703125 0.8604731265625001 0.6862182406249999 0.817237784375 0.681059446875 0.8154560265624999 0.6559763843749999 0.8393061890625001 0.7206587953125 0.8954315953125
0 0.48189291875 0.4230760703125 0.43444625468750003 0.4932947875 0.4712630296875 0.5183925078125 0.5154087953125 0.4522785015625 0.48189291875 0.4230760703125
0 0.3356897390625 0.783667753125 0.3670643328125 0.81205293125 0.4102785015625 0.7526897390625 0.37622149843749997 0.72964169375 0.3356897390625 0.783667753125
0 0.004173453125 0.756279315625 0 0.807118078125 0.0407166125 0.84201954375 0.0688941375 0.8078558625 0.004173453125 0.756279315625
0 0.075198696875 0.805234528125 0.099373778125 0.7760268734375 0.023437296875 0.7232353421875 0.0199576546875 0.72363599375 0 0.7502166124999999 0.075198696875 0.805234528125
0 0.093495928125 0.7757980453125 0.11830048906249999 0.7415130296875 0.043973940625 0.6889250812500001 0.0208102609375 0.720118078125 0.093495928125 0.7757980453125
0 0.11897557031249999 0.736665309375 0.14724755625 0.7019478828125 0.068403909375 0.6514657984375 0.0433379484375 0.6817866453125 0.11897557031249999 0.736665309375
0 0.14549185625 0.6948224749999999 0.1691074921875 0.663165309375 0.1033118890625 0.6191343640625 0.1005887625 0.6132174265625 0.07400244375000001 0.647692996875 0.14549185625 0.6948224749999999
0 0.1692410421875 0.6691457656249999 0.1908021171875 0.6346131921875 0.1210301296875 0.5824828984375 0.0926620515625 0.6213925078125 0.1692410421875 0.6691457656249999
0 0.202348534375 0.6381245921875001 0.22756758906250002 0.596785015625 0.1465798046875 0.5390879484375 0.1196050484375 0.57492508125 0.202348534375 0.6381245921875001
0 0.221129478125 0.5893159609375 0.242626221875 0.5527980453125 0.17752442968749998 0.5016286640625001 0.154029315625 0.53894136875 0.221129478125 0.5893159609375
0 0.25438355 0.3919674265625 0.2576408796875 0.4017394140625 0.2853281765625 0.42616938125 0.308129478125 0.4383843640625 0.317901465625 0.4351270359375 0.33011645 0.42535504843750005 0.33500244375 0.4155830625 0.3340830625 0.40860260625 0.30978583125000003 0.38980863125 0.288287459375 0.374004071875 0.2633412046875 0.37812377812500003 0.261712540625 0.38545276875 0.25438355 0.3919674265625
0 0.48859934843749997 0.135179153125 0.5089576546875 0.1465798046875 0.517915309375 0.14250814375 0.5244299671875 0.1221498375 0.4902280125 0.09527687343749999 0.46661237812499995 0.081433225 0.4535830625 0.0969055375 0.451954396875 0.10667752500000001 0.48859934843749997 0.135179153125
0 0.5244299671875 0 0.5244299671875 0.0032573296875 0.528501628125 0.0089576546875 0.5814332249999999 0.0366449515625 0.5928338765625 0.0317589578125 0.6115635171875 0.015472312499999998 0.5923257328125 0 0.5244299671875 0
0 0.9215114 0 0.9019674265625 0.030944624999999996 0.90115309375 0.04560260625 0.9166254078125 0.0570032578125 0.9255830625 0.056188925 0.9345407171875 0.051302931249999996 0.9532703578125 0.032573290625 0.9744429968749999 0 0.9215114 0
0 0.8688925078124999 0 0.8648208468749999 0.007328990624999999 0.8664495109375 0.021172639062500002 0.8843648203125 0.032573290625 0.9042271984375001 0.0175008140625 0.9193811078125 0 0.8688925078124999 0
0 0.4959283390625 0.527687296875 0.5016286640625001 0.53013029375 0.512214984375 0.5244299671875 0.54560260625 0.47394136875 0.543159609375 0.461726384375 0.532573290625 0.45439739375 0.5211726390625 0.45439739375 0.4853420203125 0.5097719875 0.4853420203125 0.5195439734375 0.4959283390625 0.527687296875
0 0.5659609125 0.574104234375 0.5773615640624999 0.5773615640624999 0.584690553125 0.5732899015624999 0.594462540625 0.564332246875 0.5977198703125 0.5521172640625001 0.6107491859375 0.5366449515625 0.61726384375 0.5219869703125 0.6164495109375 0.512214984375 0.605048859375 0.5032573296875 0.594462540625 0.5032573296875 0.58224755625 0.5162866453125 0.5570032578124999 0.5561889250000001 0.5570032578124999 0.564332246875 0.5659609125 0.574104234375
0 0.640879478125 0.6188925078125 0.6514657984375 0.6213355046875 0.66286645 0.6156351796874999 0.6840390875 0.5952768734375 0.6848534203125001 0.58631921875 0.6897394140625 0.5806188921875 0.6897394140625 0.56677524375 0.6848534203125001 0.568403909375 0.675895765625 0.558631921875 0.6587947875 0.5602605859375 0.6319218234374999 0.599348534375 0.63273615625 0.6115635171875 0.640879478125 0.6188925078125
0 0.814332246875 0.7434853421875001 0.8257328984375001 0.741856678125 0.8355048859374999 0.732084690625 0.8382532578124999 0.7193957656250001 0.8190610749999999 0.7029552125 0.798104234375 0.6860806187499999 0.7808420203125 0.6788485343749999 0.772801303125 0.68322475625 0.7654723125 0.6929967421875001 0.7654723125 0.7035830625 0.814332246875 0.7434853421875001
0 0.46824104218749996 0.8892508140625001 0.49511400625 0.8770358312500001 0.5143232906249999 0.8414185671875 0.5171644953125 0.8270399015625 0.514312703125 0.8182345281250001 0.5032573296875 0.8070032578124999 0.48452768749999997 0.8159609124999999 0.45602605937499996 0.8688925078124999 0.45521172656250003 0.880293159375 0.46824104218749996 0.8892508140625001
0 0.3868078171875 0.8232899015624999 0.40065146562500004 0.8257328984375001 0.40879478750000003 0.8216612375000001 0.41779560312499997 0.80449755625 0.430781759375 0.798859934375 0.4230390875 0.79732491875 0.4381107484375 0.7719869703125 0.4372964171875 0.763029315625 0.4275244296875 0.75488599375 0.4169381109375 0.7565146578124999 0.3811074921875 0.8070032578124999 0.38029315937499997 0.8159609124999999 0.3868078171875 0.8232899015624999
0 0.2719869703125 0.7442996749999999 0.2850162859375 0.7508143328125 0.29560260625 0.7475570031250001 0.3094462546875 0.736970684375 0.32328990156250004 0.7206840390625 0.3216612375 0.7149837140625 0.33224755625 0.6970684046875 0.3298045609375 0.6848534203125001 0.3224755703125 0.6775244296875 0.308631921875 0.6775244296875 0.2695439734375 0.7280130296875 0.2687296421875 0.737785015625 0.2719869703125 0.7442996749999999
1 0 0.9980024437499999 0.662031759375 0.9924731265625001 0.9991856671875 0.4781441375 0.997726384375 0.0012882734375 0.5293159609375 0 0 0.7604886 0 0.9980024437499999