0 0.5356726390625 0.8423086312500001 0.5675675890625 0.8108281765625 0.491856678125 0.7557003250000001 0.47028257343749996 0.79499755625 0.5356726390625 0.8423086312500001
0 0.5789454390625 0.8054315953125 0.5945578171875 0.7714079796875 0.52290309375 0.72135830625 0.5195439734375 0.721498371875 0.4995423453125 0.7520993484375 0.5789454390625 0.8054315953125
0 0.597427525 0.7770765468749999 0.6178558625 0.7412842015625001 0.5407166125 0.685667753125 0.521204396875 0.7209576546875 0.597427525 0.7770765468749999
0 0.6168754078124999 0.735106678125 0.6422858312499999 0.7010830625 0.5747019546875001 0.6520952765625 0.5700325734375 0.6514657984375 0.54805863125 0.685776059375 0.6168754078124999 0.735106678125
0 0.6395244296875 0.695903909375 0.6632801296874999 0.66459690625 0.594462540625 0.620521171875 0.5787548859375 0.64575244375 0.6395244296875 0.695903909375
0 0.6620651468750001 0.663801303125 0.6892557 0.6347337140625 0.6221498375000001 0.5830618890625 0.6045333875 0.614737784375 0.6620651468750001 0.663801303125
0 0.6994796421875 0.6368713359375 0.729521171875 0.6015814328125 0.644951140625 0.5374592828125 0.621590390625 0.5730928343749999 0.6994796421875 0.6368713359375
0 0.7179674265625 0.5905879484375001 0.73910830625 0.5581864828125 0.67261400625 0.5083371328124999 0.6484055375 0.5352581437499999 0.7179674265625 0.5905879484375001
0 0.7767646578125 0.366442996875 0.749070846875 0.401987784375 0.8159861562499999 0.4482646578125 0.833876221875 0.4169381109375 0.7767646578125 0.366442996875
0 0.6386148203124999 0.9155130296875 0.6704690546875 0.9439698703125 0.7171726390625001 0.875140065625 0.6889250812500001 0.85179153125 0.6386148203124999 0.9155130296875
0 0.683487784375 0.9337198703125 0.71658061875 0.9597353421875001 0.762812703125 0.902795603125 0.7280130296875 0.874592834375 0.683487784375 0.9337198703125
0 0.7484682406250001 0.9742467421875001 0.78240309375 0.9936506515625 0.831326546875 0.939504071875 0.7944087953125 0.915190553125 0.7484682406250001 0.9742467421875001
0 0.80708631875 0.9865887624999999 0.8399837140624999 0.9991856671875 0.867143321875 0.9661482078124999 0.8436482078124999 0.9381107484375001 0.80708631875 0.9865887624999999
0 0.7605928343749999 0.7398843640625 0.79095846875 0.764409609375 0.8438200328125 0.6997467421875 0.8127035828125001 0.671009771875 0.7605928343749999 0.7398843640625
0 0.8815276875 0.71724185625 0.83288355 0.7910219875 0.8673338765624999 0.81497475625 0.9111229640625 0.752907165625 0.8811074921875001 0.7231270359375 0.8815276875 0.71724185625
0 0.8666783390624999 0.8104454390625 0.90083631875 0.8401490234375 0.9498550484375 0.7757785015625001 0.9185667750000001 0.7475570031250001 0.8666783390624999 0.8104454390625
0 0.9412662859375001 0.8712850156249999 0.9756083062500001 0.900237784375 0.9991856671875 0.846962540625 0.9867988593750001 0.800259771875 0.9412662859375001 0.8712850156249999
0 0.8116539093749999 0.6618037453125 0.8496156359375 0.6888615640625 0.8991693812499999 0.6134022796874999 0.8654315953125 0.5924584687500001 0.8116539093749999 0.6618037453125
0 0.8502719875 0.690809446875 0.87989739375 0.716723940625 0.9351197062500001 0.6385244296875 0.9051441375 0.60736645 0.8502719875 0.690809446875
0 0.8818835500000001 0.71537785 0.9231661234375 0.7382557000000001 0.9676938109375 0.6693558625 0.9364820843749999 0.644951140625 0.8818835500000001 0.71537785
0 0.9225618890625 0.7412907171875001 0.9582019546874999 0.7673298046875 0.9974869703125 0.700968240625 0.9690553749999999 0.675895765625 0.9225618890625 0.7412907171875001
0 0.9991856671875 0.763309446875 0.9991856671875 0.715842834375 0.9706840390625 0.7557003250000001 0.9926644953125001 0.7837500000000001 0.9991856671875 0.763309446875
0 0.3892508140625 0.9348534203125001 0.40798045624999996 0.9454397390624999 0.4169381109375 0.9568403906249999 0.431596090625 0.967426709375 0.43892508125 0.9698697062500001 0.44706840468750003 0.96416938125 0.4495114 0.9486970687499999 0.44706840468750003 0.9389250812500001 0.4275244296875 0.9258957656250001 0.42345276875 0.9185667750000001 0.40553745937499996 0.9087947875 0.395765471875 0.9104234531250001 0.3892508140625 0.9177524437500001 0.3868078171875 0.92345276875 0.3892508140625 0.9348534203125001
0 0.45928338750000003 0.8884364828125 0.48452768749999997 0.900651465625 0.4934853421875 0.8998371328125 0.5024429968749999 0.8933224750000001 0.4983713359375 0.8737785015625 0.467426709375 0.8485342015624999 0.446254071875 0.84201954375 0.4372964171875 0.849348534375 0.43241042343749997 0.8640065140625 0.45928338750000003 0.8884364828125
0 0.9405113999999999 0.492220684375 0.9729943000000001 0.51010260625 0.9991856671875 0.44861400625 0.9826278500000001 0.431596090625 0.9405113999999999 0.492220684375
1 0.9967035828125 0.9991856671875 0.9991856671875 0.42276872968749996 0.8274063515625001 0.285933225 0.316232084375 0.9989144953125001 0.9967035828125 0.9991856671875