1 0.4075105859375 0.1925342015625 0.37145439687500004 0.20666368125 0.3204951140625 0.2248851796875 0.283934853125 0.2403078171875 0.23918322500000003 0.2575855046875 0.18581188906249999 0.2708184046875 0.13118892499999998 0.2745879484375 0.09456514687499999 0.2817190546875 0 0.2719951140625 0.000694625 0.933714984375 0.2254201953125 0.9995464171874999 0.5510684046875001 0.9980130296875 0.575159609375 0.9841807812500001 0.59895846875 0.9742190546874999 0.6369714984375 0.9540146578125 0.6706156359375 0.9375423453125 0.706348534375 0.9164470687499999 0.7351042343749999 0.8853053750000001 0.9991856671875 0.4540114 0.9991856671875 0.0003607484375 0.632433225 0.0005570031250000001 0.62957491875 0.002555375 0.5690521171875 0.10682817656250002 0.4075105859375 0.1925342015625
2 0.0799592828125 0.2991718234375 0.046342020312499996 0.3941449515625 0.052353420312499996 0.40162052187499997 0.0621938109375 0.40929723124999995 0.075245928125 0.4119112375 0.0820114 0.41259527656249995 0.10520032500000001 0.3555073296875 0.349123778125 0.43555618906250004 0.321342834375 0.5085920203125001 0.3343534203125 0.5176946250000001 0.3537630296875 0.5265057 0.4265700328125 0.552484528125 0.44343973906249995 0.544584690625 0.38015390937500004 0.49815309374999994 0.518426709375 0.27647557031250003 0.5800895765625 0.31778583125000004 0.5837687296875 0.31199104218749996 0.5837687296875 0.3045105859375 0.5827671015625 0.3004438109375 0.57586970625 0.2872109125 0.4595301296875 0.20974348593749997 0.4449617265625 0.2029943 0.43586400625 0.19980293124999998 0.411820846875 0.189862378125 0.32834690625 0.225934853125 0.2968444625 0.2325089578125 0.28054153125000003 0.2404079796875 0.24375895781249998 0.2562866453125 0.20448941406249999 0.2648330625 0.17220276875 0.2709828984375 0.13779478750000002 0.2759079796875 0.10354071718749999 0.28344136875000003 0.0936058625 0.2888387625 0.0799592828125 0.2991718234375
2 0.5788859937499999 0.1416229640625 0.59073045625 0.15642508125000001 0.64119136875 0.186490228125 0.6597947875 0.18448615625 0.6647255703125 0.1759242671875 0.6028232906250001 0.13171416875 0.685645765625 0.0010814328125 0.6295912046875001 0 0.6153827359374999 0.023401465625 0.5897280125 0.06766449531249999 0.5727255703125 0.0967866453125 0.5705838765625 0.127732084375 0.5788859937499999 0.1416229640625
3 0.289623778125 0.6287426703125 0.24907084687499997 0.6135912046875001 0.219381921875 0.6996897390625 0.25944136875 0.7162939734375 0.289623778125 0.6287426703125
3 0.41127524375 0.6729161234375 0.3707223125 0.65776384375 0.3410333875 0.7438631921875001 0.381092834375 0.7604674265625 0.41127524375 0.6729161234375
3 0.45255863124999995 0.6860219875 0.4120065140625 0.67086970625 0.3823175890625 0.756968240625 0.422376221875 0.773573290625 0.45255863124999995 0.6860219875
3 0.495188925 0.6989047234375 0.4546368078125 0.68375244375 0.42494788281250007 0.7698517921875 0.4650073296875 0.7864560265625 0.495188925 0.6989047234375
3 0.5331547234375 0.7147035828125 0.4926017921875 0.699551303125 0.46291286718749997 0.7856506515625 0.5029723125000001 0.8022548859375 0.5331547234375 0.7147035828125
3 0.5754193812499999 0.729426709375 0.53486645 0.7142744296875 0.505177525 0.8003729640625 0.5452369703125 0.8169780125000001 0.5754193812499999 0.729426709375
3 0.615515471875 0.7447271984375 0.5749633546874999 0.72957491875 0.545273615625 0.8156734531250001 0.5853330625 0.8322785015624999 0.615515471875 0.7447271984375
3 0.250184853125 0.6154144953125 0.20963192187500002 0.600262215625 0.17994299687499998 0.6863615640625 0.22000244375000003 0.7029657984375 0.250184853125 0.6154144953125
3 0.2084128671875 0.603051303125 0.1678607484375 0.5878990234375 0.138171009375 0.67399755625 0.17823045625 0.6906026062499999 0.2084128671875 0.603051303125
3 0.1677491859375 0.5868224750000001 0.12715960937499998 0.5690089578124999 0.0959063515625 0.6573509765625001 0.1367980453125 0.6729218234375 0.1677491859375 0.5868224750000001
3 0.1269796421875 0.5716074921875001 0.086427525 0.5564552125 0.056737784375 0.6425537453125 0.09679723125 0.6591587953125 0.1269796421875 0.5716074921875001
3 0.0882565140625 0.5573403906250001 0.047704396875 0.5421881109375 0.0180146578125 0.6282866453125 0.0580741046875 0.64489169375 0.0882565140625 0.5573403906250001
3 0.1368509765625 0.6750952765625 0.096298859375 0.659942996875 0.066609934375 0.7460415312500001 0.10666938125 0.7626465796875 0.1368509765625 0.6750952765625
3 0.0944755703125 0.6616131921874999 0.0539226390625 0.6464609125 0.0242337140625 0.7325594468750001 0.06429315937499999 0.7491644953125001 0.0944755703125 0.6616131921874999
3 0.3714755703125 0.6586921828125 0.330923453125 0.6435399015625001 0.3012337140625 0.7296384359375 0.34129315937500004 0.7462434859375 0.3714755703125 0.6586921828125
3 0.32973045624999997 0.64397475625 0.2891783390625 0.628822475 0.25948859999999996 0.714921009375 0.2995480453125 0.7315260593749999 0.32973045624999997 0.64397475625
3 0.2990342015625 0.7322630296875 0.2584812703125 0.7171107484375 0.22879234531249998 0.8032092828125 0.2688517921875 0.8198143328124999 0.2990342015625 0.7322630296875
3 0.2591604234375 0.717805375 0.21860830625 0.70265309375 0.1889185671875 0.788751628125 0.2289780125 0.805356678125 0.2591604234375 0.717805375
3 0.21813110781249997 0.7042157984374999 0.1775781765625 0.6890643328125 0.1478892515625 0.7751628671875 0.187948696875 0.7917671015625001 0.21813110781249997 0.7042157984374999
3 0.177212540625 0.69063355 0.1366604234375 0.6754812703125 0.1069714984375 0.7615798046875 0.1470301296875 0.778184853125 0.177212540625 0.69063355
3 0.4620912046875 0.7891856671874999 0.42153908749999996 0.7740333875000001 0.39184934843749997 0.860131921875 0.4319087953125 0.8767369703125001 0.4620912046875 0.7891856671874999
3 0.3800008140625 0.7619983718750001 0.3394478828125 0.7468469062499999 0.3097589578125 0.8329454390625 0.34981840468750003 0.8495496749999999 0.3800008140625 0.7619983718750001
3 0.42118892499999994 0.7754169375 0.38063680781250003 0.7602646578125001 0.3509478828125 0.84636400625 0.3910065140625 0.862968240625 0.42118892499999994 0.7754169375
3 0.3394324109375 0.7475944625000001 0.29888029375 0.7324421828125 0.269190553125 0.8185407171874999 0.30924999999999997 0.835145765625 0.3394324109375 0.7475944625000001
3 0.503433225 0.803637621875 0.46288110781249997 0.7884853421875 0.4331921828125 0.874584690625 0.47325081406249997 0.891188925 0.503433225 0.803637621875
3 0 0.7223648203125 0.0225268734375 0.7288110750000001 0.05423045625 0.6465244296875 0.0162866453125 0.6311074921875 0 0.675720684375 0 0.7223648203125
3 0 0.6244967421875 0.01538029375 0.6288175890625001 0.044798859375 0.5443143328125 0.0009486968749999999 0.5326506515625 0 0.6244967421875
3 0.163407165625 0.458676709375 0.2056188921875 0.473765471875 0.23182491875000003 0.3997117265625 0.19177117187499998 0.3834674265625 0.163407165625 0.458676709375
3 0.20354071718750003 0.4731978828125 0.24575244375 0.4882866453125 0.27195846874999996 0.4142328984375 0.23190472343750002 0.3979886 0.20354071718750003 0.4731978828125
3 0.2442410421875 0.4883558625 0.28645276875 0.5034438109375 0.3126587953125 0.4293908796875 0.2726050484375 0.4131465796875 0.2442410421875 0.4883558625
3 0.28325651406249996 0.50164169375 0.319773615625 0.5128493484375001 0.3467328984375 0.43958061875 0.31161970625 0.4264324109375 0.28325651406249996 0.50164169375
3 0.1233477203125 0.4470977203125 0.165559446875 0.4621864828125 0.19176547187499998 0.38813355 0.1517117265625 0.37188925156249997 0.1233477203125 0.4470977203125
3 0.0794185671875 0.43383306250000003 0.12163029375000001 0.4489218234375 0.14783631875 0.37486889218749997 0.1077825734375 0.3586245921875 0.0794185671875 0.43383306250000003
3 0.1228021171875 0.97003583125 0.16501384375 0.9851245921875 0.1912198703125 0.9110716609375 0.1511661234375 0.8948273609375 0.1228021171875 0.97003583125
3 0.000010585937499999999 0.9266685671875001 0.0422223125 0.9417573296875 0.0684283390625 0.8677035828124999 0.0283745921875 0.8514592828125 0.000010585937499999999 0.9266685671875001
3 0.041740228125 0.9410732906250001 0.083951140625 0.9561620515625 0.110157165625 0.8821083062499999 0.0701034203125 0.86586400625 0.041740228125 0.9410732906250001
3 0.08240309375 0.9547988593750001 0.1246148203125 0.969887621875 0.150820846875 0.895834690625 0.1107671015625 0.879590390625 0.08240309375 0.9547988593750001
3 0.16439902343749999 0.9845773609374999 0.206609934375 0.9996661234375 0.2328159609375 0.9256123781250001 0.192762215625 0.9093680781250001 0.16439902343749999 0.9845773609374999
3 0.5184421828125 0.433748371875 0.539076546875 0.39631921875 0.4741050484375 0.35779153125 0.4499926703125 0.39352524375 0.5184421828125 0.433748371875
3 0.4714112375 0.50616938125 0.49204560312499995 0.46873941406249997 0.4270741046875 0.43021254062500003 0.4029617265625 0.4659454390625 0.4714112375 0.50616938125
3 0.446917753125 0.5392728015625 0.4675521171875 0.501842834375 0.4025798046875 0.46331596093750005 0.3839185671875 0.4978827359375 0.446917753125 0.5392728015625
3 0.5416954390625001 0.39782491875 0.562328990625 0.3603949515625 0.49735749218749997 0.32186807812499996 0.473245928125 0.3576009765625 0.5416954390625001 0.39782491875
3 0.5618412046875 0.35853420156250004 0.5824755703125 0.321104234375 0.517504071875 0.2825773609375 0.49339169375 0.31831026093750003 0.5618412046875 0.35853420156250004
3 0.4931742671875 0.47074837187499996 0.51380863125 0.43331921875 0.4488371328125 0.3947923453125 0.4247255703125 0.43052524375 0.4931742671875 0.47074837187499996
3 0.69894706875 0.1424812703125 0.7195814328125001 0.1050521171875 0.654609934375 0.06652524374999999 0.63049755625 0.10225814375 0.69894706875 0.1424812703125
3 0.720440553125 0.1072100984375 0.7438949515625 0.07035260625 0.6775553750000001 0.02988029375 0.653442996875 0.0656131921875 0.720440553125 0.1072100984375
3 0.674909609375 0.1771701953125 0.6955439734375 0.1397410421875 0.6305716609375 0.10121335468749999 0.6064600984374999 0.13694706875 0.674909609375 0.1771701953125
3 0.20710830625 0.9956115640625001 0.22581840468749997 0.9991856671875 0.2526758953125 0.9982092828125 0.2718949515625 0.9441058625000001 0.23052605937499998 0.9266368078125 0.20710830625 0.9956115640625001
3 0.25077280156250004 0.9991856671875 0.29751791562499996 0.9991856671875 0.3145944625 0.9510773609375001 0.2735757328125 0.9411579796874999 0.25077280156250004 0.9991856671875
3 0.2972899015625 0.9991856671875 0.3442728015625 0.997848534375 0.3541074921875 0.9679682406250001 0.3172768734375 0.953712540625 0.2972899015625 0.9991856671875
3 0.6908200328125 0 0.6766058625 0.026248371875 0.743232084375 0.0675325734375 0.764157165625 0.030961726562500003 0.70975244375 0 0.6908200328125 0
3 0.7037614 0.5465830625 0.6802964171875 0.5832174265625001 0.7588615640625 0.6312614 0.7811701953125 0.594578990625 0.7037614 0.5465830625
3 0.6814356671875 0.58422475625 0.6579706843750001 0.6208591203125 0.73653583125 0.66890309375 0.7588452765625 0.632220684375 0.6814356671875 0.58422475625
3 0.7361327359375001 0.3122776875 0.7126677531250001 0.3489120515625 0.7912328984375 0.3969552125 0.8135423453125 0.36027280156249997 0.7361327359375001 0.3122776875
3 0.7147353421875 0.3499666125 0.6912703578125 0.3866009765625 0.7698355046875001 0.4346441375 0.7921449515625001 0.39796254062499997 0.7147353421875 0.3499666125
3 0.691751628125 0.3862825734375 0.6682866453125 0.4229169375 0.7468517921875 0.4709609125 0.7691612375 0.43427850156250003 0.691751628125 0.3862825734375
3 0.6687801296875 0.4217882734375 0.645315146875 0.4584226390625 0.723879478125 0.5064657984375 0.746188925 0.46978420156249995 0.6687801296875 0.4217882734375
3 0.6475895765625 0.46128012968750004 0.624123778125 0.4979144953125 0.702688925 0.5459576546875 0.724998371875 0.509276059375 0.6475895765625 0.46128012968750004
3 0.6244690546875 0.4982060265625 0.601004071875 0.534840390625 0.6795684046875 0.58288355 0.70187785 0.5462019546875 0.6244690546875 0.4982060265625
3 0.6036172640624999 0.5358314328125 0.5801522796875 0.5724657984375 0.6587174265625 0.620509771875 0.6810268734375 0.5838273609375 0.6036172640624999 0.5358314328125
3 0.7931034203125 0.400072475 0.7696384359375 0.436706840625 0.8482035828125 0.48475 0.8705130296875 0.4480684046875 0.7931034203125 0.400072475
3 0.7707939734375 0.4349364828125 0.747328990625 0.471570846875 0.8258941375 0.51961400625 0.8482035828125 0.48293159531249996 0.7707939734375 0.4349364828125
3 0.7476840390625 0.47239739375 0.7242190546875 0.509031759375 0.8027842015625 0.5570757328125 0.8250936484375 0.520393321875 0.7476840390625 0.47239739375
3 0.7264934859375 0.509376221875 0.7030285015625 0.5460105859375 0.7815936484375 0.5940545609375001 0.80390309375 0.5573721500000001 0.7264934859375 0.509376221875
3 0.8134087953125 0.36052768749999997 0.7899438109375 0.3971620515625 0.8685089578125 0.4452052125 0.8908175890625 0.40852361562499995 0.8134087953125 0.36052768749999997
3 0.8359144953125 0.3224780125 0.812448696875 0.35911237812499996 0.89101384375 0.4071555375 0.9133232906250001 0.3704731265625 0.8359144953125 0.3224780125
3 0.755917753125 0.2741001625 0.73245276875 0.310734528125 0.811017915625 0.3587776875 0.8333273609375 0.322096090625 0.755917753125 0.2741001625
3 0.857762215625 0.285498371875 0.8342972312500001 0.3221327359375 0.912862378125 0.370176709375 0.9351718234374999 0.3334943 0.857762215625 0.285498371875
3 0.7785130296875 0.2369462546875 0.7550480453125 0.27358061875 0.8336131921875 0.321623778125 0.8559226390625 0.2849421828125 0.7785130296875 0.2369462546875
3 0.8794511406250001 0.2487052125 0.85598615625 0.28533957656250003 0.934551303125 0.33338355000000003 0.9568607484375 0.296701140625 0.8794511406250001 0.2487052125
3 0.8008648203125001 0.19928338750000002 0.7773998375 0.235917753125 0.855964984375 0.2839609125 0.8782744296875 0.247279315625 0.8008648203125001 0.19928338750000002
3 0.901421009375 0.2106286640625 0.8779560265624999 0.24726302968749997 0.956521171875 0.29530700312499997 0.97883061875 0.2586245921875 0.901421009375 0.2106286640625
3 0.826312703125 0.163073290625 0.8028477203125 0.1997076546875 0.8814128671875 0.2477508140625 0.9037223125 0.21106921875 0.826312703125 0.163073290625
3 0.922590390625 0.1737719875 0.8991254078124999 0.2104063515625 0.977690553125 0.2584495109375 1 0.221767915625 0.922590390625 0.1737719875
3 0.847848534375 0.1273558625 0.8243827359375 0.163990228125 0.9029478828125 0.2120342015625 0.9252573296875 0.17535179218750002 0.847848534375 0.1273558625
3 0.8693460906249999 0.0853355046875 0.8458811078125 0.12196987031249999 0.9244462546875001 0.1700130296875 0.9467557 0.13333061875000002 0.8693460906249999 0.0853355046875
3 0.8901555374999999 0.049427525 0.866690553125 0.0860618890625 0.9452548859375 0.13410504843749999 0.9675643328125 0.09742263906250001 0.8901555374999999 0.049427525
3 0.9143835499999999 0.0113770359375 0.8909185671875001 0.048011399999999996 0.9694837140624999 0.096055375 0.991793159375 0.0593729640625 0.9143835499999999 0.0113770359375
3 0.9991856671875 0.219 0.9991856671875 0.1691701953125 0.947265471875 0.13513355 0.9225757328125 0.17073941406249998 0.9991856671875 0.219
3 0.9991856671875 0.1687353421875 0.9991856671875 0.11774918593749999 0.9695162859374999 0.09889169375 0.9481188921875001 0.1330602609375 0.9991856671875 0.1687353421875
3 0.9242141687500001 0 0.917523615625 0.0049837140625 0.9140716609374999 0.011478012499999999 0.9911734531249999 0.058652279687499996 0.9991856671875 0.0346995109375 0.9991856671875 0.016037459375 0.9753004890625 0 0.9242141687500001 0
0 0.38553501562500003 0.7500390875 0.41950814375 0.76229153125 0.447076546875 0.6858949515625 0.416592834375 0.6741995109375 0.38553501562500003 0.7500390875
0 0.12568566718750002 0.5783933218749999 0.0982394140625 0.656692996875 0.1304364828125 0.6713574921875 0.16179560312500002 0.5969698703125 0.12811400625 0.5804079796875 0.12568566718750002 0.5783933218749999
0 0 0.7267280125 0.02058631875 0.731690553125 0.048944625000000005 0.6491596093750001 0.0186669375 0.633732084375 0 0.6745912046875 0 0.7267280125
0 0.0102271984375 0.6270089578125 0.0404596453125 0.5441133546875 0.008943810937500001 0.5279535828124999 0.0011612375 0.5408998375 0 0.6231604234375 0.0102271984375 0.6270089578125
0 0.49096416875 0.7092964171875 0.467509771875 0.784812703125 0.49919706875000003 0.7941807812499999 0.52610830625 0.72458631875 0.49096416875 0.7092964171875
0 0.64964169375 0.605834690625 0.6710342015624999 0.5776726390625 0.595501628125 0.5307263843750001 0.5745333875 0.5633949515625 0.64964169375 0.605834690625
0 0.7339804562500001 0.6577166125 0.7553729640625 0.6295537453125 0.679840390625 0.58260830625 0.65887215 0.6152768734375 0.7339804562500001 0.6577166125
0 0.8518469062499999 0.47745032500000006 0.8703550484375 0.4445423453125 0.8074771984375 0.40649267031249997 0.7875798046875 0.43497882812500005 0.8518469062499999 0.47745032500000006
0 0.7821034203125 0.585126221875 0.803495928125 0.55696416875 0.7279633546875 0.510017915625 0.7069951140625 0.5426864828125 0.7821034203125 0.585126221875
0 0.8673379484374999 0.4376661234375 0.8875952765624999 0.4034812703125 0.8201587953124999 0.36279153124999997 0.79789169375 0.39468078125 0.8673379484374999 0.4376661234375
0 0.67736400625 0.175293159375 0.6962271984374999 0.141061075 0.6268395765625 0.0985521171875 0.6058713359375 0.131220684375 0.67736400625 0.175293159375
0 0.9660863187500001 0.075903909375 0.9803428343749999 0.045552117187500005 0.9159275250000001 0.006468240625000001 0.8967198703125 0.039094462499999996 0.9660863187500001 0.075903909375
0 0.45109527656250004 0.538954396875 0.47274755625 0.5066938109375 0.40273941406249997 0.46369788281249996 0.381771171875 0.49636645 0.45109527656250004 0.538954396875
0 0.4665920203125 0.49512540781250003 0.48576302968749996 0.46430700312499995 0.42448127031249994 0.4282508140625 0.40351302968749997 0.46091938125 0.4665920203125 0.49512540781250003
0 0.7771254078125 0.4346498375 0.7921498375 0.40533713281250006 0.7254657984375 0.361995928125 0.70887215 0.39529071718750003 0.7771254078125 0.4346498375
0 0.7178631921874999 0.497437296875 0.7392557 0.46927524375 0.6637231265625 0.42232899062499996 0.6427548859375001 0.45499755625000005 0.7178631921874999 0.497437296875
0 0.7045244296875001 0.5380268734375 0.7259169375 0.5098640062500001 0.6503843640625 0.46291856718749996 0.6294161234375 0.4955871328125 0.7045244296875001 0.5380268734375
0 0.682214984375 0.57610830625 0.7036074921875 0.5479462546875 0.62807491875 0.501 0.607106678125 0.5336685671875 0.682214984375 0.57610830625