1 0.0023444625 0.753873778125 0.7135333875 0.998846090625 0.9981840390625001 0.998846090625 0.9991856671875 0.3055920203125 0.906061075 0.45296661250000003 0.06014739375 0.155561075 0 0.3090219875 0.0023444625 0.753873778125
3 0.14761400625 0.4983387625 0.1879324109375 0.51288599375 0.21962622187499997 0.4249315953125 0.178956840625 0.40895846875 0.14761400625 0.4983387625
3 0.7192687296875 0.7019055375 0.7595871328125 0.7164535828124999 0.7912809453125 0.6284991859375 0.7506115640625 0.6125252437500001 0.7192687296875 0.7019055375
3 0.6374006515625 0.673271171875 0.6777198703125 0.68781921875 0.7094128671875 0.5998648203125 0.6687434859375 0.5838908796875 0.6374006515625 0.673271171875
3 0.5952312703125 0.6583843640625 0.6355504890625 0.6729324109375 0.6672434859374999 0.5849780124999999 0.62657491875 0.569004071875 0.5952312703125 0.6583843640625
3 0.4745390875 0.6141530937499999 0.5148583062500001 0.628700325 0.546551303125 0.540745928125 0.5058827359375 0.5247728015625001 0.4745390875 0.6141530937499999
3 0.6783558625 0.6878558625 0.71867508125 0.702403909375 0.750368078125 0.6144495109375 0.709698696875 0.5984755703125 0.6783558625 0.6878558625
3 0.5547907171875 0.6439959281250001 0.5951091203125001 0.658543159375 0.6268029312500001 0.5705895765625 0.58613355 0.5546156359375 0.5547907171875 0.6439959281250001
3 0.5140952765625 0.6313037453125 0.55441368125 0.6458509765625 0.5861074921875 0.55789739375 0.5454381109375 0.541923453125 0.5140952765625 0.6313037453125
3 0.8398648203124999 0.7445309453125 0.8801840390625 0.7590781765625 0.9118770359375 0.6711245921875 0.8712084687500001 0.6551506515625001 0.8398648203124999 0.7445309453125
3 0.8001824109375001 0.73039169375 0.8405008140625 0.744938925 0.872194625 0.656984528125 0.83152524375 0.6410105859375 0.8001824109375001 0.73039169375
3 0.759926709375 0.7167923453125 0.800245928125 0.731340390625 0.831938925 0.64338599375 0.7912703578125 0.6274120515625 0.759926709375 0.7167923453125
3 0.311487784375 0.5543501625 0.3518061890625 0.5688982078125 0.3834991859375 0.4809438109375 0.34283061875 0.4649698703125 0.311487784375 0.5543501625
3 0.809057003125 0.8346107484375 0.849376221875 0.8491587953125 0.8810692187500001 0.761204396875 0.8404006515625 0.7452304562500001 0.809057003125 0.8346107484375
3 0.8499006515625 0.8501074921875 0.8902198703125 0.8646555375 0.9219128671875 0.776701140625 0.8812443 0.7607271984375 0.8499006515625 0.8501074921875
3 0.8890855046875 0.8645920203124999 0.9294047234375 0.8791392515625001 0.9610977203125 0.7911856671875 0.9204283390624999 0.7752117265625 0.8890855046875 0.8645920203124999
3 0.9232809453125 0.7735203578125 0.9636001625 0.7880675890625 0.995293159375 0.70011400625 0.9546245921875001 0.6841400656250001 0.9232809453125 0.7735203578125
3 0.8813184046875 0.7600912046875 0.921637621875 0.7746392515625 0.9533306187499999 0.6866848531249999 0.9126620515624999 0.6707109124999999 0.8813184046875 0.7600912046875
3 0.4839657984375 0.7202125406250001 0.5242850156250001 0.7347597718750001 0.5559780125 0.646805375 0.51530863125 0.6308314328125 0.4839657984375 0.7202125406250001
3 0.523484528125 0.7330105859375 0.5638029312499999 0.7475578171875 0.5954967421874999 0.6596034203125 0.5548273609375001 0.64363029375 0.523484528125 0.7330105859375
3 0.5641319218749999 0.7484755703125 0.6044511406249999 0.7630228015625 0.6361441375 0.6750684046875 0.59547475625 0.6590944624999999 0.5641319218749999 0.7484755703125
3 0.605956840625 0.7629063515625 0.64627524375 0.777454396875 0.6779690546875 0.6895 0.6372996750000001 0.673526059375 0.605956840625 0.7629063515625
3 0.6463925078125 0.7766270359375 0.6867109124999999 0.79117508125 0.7184047234375 0.703220684375 0.6777353421875 0.6872467421875 0.6463925078125 0.7766270359375
3 0.6861172640625 0.790448696875 0.7264364828125001 0.8049959281250001 0.758129478125 0.71704153125 0.7174609125 0.7010675890625 0.6861172640625 0.790448696875
3 0.7272842015625 0.8057703578125001 0.7676034203125 0.8203175890625 0.7992964171875 0.7323631921875 0.75862785 0.716390065625 0.7272842015625 0.8057703578125001
3 0.7685578171875 0.8202068406249999 0.8088770359374999 0.8347540718750001 0.8405700328125001 0.746799675 0.799901465625 0.7308257328125001 0.7685578171875 0.8202068406249999
3 0.4428884359375 0.7025684046875 0.48320765468750004 0.7171156359374999 0.5149006515625 0.6291620515624999 0.474232084375 0.6131881109374999 0.4428884359375 0.7025684046875
3 0.1150879484375 0.5887369703124999 0.155407165625 0.6032842015625001 0.1871001625 0.51533061875 0.1464315953125 0.499356678125 0.1150879484375 0.5887369703124999
3 0.2389079796875 0.631578990625 0.2792271984375 0.6461270359375 0.3109201953125 0.5581726390624999 0.2702508140625 0.542198696875 0.2389079796875 0.631578990625
3 0.157305375 0.6023990234375 0.197623778125 0.6169470687499999 0.22931758906250002 0.5289926703125001 0.1886482078125 0.5130187296875001 0.157305375 0.6023990234375
3 0.1980008140625 0.617 0.23831921875 0.63154723125 0.27001302968749996 0.5435936484375 0.2293436484375 0.52761970625 0.1980008140625 0.617
3 0.280165309375 0.64510260625 0.320484528125 0.6596506515625 0.352177525 0.5716962546875 0.3115089578125 0.5557223125 0.280165309375 0.64510260625
3 0.18910423437499999 0.5118037453125 0.22942345312499998 0.5263509765625 0.26111645 0.43839739375000003 0.2204478828125 0.42242345312499996 0.18910423437499999 0.5118037453125
3 0.10697638437500001 0.483779315625 0.147295603125 0.498326546875 0.1789886 0.41037215 0.1383200328125 0.3943990234375 0.10697638437500001 0.483779315625
3 0.06490797968749999 0.46995276874999997 0.10522719843749999 0.4845 0.1369201953125 0.396545603125 0.096251628125 0.3805716609375 0.06490797968749999 0.46995276874999997
3 0.034131921875 0.5565602609375 0.074451140625 0.5711074921875 0.1061441375 0.483153909375 0.0654755703125 0.4671799671875 0.034131921875 0.5565602609375
3 0.0740105859375 0.5721840390625 0.11432980468750001 0.586732084375 0.1460228015625 0.49877768749999996 0.105354234375 0.4828037453125 0.0740105859375 0.5721840390625
3 0.028220684375 0.4527646578125 0.0683330625 0.464323290625 0.097464984375 0.3813786640625 0.060073290625 0.368893321875 0.028220684375 0.4527646578125
3 0.2699698703125 0.53920276875 0.3102890875 0.55375 0.341982084375 0.465795603125 0.3013135171875 0.44982247500000005 0.2699698703125 0.53920276875
3 0.231395765625 0.5253224750000001 0.27171416875 0.539870521875 0.3034079796875 0.4519161234375 0.2627386 0.43594218281249997 0.231395765625 0.5253224750000001
3 0.303767915625 0.246759771875 0.27453990156249997 0.321921009375 0.31366123749999997 0.341240228125 0.34291530937500003 0.26420765468749996 0.30221987031249997 0.24590065156250002 0.303767915625 0.246759771875
3 0.262887621875 0.23096579843749998 0.233659609375 0.3061270359375 0.2727801296875 0.3254462546875 0.3020342015625 0.24841368125000002 0.2613387625 0.2301074921875 0.262887621875 0.23096579843749998
3 0.22280130312500002 0.216307003125 0.193573290625 0.291468240625 0.23269462500000002 0.310787459375 0.261948696875 0.2337548859375 0.2212532578125 0.2154478828125 0.22280130312500002 0.216307003125
3 0.1838607484375 0.20154153125000002 0.1546327359375 0.2767035828125 0.193754071875 0.2960228015625 0.22300814375 0.2189894140625 0.182312703125 0.200683225 0.1838607484375 0.20154153125000002
3 0.1414315953125 0.185870521875 0.11220358281250001 0.261031759375 0.15132491875 0.28035097656249997 0.180578990625 0.2033175890625 0.13988355 0.1850114 0.1414315953125 0.185870521875
3 0.1003281765625 0.17225 0.0711001625 0.2474120515625 0.1102214984375 0.2667312703125 0.1394755703125 0.1896978828125 0.0987801296875 0.17139169375000002 0.1003281765625 0.17225
3 0.059696254687500006 0.158184853125 0.030468240624999997 0.233346090625 0.0695895765625 0.252665309375 0.0988436484375 0.1756327359375 0.0581482078125 0.157326546875 0.059696254687500006 0.158184853125
3 0.6497744296875 0.371921009375 0.6205464171874999 0.447082246875 0.659667753125 0.466401465625 0.6889218234375 0.3893688921875 0.648226384375 0.37106188906250004 0.6497744296875 0.371921009375
3 0.6094609125 0.35608469062500003 0.5802328984375 0.43124592812499996 0.6193534203125 0.450565146875 0.64860830625 0.3735325734375 0.6079128671875 0.3552255703125 0.6094609125 0.35608469062500003
3 0.3868501625 0.27728094531249997 0.35762214999999997 0.3524421828125 0.3967434859375 0.3717614 0.42599755625 0.294728828125 0.3853021171875 0.27642263906250003 0.3868501625 0.27728094531249997
3 0.34550814375 0.2602312703125 0.3162801296875 0.3353925078125 0.3554006515625 0.3547117265625 0.3846555375 0.27767915312499997 0.34396009843750003 0.25937215 0.34550814375 0.2602312703125
3 0.8150000000000001 0.4292842015625 0.7857719875 0.5044462546874999 0.8224755703125 0.515807003125 0.846248371875 0.44228420156250003 0.8134519546875 0.42842589531249997 0.8150000000000001 0.4292842015625
3 0.732045603125 0.399690553125 0.7028175890624999 0.4748517921875 0.7419381109375001 0.494171009375 0.771192996875 0.4171384359375 0.73049755625 0.39883224687499996 0.732045603125 0.399690553125
3 0.77365309375 0.41412703593750005 0.74442508125 0.48928827343750003 0.783545603125 0.5086074921875 0.8127996749999999 0.43157491875 0.7721050484374999 0.413267915625 0.77365309375 0.41412703593750005
3 0.6924104234375 0.38633631875 0.6631824109375 0.46149755625 0.70230293125 0.480816775 0.7315578171875 0.4037833875 0.6908623781250001 0.3854771984375 0.6924104234375 0.38633631875
3 0.61323045625 0.8781107484374999 0.58400244375 0.9532719875 0.6231229640625 0.9725912046875 0.6523778499999999 0.8955586312499999 0.6116824109375 0.87725244375 0.61323045625 0.8781107484374999
3 0.5723013031249999 0.8628265468749999 0.5430741046875001 0.937987784375 0.582194625 0.957307003125 0.6114486968749999 0.8802744296875 0.5707532578125 0.8619674265624999 0.5723013031249999 0.8628265468749999
3 0.5305561890625 0.8482467421875001 0.501328990625 0.9234079796874999 0.5404495109375 0.9427271984375001 0.5697035828125 0.865694625 0.5290081437499999 0.847387621875 0.5305561890625 0.8482467421875001
3 0.4892776875 0.8330472312499999 0.46004967499999994 0.90820846875 0.49917100937500003 0.9275276874999999 0.52842508125 0.8504951140625 0.48772964218750003 0.8321881109374999 0.4892776875 0.8330472312499999
3 0.6943241046875 0.90551954375 0.665096090625 0.98068078125 0.7042174265625001 1 0.7334714984375 0.9229674265625001 0.6927760593750001 0.9046604234375 0.6943241046875 0.90551954375
3 0.6701644953125 0.5846172640625 0.6409364828124999 0.6597785015625 0.6800578171875 0.6790977203125 0.7093118890625 0.602065146875 0.66861645 0.58375814375 0.6701644953125 0.5846172640625
3 0.65683631875 0.8904690546875 0.62760830625 0.96563029375 0.666728828125 0.9849495109375 0.6959837140625 0.9079169374999999 0.6552882734375001 0.889609934375 0.65683631875 0.8904690546875
3 0.32971416875 0.7744796421875 0.30048615624999997 0.8496408796875 0.33960749218749997 0.8689600984375 0.36886156406250004 0.791927525 0.3281661234375 0.7736213359375 0.32971416875 0.7744796421875
3 0.41019299687500005 0.8013754078125 0.3809657984375 0.8765366453125001 0.42008631875 0.8958558625 0.44934039062500003 0.8188224749999999 0.40864495156249997 0.8005162859375 0.41019299687500005 0.8013754078125
3 0.37061645 0.7858517921875 0.3413884359375 0.8610130296875 0.380509771875 0.880332246875 0.40976384374999997 0.8032996750000001 0.3690684046875 0.7849926703125 0.37061645 0.7858517921875
3 0.4516311078125 0.81773045625 0.42240309375 0.89289169375 0.461523615625 0.9122109125 0.49077850156249997 0.8351783390625 0.45008306249999996 0.8168713359374999 0.4516311078125 0.81773045625
3 0.1232312703125 0.703448696875 0.09400325781249999 0.778609934375 0.1331245921875 0.797929153125 0.1623786640625 0.720895765625 0.12168322499999999 0.7025895765625 0.1232312703125 0.703448696875
3 0.16454153124999998 0.7182296421875 0.1353135171875 0.7933908796875 0.174434853125 0.8127100984375 0.20368892500000002 0.7356767093750001 0.16299348593750002 0.7173705218750001 0.16454153124999998 0.7182296421875
3 0.2044258953125 0.7319291531250001 0.17519788281249998 0.8070903906250001 0.21431921874999998 0.826409609375 0.24357329062500002 0.749376221875 0.20287785 0.7310700328124999 0.2044258953125 0.7319291531250001
3 0.24642589531249998 0.7452361562500001 0.2171978828125 0.8203973937500001 0.2563184046875 0.8397166125 0.28557329062500003 0.7626840390625 0.24487785 0.7443770359374999 0.24642589531249998 0.7452361562500001
3 0.2880757328125 0.760754071875 0.25884772031250003 0.835915309375 0.297968240625 0.855234528125 0.3272223125 0.7782019546875001 0.2865268734375 0.7598949515625 0.2880757328125 0.760754071875
3 0.0292280125 0.45412785 0 0.5292890875 0.0366718234375 0.55081921875 0.0675798046875 0.47178745937500005 0.027679967187499998 0.45326954375 0.0292280125 0.45412785
3 0.0416074921875 0.6735048859375 0.012379478125 0.7486661234375 0.051500000000000004 0.7679853421875 0.08075488593749999 0.69095276875 0.040059446875 0.672645765625 0.0416074921875 0.6735048859375
3 0.08227117187500001 0.6913501625 0.053043159375 0.7665114 0.09216368124999999 0.78583061875 0.12141856718749999 0.7087980453125 0.0807231265625 0.6904910421875 0.08227117187500001 0.6913501625
3 0.96463355 0.78896416875 0.9333013031249999 0.8755236156249999 0.9728509765625001 0.890426709375 0.9991856671875 0.8179853421875001 0.997387621875 0.8011840390625 0.96463355 0.78896416875
3 0.7101604234375001 0.9971596093749999 0.75313029375 0.9954682406250001 0.773451140625 0.9396311078125 0.7347809453124999 0.9247866453125001 0.7101604234375001 0.9971596093749999
3 0.749323290625 0.9981188921875 0.7958982078125 0.9991856671875 0.812832246875 0.9534104234375 0.7760065140625 0.9423990234374999 0.749323290625 0.9981188921875
3 0 0.7453314328125 0.0081644953125 0.7513754078125 0.0366449515625 0.6718241046875 0 0.6629063515625 0 0.7453314328125
3 0.970359934375 0.35859772031250003 0.9528745921875 0.3951579796875 0.9991856671875 0.4218037453125 0.9991856671875 0.3738615640625 0.97176954375 0.356948696875 0.970359934375 0.35859772031250003
3 0.9991856671875 0.475037459375 0.9991856671875 0.42568485312500004 0.9495081437499999 0.3922842015625 0.9264934859375 0.42944869687500004 0.9991856671875 0.475037459375
3 0.9731962546874999 0.5073990234375 0.99207491875 0.46929641718750004 0.9253648203125 0.4280228015625 0.906893321875 0.4655 0.9731962546874999 0.5073990234375
3 0.9505048859375 0.5449454390625 0.9754226390625 0.5088884359375 0.9059926703125001 0.462043159375 0.8872882734375 0.4974055375 0.9505048859375 0.5449454390625
2 0.8350830625000001 0.5222809453124999 0.922676709375 0.5525057 0.9376587953125 0.5519324109375 0.94336400625 0.545846090625 0.8832060265624999 0.497267915625 0.9083094468749999 0.45570765468749996 0.8509771984375 0.435667753125 0.824023615625 0.5121490234375 0.8350830625000001 0.5222809453124999
3 0.798326546875 0.9991856671875 0.8449332249999999 0.9974877843750001 0.8551074921874999 0.9675342015625 0.815938925 0.9528216609375001 0.798326546875 0.9991856671875
2 0.0427467421875 0.36196416875000004 0 0.47981433281249997 0.00064169375 0.5230814328125 0.0585936484375 0.36569706874999997 0.044745928125 0.36139739375 0.0427467421875 0.36196416875000004
2 0.5682296421874999 0.335901465625 0.5523200328125 0.38399755625 0.552653909375 0.391578990625 0.5549967421875001 0.40083061875 0.5869609125 0.413623778125 0.6104364828125 0.35355618906249997 0.5659609125 0.3311620515625 0.5682296421874999 0.335901465625
2 0.40960504843749995 0.3572190546875 0.4166351796875 0.3569063515625 0.4274714984375 0.352771171875 0.4479991859375 0.29829153124999996 0.4296661234375 0.28763517968749996 0.405267915625 0.3510537453125 0.40960504843749995 0.3572190546875
0 0.47520276875 0.6109926703124999 0.513517915625 0.6260236156250001 0.5416115640625 0.54491368125 0.50826384375 0.5299258953125 0.47520276875 0.6109926703124999
0 0.013138435937500002 0.751200325 0.051453582812499996 0.76623045625 0.07954723124999999 0.6851205218749999 0.0461995109375 0.6701327359375 0.013138435937500002 0.751200325
0 0.159834690625 0.27468892500000003 0.19814983749999998 0.28971905468750003 0.2262434859375 0.2086091203125 0.192895765625 0.1936213359375 0.159834690625 0.27468892500000003
0 0.11376384375 0.26575570000000004 0.15207899062500002 0.28078583125 0.1801718234375 0.19967589531250002 0.14682491875 0.18468811093749998 0.11376384375 0.26575570000000004
0 0.0710008140625 0.251387621875 0.1093159609375 0.266417753125 0.1374087953125 0.18530863125000002 0.1040618890625 0.170320846875 0.0710008140625 0.251387621875
0 0.02560260625 0.24007980468749998 0.063917753125 0.25510993437499996 0.0920114 0.174 0.05866368125 0.159012215625 0.02560260625 0.24007980468749998
0 0 0.531659609375 0.038315146875 0.5466897390625001 0.0664079796875 0.4655798046875 0.033061075 0.4505920203125 0 0.531659609375
0 0.0389364828125 0.5460105859375 0.077251628125 0.5610407171875 0.1053444625 0.47993078125000005 0.07199755625000001 0.4649438109375 0.0389364828125 0.5460105859375
0 0.10906677499999999 0.4763949515625 0.1473811078125 0.49142508124999995 0.17547475625 0.41031514687500004 0.14212785 0.3953273609375 0.10906677499999999 0.4763949515625
0 0.202995928125 0.605421009375 0.24131026093750002 0.620451140625 0.269403909375 0.5393412046875 0.236057003125 0.5243534203125 0.202995928125 0.605421009375
0 0.27870846875 0.6391286640625 0.31702361562500003 0.6541587953125 0.34511645 0.5730488593749999 0.31176954375 0.558061075 0.27870846875 0.6391286640625
0 0.5922630296875 0.6602345281249999 0.6305781765625 0.6752646578125 0.6586718234375 0.5941547234375 0.6253241046875 0.5791669374999999 0.5922630296875 0.6602345281249999
0 0.4844755703125 0.7123713359375 0.5227907171874999 0.7274014656250001 0.5508843640625 0.6462915312499999 0.5175366453125 0.6313037453125 0.4844755703125 0.7123713359375
0 0.299167753125 0.8571587953125 0.337482084375 0.872188925 0.3655757328125 0.791078990625 0.332228828125 0.7760912046875 0.299167753125 0.8571587953125
0 0.4416547234375 0.6996685671875 0.47996905468750006 0.714698696875 0.508062703125 0.6335887625 0.4747157984375 0.6186009765625 0.4416547234375 0.6996685671875
0 0.2183648203125 0.8237369703124999 0.2566799671875 0.838767915625 0.284773615625 0.7576579796875 0.25142589531250004 0.7426701953125 0.2183648203125 0.8237369703124999
0 0.0946245921875 0.77841368125 0.1329397390625 0.7934438109374999 0.1610333875 0.7123338765625 0.12768566718750002 0.697346090625 0.0946245921875 0.77841368125
0 0.8832386 0.7486392515625 0.9215537453125 0.76366938125 0.94964739375 0.6825602609375 0.916299675 0.6675724749999999 0.8832386 0.7486392515625
0 0.9989535828125 0.7964812703125 0.9991856671875 0.7422988593750001 0.9961482078125 0.7020114000000001 0.9695708468750001 0.784356678125 0.9989535828125 0.7964812703125
0 0.9495944625 0.5391824109375001 0.9700162859375 0.5069161234374999 0.9020276875000001 0.462684853125 0.882517915625 0.4931962546875 0.9495944625 0.5391824109375001
0 0.9687703578125 0.49623371406250005 0.982512215625 0.46033631875000003 0.920159609375 0.427535015625 0.9021498375 0.4621498375 0.9687703578125 0.49623371406250005