0 0.6206514656250001 0.3895480453125 0.6285537453125001 0.3527573296875 0.55141938125 0.331549675 0.5386449515625 0.3643729640625 0.6206514656250001 0.3895480453125
0 0.6974397390625 0.4058892515625 0.70831921875 0.3728436484375 0.635179153125 0.3559796421875 0.6230048859374999 0.3893436484375 0.6974397390625 0.4058892515625
0 0.6521017921875 0.26345846875 0.663112378125 0.223927525 0.5815203578125 0.20134690625 0.573145765625 0.24113192187500002 0.6521017921875 0.26345846875
0 0.6660798046874999 0.2217190546875 0.6770912046875 0.182188925 0.595498371875 0.15960830625 0.5871237781249999 0.199393321875 0.6660798046874999 0.2217190546875
0 0.6835480453125 0.18023045625 0.694559446875 0.1406995109375 0.6129666125 0.1181188921875 0.6045920203125 0.157903909375 0.6835480453125 0.18023045625
0 0.69119136875 0.1378868078125 0.70220276875 0.0983558625 0.620609934375 0.07577524375 0.6122353421875 0.1155602609375 0.69119136875 0.1378868078125
0 0.709159609375 0.0506229640625 0.7222198703125 0.0107923453125 0.6408778500000001 0 0.6330659609375 0.030373778125 0.709159609375 0.0506229640625
0 0.7414649843750001 0.2887833875 0.7524755703125 0.24925325781250002 0.6776677531249999 0.229004071875 0.669179153125 0.2681840390625 0.7414649843750001 0.2887833875
0 0.7711848531250001 0.206096090625 0.7821954390625 0.166565146875 0.70060260625 0.1439853421875 0.6922280125 0.1837703578125 0.7711848531250001 0.206096090625
0 0.775237784375 0.162084690625 0.786248371875 0.12255456093749999 0.7046563515625001 0.09997394062500001 0.6962809453125 0.1397589578125 0.775237784375 0.162084690625
0 0.77389739375 0.11297475625 0.7885114 0.0827646578125 0.713572475 0.058725570312499996 0.70519706875 0.09851058593749999 0.77389739375 0.11297475625
0 0.7955920203125 0.0726034203125 0.80495276875 0.0363811078125 0.728468240625 0.014555375 0.7200936484375 0.054340390625 0.7955920203125 0.0726034203125
0 0.3229112375 0.32951384375 0.333476384375 0.29051954375 0.2553827359375 0.269342834375 0.24286400625 0.3041978828125 0.3229112375 0.32951384375
0 0.3335675890625 0.2871017921875 0.3441327359375 0.2481074921875 0.2660390875 0.2269315953125 0.2535203578125 0.26178583125 0.3335675890625 0.2871017921875
0 0.346868078125 0.24473615624999998 0.35743403906250004 0.20574185625000002 0.279340390625 0.184565146875 0.266820846875 0.21942019531249998 0.346868078125 0.24473615624999998
0 0.3650228015625 0.20277442968749998 0.3755879484375 0.1637801296875 0.29934853437500003 0.1451758953125 0.29577280156249997 0.17878012968749998 0.3650228015625 0.20277442968749998
0 0.3716115640625 0.1617394140625 0.382177525 0.1227451140625 0.3040838765625 0.10156921875 0.2915643328125 0.13642345312499998 0.3716115640625 0.1617394140625
0 0.379559446875 0.11752850156250001 0.3901254078125 0.07853420156249999 0.31688029375000004 0.060057003124999994 0.305765471875 0.0961115640625 0.379559446875 0.11752850156250001
0 0.3890114 0.0725993484375 0.396745928125 0.035799674999999996 0.32656433281249997 0.0151188921875 0.32031596093750003 0.050772801562500004 0.3890114 0.0725993484375
0 0.494604234375 0.060171009374999994 0.5051701953125 0.0211758953125 0.42707654687499996 0 0.414557003125 0.034854234375 0.494604234375 0.060171009374999994
0 0.4782353421875 0.099555375 0.48853012968750004 0.062751628125 0.41043729687499997 0.04157491875 0.4013892515625 0.07598452812499999 0.4782353421875 0.099555375
0 0.45047475625000005 0.22795114062500002 0.4610399015625 0.188956840625 0.38294706875 0.1677809453125 0.370427525 0.20263517968750003 0.45047475625000005 0.22795114062500002
0 0.42109202031250004 0.31241938125 0.431657165625 0.27342508125 0.3535643328125 0.25224837187500004 0.3410447875 0.28710260625 0.42109202031250004 0.31241938125
0 0.4105912046875 0.3544364828125 0.42115716562500005 0.31544218281249997 0.3430635171875 0.2942662859375 0.3305439734375 0.329120521875 0.4105912046875 0.3544364828125
0 0.39797964218750004 0.026551303124999998 0.4084161234375 0 0.338762215625 0.0008143328125 0.337776059375 0.008566775 0.39797964218750004 0.026551303124999998
0 0.1562785015625 0.128629478125 0.1681563515625 0.09082003281249999 0.09446254062500001 0.0651465796875 0.083859934375 0.106995928125 0.1562785015625 0.128629478125
0 0.1523338765625 0.1733672640625 0.1642117265625 0.13555781718749998 0.090517915625 0.10988436406249999 0.0799161234375 0.15173289843749999 0.1523338765625 0.1733672640625
0 0.13887215 0.2145032578125 0.15075 0.1766938109375 0.0770561890625 0.1510203578125 0.0664535828125 0.19286970625 0.13887215 0.2145032578125
0 0.1308851796875 0.2603925078125 0.1450048859375 0.226057003125 0.0690684046875 0.196909609375 0.056307003125 0.23145195468750002 0.1308851796875 0.2603925078125
0 0.0683184046875 0.1448908796875 0.07932084687499999 0.105923453125 0.0040716609375 0.0830618890625 0 0.11946824062500001 0.0683184046875 0.1448908796875
0 0.0752369703125 0.098082246875 0.08532654687499999 0.064220684375 0.012214984375 0.0423452765625 0.0017907171875 0.07163599375 0.0752369703125 0.098082246875
0 0.0942776875 0.05757899062500001 0.1086465796875 0.014899837499999999 0.0187296421875 0 0.009883550000000001 0.029399023437499998 0.0942776875 0.05757899062500001
0 0.054248371875 0.1850602609375 0.06056270312499999 0.1486188921875 0.000776059375 0.1337060265625 0 0.16683306250000002 0.054248371875 0.1850602609375
0 0.0468811078125 0.23216775312500001 0.055072474999999996 0.1863387625 0.0008143328125 0.1718241046875 0 0.20910179218749997 0.0468811078125 0.23216775312500001
0 0.4358811078125 0.817245928125 0.4492280125 0.7868420203125 0.379478828125 0.763029315625 0.3713517921875 0.790859934375 0.4358811078125 0.817245928125
0 0.39681840468749996 0.91317508125 0.4059666125 0.871812703125 0.3257328984375 0.8526058624999999 0.3173672640625 0.8883509765625 0.39681840468749996 0.91317508125
0 0.5324234531250001 0.7322980453125 0.56716368125 0.7446881109375 0.590409609375 0.6760138437500001 0.558631921875 0.6620521171875 0.5324234531250001 0.7322980453125
0 0.5752907171875 0.7473501625 0.6100301296875 0.759740228125 0.6332768734374999 0.6910659609375001 0.6014991859375 0.677104234375 0.5752907171875 0.7473501625
0 0.6180814328124999 0.7635570031250001 0.652820846875 0.7759470687500001 0.6795382734375 0.7023395765625 0.6446327359375 0.6903884359375 0.6180814328124999 0.7635570031250001
0 0.6645464171875 0.76581921875 0.69928583125 0.7782092828125 0.7225325734375 0.709535015625 0.690754071875 0.695573290625 0.6645464171875 0.76581921875
0 0.6137491859375 0.9776058624999999 0.6441115640625 0.98843078125 0.66975 0.911501628125 0.643322475 0.900651465625 0.6137491859375 0.9776058624999999
0 0.5308672640625 0.9516384359375 0.5050008140625 0.9984894140625 0.5450692187499999 0.9991856671875 0.5639666125 0.9674845281250001 0.5305684046875 0.9527687296874999 0.5308672640625 0.9516384359375
0 0.5545439734375 0.9991856671875 0.5893534203125 0.9991856671875 0.603129478125 0.9775977203125 0.5750439734375 0.9671758953125 0.5545439734375 0.9991856671875
1 0.52298615625 0.729444625 0.3836840390625 0.673809446875 0.25917100937500004 0.9991856671875 0.997732084375 0.997706840625 0.9991856671875 0.8543143328125 0.9057540718749999 0.8543460906250001 0.92844706875 0.7900008140625 0.5578175890625 0.6571661234375 0.52298615625 0.729444625
1 0.74879153125 0.5050447874999999 0.8941465796875001 0.00054723125 0.005700325 0.0008143328125 0 0.263748371875 0.74879153125 0.5050447874999999