0 0.9613257328125 0.5803070031249999 0.9825016281250001 0.5518143328125 0.9132157984375 0.513029315625 0.8964698703125 0.5389495109375 0.9613257328125 0.5803070031249999
0 0.23305700312500002 0.399618078125 0.265184853125 0.42791938125 0.3249242671875 0.35838355 0.30130293125 0.332712540625 0.23305700312500002 0.399618078125
0 0.27284202031250004 0.2994397390625 0.236929153125 0.2681115640625 0.18147964218749998 0.333876221875 0.2056188921875 0.3625504890625 0.27284202031250004 0.2994397390625
0 0.049986970312500004 0.3353078171875 0.0799112375 0.36675814375 0.1457980453125 0.2978631921875 0.12098615625 0.2687296421875 0.049986970312500004 0.3353078171875
0 0.18921824062499998 0.19912540781250002 0.1601897390625 0.161771171875 0.08725000000000001 0.24313599375 0.11222068437499999 0.26994788281250004 0.18921824062499998 0.19912540781250002
0 0.15082410468750002 0.166978828125 0.122254071875 0.14042263906250002 0.0593298046875 0.2047467421875 0.087167753125 0.238251628125 0.15082410468750002 0.166978828125
0 0.46670521249999997 0.9988200328125 0.49057573281250005 0.962157165625 0.42345276875 0.930665309375 0.403376221875 0.9662109125 0.46670521249999997 0.9988200328125
0 0.724251628125 0.9991856671875 0.745131921875 0.9677557 0.6654258953125 0.9213591203125 0.6416726390624999 0.95538599375 0.724251628125 0.9991856671875
0 0.7693534203125 0.9336237781250001 0.79194706875 0.895379478125 0.727082246875 0.8597019546875 0.7072964171875 0.89454723125 0.7693534203125 0.9336237781250001
0 0.8505724750000001 0.9765219875 0.8701270359375 0.943820846875 0.8018355046875 0.908212540625 0.786248371875 0.939204396875 0.8505724750000001 0.9765219875
0 0.8672956031249999 0.93625 0.8878770359375 0.9032223125 0.81304153125 0.8604381109375 0.814332246875 0.8620285015625001 0.797823290625 0.8908664500000001 0.8672956031249999 0.93625
0 0.4109560265625 0.9991856671875 0.4564576546875 0.9991856671875 0.39785912031250004 0.9690553749999999 0.381950325 0.9951262218749999 0.4109560265625 0.9991856671875
0 0.6743827359375001 0.6729193812500001 0.6944454390625 0.64550814375 0.6281995109375 0.600279315625 0.6117939734375 0.6288078171875 0.6743827359375001 0.6729193812500001
0 0.8271017921875 0.419667753125 0.8510635171875001 0.3841995109375 0.763145765625 0.32922312656249997 0.749062703125 0.3642589578125 0.8271017921875 0.419667753125
0 0.9353868078125 0.22911237812500002 0.9549951140624999 0.1948037453125 0.8899486968750001 0.1547231265625 0.8714991859375001 0.1882687296875 0.9353868078125 0.22911237812500002
0 0.2388420203125 0.520118078125 0.2662214984375 0.5512190546875 0.3210977203125 0.48809039062500004 0.2966498375 0.45835260624999996 0.2388420203125 0.520118078125
0 0.39925 0.13120684062500002 0.4333412046875 0.1585944625 0.4871449515625 0.1019462546875 0.45602605937499996 0.0686368078125 0.39925 0.13120684062500002
0 0.36265960937499997 0.0964926703125 0.3940105859375 0.127362378125 0.4513770359375 0.0614381109375 0.4281058625 0.0348998375 0.36265960937499997 0.0964926703125
0 0.392665309375 0.0041628671875000006 0.34078827343749996 0 0.3094462546875 0.033736970312499996 0.3381156359375 0.06301954374999999 0.392665309375 0.0041628671875000006
1 0.9700545609375 0 0.41379560312499997 0.942328990625 0.355271171875 0.9444535828125 0.1098143328125 0.8581791531249999 0.07838599375000001 0.9186368078125 0.0467671015625 0.904112378125 0.0879796421875 0.785531759375 0.002526059375 0.7702630296875 0 0.9991856671875 0.9991791531249999 0.99379723125 0.9983713359375 0.0032573296875 0.9700545609375 0
1 0 0.5669340390625 0.0184055375 0.588609934375 0.0752809453125 0.543293159375 0.133035015625 0.6010342015625 0.143442996875 0.6283338765625001 0.30866368125 0.5798615640625 0.4346628671875 0.5058591203125 0.73581921875 0.00046416875 0 0 0 0.5669340390625