0 0.57421875 0.8875 0.06953125 0.03828125
0 0.87578125 0.89140625 0.071875 0.034375
0 0.78515625 0.89453125 0.06875 0.03515625
0 0.875 0.93125 0.078125 0.0375
0 0.8765625 0.715625 0.0703125 0.03828125
0 0.78359375 0.84765625 0.078125 0.0390625
0 0.87734375 0.7609375 0.0671875 0.03671875
0 0.77578125 0.9375 0.0609375 0.034375
0 0.57265625 0.84765625 0.0734375 0.040625
0 0.57734375 0.93125 0.078125 0.03828125
0 0.61640625 0.48984375 0.06484375 0.05625
0 0.871875 0.671875 0.078125 0.04453125
0 0.28359375 0.8859375 0.07890625 0.04296875
0 0.87265625 0.80234375 0.07734375 0.0359375
0 0.78515625 0.75859375 0.07734375 0.03671875
0 0.7859375 0.8 0.0765625 0.0359375
0 0.484375 0.88515625 0.075 0.0375
0 0.5765625 0.796875 0.071875 0.0375
0 0.7796875 0.71328125 0.07734375 0.0375
0 0.571875 0.75625 0.07421875 0.0359375
0 0.571875 0.70859375 0.07734375 0.03984375
0 0.871875 0.8453125 0.078125 0.03828125
0 0.57734375 0.66640625 0.07578125 0.0359375
0 0.4828125 0.92734375 0.07734375 0.04140625
0 0.78046875 0.66953125 0.0796875 0.0390625
0 0.18671875 0.9234375 0.07890625 0.04140625
0 0.18984375 0.88046875 0.07734375 0.04140625
0 0.28046875 0.8390625 0.084375 0.0421875
0 0.47421875 0.96796875 0.09140625 0.0421875
0 0.78671875 0.62578125 0.08203125 0.040625
0 0.87578125 0.628125 0.08671875 0.03984375
0 0.57578125 0.58359375 0.078125 0.03671875
0 0.48359375 0.796875 0.07734375 0.04296875
0 0.575 0.6265625 0.08125 0.03828125
0 0.28046875 0.92578125 0.07890625 0.0421875
0 0.87421875 0.5828125 0.07578125 0.03828125
0 0.78046875 0.96953125 0.08125 0.02421875
0 0.63984375 0.44453125 0.05546875 0.04609375
0 0.77890625 0.57734375 0.07890625 0.03984375
0 0.8703125 0.96796875 0.07890625 0.02421875
0 0.18984375 0.7921875 0.0828125 0.04453125
0 0.18984375 0.9671875 0.075 0.04140625
0 0.190625 0.53671875 0.0859375 0.03828125
0 0.484375 0.84453125 0.0703125 0.0359375
0 0.2734375 0.74765625 0.0828125 0.040625
0 0.9375 0.2796875 0.034375 0.07734375
0 0.015625 0.87421875 0.03046875 0.04296875
0 0.02421875 0.440625 0.04765625 0.046875
0 0.85390625 0.28046875 0.0328125 0.08828125
0 0.76484375 0.28984375 0.034375 0.08203125
0 0.02109375 0.703125 0.040625 0.0421875
0 0.8953125 0.27578125 0.0359375 0.0921875
0 0.81015625 0.28125 0.03515625 0.08671875
0 0.02578125 0.3171875 0.05 0.03671875
0 0.28671875 0.39453125 0.08046875 0.040625
0 0.1953125 0.31953125 0.0765625 0.03984375
0 0.9828125 0.28046875 0.0296875 0.08046875
0 0.3703125 0.0734375 0.03828125 0.09375
0 0.275 0.99296875 0.0765625 0.0125
0 0.6108379484375 0.564637621875 0.637126221875 0.5242133546875001 0.5523395765625 0.481645765625 0.5553745921875 0.4853420203125 0.5368298046875 0.52732491875 0.6108379484375 0.564637621875
0 0.6841091203125 0.44719543906250003 0.715944625 0.3964079796875 0.62703583125 0.359934853125 0.6068175890624999 0.39418159531249997 0.6841091203125 0.44719543906250003
0 0.7051034203125 0.3988509765625 0.7298004890625001 0.3644454390625 0.6503395765625 0.3076587953125 0.6435578171875 0.30766530937500003 0.61564169375 0.345671009375 0.7051034203125 0.3988509765625
0 0.6291286640625 0.9957312703125 0.6278501624999999 0.9553265468750001 0.5300219875 0.957476384375 0.5299397390625 0.9579153093749999 0.5329991859375001 0.9869006515625 0.6291286640625 0.9957312703125
1 0.0070936484375 0.023334690625 0 0.9991856671875 0.9891954390625 0.9991856671875 0.9899951140625 0.9806889249999999 0.9978615640624999 0.002626221875 0.0070936484375 0.023334690625