1 0.173326546875 0 0.1705912046875 0.616862378125 0.25277198749999996 0.616151465625 0.28182980468749996 0.7477386 0.9991856671875 0.759470684375 0.9991856671875 0.238701140625 0.94417508125 0.23480456093750002 0.9516921828125 0 0.173326546875 0
3 0.40546875 0.121875 0.0875 0.04609375
3 0.40625 0.42734375 0.0875 0.04609375
3 0.40625 0.38359375 0.0875 0.04609375
3 0.40703125 0.33828125 0.0875 0.04609375
3 0.40625 0.296875 0.0875 0.04609375
3 0.40546875 0.2515625 0.0875 0.04609375
3 0.40703125 0.20859375 0.0875 0.04609375
3 0.4046875 0.1671875 0.0875 0.04609375
3 0.40625 0.0375 0.0875 0.04609375
3 0.40546875 0.08125 0.0875 0.04609375
3 0.4921875 0.1234375 0.0875 0.04609375
3 0.49453125 0.0796875 0.0875 0.04609375
3 0.49453125 0.03671875 0.0875 0.04609375
3 0.40546875 0.59921875 0.0875 0.04609375
3 0.40625 0.55546875 0.0875 0.04609375
3 0.40546875 0.51328125 0.0875 0.04609375
3 0.4046875 0.471875 0.0875 0.04609375
3 0.49296875 0.4703125 0.0875 0.04609375
3 0.49453125 0.4265625 0.0875 0.04609375
3 0.49296875 0.3828125 0.0875 0.04609375
3 0.4921875 0.340625 0.0875 0.04609375
3 0.49375 0.29609375 0.0875 0.04609375
3 0.49453125 0.25234375 0.0875 0.04609375
3 0.4953125 0.2109375 0.0875 0.04609375
3 0.49296875 0.1671875 0.0875 0.04609375
3 0.69140625 0.16953125 0.0875 0.04609375
3 0.6921875 0.1265625 0.0875 0.04609375
3 0.49296875 0.684375 0.0875 0.04609375
3 0.4921875 0.6421875 0.0875 0.04609375
3 0.49609375 0.6 0.0875 0.04609375
3 0.49140625 0.5140625 0.0875 0.04609375
3 0.690625 0.2125 0.0890625 0.04375
3 0.68984375 0.25703125 0.0890625 0.04375
3 0.690625 0.38515625 0.0890625 0.04375
3 0.690625 0.2984375 0.0890625 0.04375
3 0.68984375 0.34453125 0.0890625 0.04375
3 0.690625 0.03984375 0.0890625 0.04375
3 0.6921875 0.08203125 0.0890625 0.04375
3 0.68984375 0.6453125 0.0890625 0.04375
3 0.6890625 0.603125 0.0890625 0.04375
3 0.690625 0.559375 0.0890625 0.04375
3 0.69140625 0.5140625 0.0890625 0.04375
3 0.68984375 0.47265625 0.0890625 0.04375
3 0.690625 0.42890625 0.0890625 0.04375
3 0.78046875 0.25625 0.0890625 0.04375
3 0.7796875 0.3015625 0.0890625 0.04375
3 0.7796875 0.34375 0.0890625 0.04375
3 0.78046875 0.38671875 0.0890625 0.04375
3 0.78046875 0.4296875 0.0890625 0.04375
3 0.78125 0.47109375 0.0890625 0.04375
3 0.778125 0.51640625 0.0890625 0.04375
3 0.778125 0.559375 0.0890625 0.04375
3 0.7796875 0.60390625 0.0890625 0.04375
3 0.778125 0.646875 0.0890625 0.04375
3 0.77890625 0.68828125 0.0890625 0.04375
3 0.6890625 0.6875 0.0890625 0.04375
2 0.7796875 0.2140625 0.0890625 0.04375
3 0.78203125 0.040625 0.0890625 0.04375
3 0.78046875 0.0828125 0.0890625 0.04375
3 0.78125 0.12578125 0.0890625 0.04375
3 0.78203125 0.16953125 0.0890625 0.04375
3 0.2140625 0.0328125 0.08046875 0.04375
3 0.21328125 0.5953125 0.08046875 0.04375
3 0.2125 0.55390625 0.08046875 0.04375
3 0.2140625 0.51015625 0.08046875 0.04375
3 0.21328125 0.46875 0.08046875 0.04375
3 0.21171875 0.4234375 0.08046875 0.04375
3 0.21328125 0.38203125 0.08046875 0.04375
3 0.21171875 0.20625 0.08046875 0.04375
3 0.21484375 0.16328125 0.08046875 0.04375
3 0.21484375 0.11875 0.08046875 0.04375
3 0.2140625 0.078125 0.08046875 0.04375
3 0.21328125 0.3390625 0.0765625 0.03984375
3 0.2125 0.30234375 0.07421875 0.03359375
3 0.21171875 0.24609375 0.078125 0.0390625
2 0.21328125 0.27421875 0.07578125 0.01640625
3 0.971875 0.3015625 0.05625 0.04453125
3 0.97109375 0.346875 0.0578125 0.04375
3 0.97109375 0.4296875 0.0578125 0.04375
3 0.97109375 0.471875 0.0578125 0.04375
3 0.97109375 0.5125 0.0578125 0.04375
3 0.97109375 0.5578125 0.0578125 0.04375
3 0.97109375 0.603125 0.0578125 0.04375
3 0.97109375 0.646875 0.0578125 0.04375
3 0.97109375 0.690625 0.0578125 0.04375
3 0.97109375 0.3890625 0.0578125 0.04375
3 0.97109375 0.259375 0.0578125 0.04375
0 0.2125 0.20390625 0.071875 0.0328125
0 0.221875 0.375 0.08984375 0.0375
0 0.2125 0.4171875 0.07421875 0.03828125
0 0.21484375 0.465625 0.08046875 0.03515625
0 0.21640625 0.50625 0.07890625 0.03359375
0 0.2140625 0.54921875 0.07734375 0.03359375
0 0.2203125 0.59609375 0.07890625 0.03671875
0 0.4078125 0.59765625 0.084375 0.03984375
0 0.49765625 0.63984375 0.08125 0.03671875
0 0.49453125 0.6859375 0.08515625 0.03984375
0 0.49375 0.553125 0.08359375 0.03828125
0 0.39921875 0.471875 0.08125 0.03671875
0 0.40546875 0.4203125 0.10546875 0.04453125
0 0.4921875 0.38203125 0.07734375 0.03828125
0 0.40234375 0.29453125 0.08046875 0.03515625
0 0.496875 0.20625 0.08359375 0.03515625
0 0.40234375 0.1625 0.078125 0.03359375
0 0.6921875 0.03828125 0.084375 0.03515625
0 0.771875 0.25 0.08046875 0.03828125
0 0.68984375 0.29375 0.08359375 0.04609375
0 0.78125 0.340625 0.0828125 0.0328125
0 0.78359375 0.3859375 0.08203125 0.04140625
0 0.7796875 0.4265625 0.078125 0.03984375
0 0.6890625 0.384375 0.0734375 0.03671875
0 0.68671875 0.425 0.08515625 0.04140625
0 0.68984375 0.46796875 0.075 0.04296875
0 0.77421875 0.5140625 0.0765625 0.03828125
0 0.6984375 0.5546875 0.0796875 0.0375
0 0.68984375 0.60390625 0.090625 0.03359375
0 0.78203125 0.6015625 0.090625 0.04140625
0 0.7796875 0.6453125 0.084375 0.0390625
0 0.675 0.68203125 0.0796875 0.0359375
0 0.77890625 0.6875 0.07578125 0.0421875
0 0.971875 0.29765625 0.05625 0.0359375
0 0.97421875 0.34453125 0.0515625 0.03984375
0 0.971875 0.38828125 0.05625 0.0359375
0 0.97265625 0.42890625 0.05390625 0.034375
0 0.965625 0.46953125 0.06875 0.04609375
0 0.96875 0.5140625 0.0625 0.0375
0 0.96640625 0.5578125 0.0671875 0.040625
0 0.971875 0.60078125 0.05546875 0.040625
0 0.9671875 0.6453125 0.06484375 0.04140625
0 0.97265625 0.690625 0.0546875 0.040625
2 0.5340822468749999 0.7505643328125 0.5356995109375 0.7091368078125 0.4461441375 0.7056539093749999 0.44816368124999995 0.6193745921875 0.36576547187499997 0.62135260625 0.39770765468749997 0.7500659609375 0.5340822468749999 0.7505643328125
2 0.6456978828125 0.7521758953125001 0.81866368125 0.7532255703125 0.8239120515625 0.71077524375 0.6440382734375001 0.7086864828125 0.6456978828125 0.7521758953125001
2 0.9991856671875 0.7557434859375001 0.9991856671875 0.7134104234375 0.944832246875 0.7122280125 0.9449967421875 0.7134315953125 0.9420431593749999 0.7564592828125 0.9991856671875 0.7557434859375001
3 0.49296875 0.5578125 0.0875 0.040625