1 0.331315146875 0.030484528125 0.3305309453125 0.1131897390625 0.160464984375 0.10713599375 0.162473940625 0.2285537453125 0.25691205156249997 0.22829397343750002 0.255687296875 0.263862378125 0.176072475 0.2602467421875 0.1713965796875 0.9985912046875001 0.9991856671875 0.9991856671875 0.9991856671875 0.7381685671875 0.9422980453124999 0.7368224750000001 0.9537923453125 0.4694869703125 0.955504071875 0.44685423437500005 0.9626351796874999 0.42403094531249996 0.9692939734375001 0.40478583125 0.9804169375 0.382009771875 0.9923241046875001 0.3613118890625 0.9991856671875 0.3443631921875 0.9980369515625 0.1078464390625 0.9828241046875 0.117706840625 0.9352149843750001 0.11717182343749999 0.9353371328125 0.0314812703125 0.331315146875 0.030484528125
3 0.396875 0.07265625 0.04453125 0.0859375
3 0.6546875 0.075 0.04453125 0.0859375
3 0.69921875 0.07578125 0.04453125 0.0859375
3 0.74140625 0.0765625 0.04453125 0.0859375
3 0.78515625 0.07578125 0.04453125 0.0859375
3 0.48125 0.075 0.04453125 0.0859375
3 0.5265625 0.07421875 0.04453125 0.0859375
3 0.56953125 0.075 0.04453125 0.0859375
3 0.61171875 0.075 0.04453125 0.0859375
3 0.353125 0.0734375 0.04453125 0.0859375
3 0.43984375 0.0734375 0.04453125 0.0859375
3 0.9140625 0.0765625 0.04453125 0.0859375
3 0.871875 0.07578125 0.04453125 0.0859375
3 0.82890625 0.07421875 0.04453125 0.0859375
3 0.40625 0.31875 0.0859375 0.04375
3 0.49453125 0.3203125 0.0859375 0.04375
3 0.49296875 0.3640625 0.0859375 0.04375
3 0.40625 0.36328125 0.0859375 0.04375
3 0.40546875 0.40546875 0.0859375 0.04375
3 0.40546875 0.44921875 0.0859375 0.04375
3 0.40546875 0.49296875 0.0859375 0.04375
3 0.49296875 0.49375 0.0859375 0.04375
3 0.40546875 0.27734375 0.0859375 0.04375
3 0.49375 0.2765625 0.0859375 0.04375
3 0.40546875 0.5796875 0.0859375 0.04375
3 0.49296875 0.53671875 0.0859375 0.04375
3 0.40625 0.53515625 0.0859375 0.04375
3 0.49375 0.45078125 0.0859375 0.04375
3 0.49296875 0.40703125 0.0859375 0.04375
3 0.40703125 0.70859375 0.0859375 0.04375
3 0.49375 0.66640625 0.0859375 0.04375
3 0.40625 0.66640625 0.0859375 0.04375
3 0.49375 0.6234375 0.0859375 0.04375
3 0.40625 0.62265625 0.0859375 0.04375
3 0.49296875 0.58046875 0.0859375 0.04375
3 0.40546875 0.8828125 0.0859375 0.04375
3 0.49375 0.83984375 0.0859375 0.04375
3 0.40625 0.83828125 0.0859375 0.04375
3 0.49375 0.796875 0.0859375 0.04375
3 0.40703125 0.7953125 0.0859375 0.04375
3 0.49296875 0.75390625 0.0859375 0.04375
3 0.40625 0.75390625 0.0859375 0.04375
3 0.49375 0.709375 0.0859375 0.04375
3 0.49296875 0.96953125 0.0859375 0.04375
3 0.40546875 0.9703125 0.0859375 0.04375
3 0.490625 0.92578125 0.0859375 0.04375
3 0.40625 0.9265625 0.0859375 0.04375
3 0.4921875 0.88359375 0.0859375 0.04375
3 0.69296875 0.496875 0.0859375 0.04375
3 0.78046875 0.4546875 0.0859375 0.04375
3 0.69140625 0.45546875 0.0859375 0.04375
3 0.6921875 0.3234375 0.0859375 0.04375
3 0.7796875 0.32578125 0.0859375 0.04375
3 0.69296875 0.3671875 0.0859375 0.04375
3 0.78125 0.4109375 0.0859375 0.04375
3 0.78046875 0.66953125 0.0859375 0.04375
3 0.69296875 0.66953125 0.0859375 0.04375
3 0.69296875 0.28046875 0.0859375 0.04375
3 0.69140625 0.41015625 0.0859375 0.04375
3 0.78046875 0.62734375 0.0859375 0.04375
3 0.6921875 0.625 0.0859375 0.04375
3 0.78046875 0.58359375 0.0859375 0.04375
3 0.69296875 0.5828125 0.0859375 0.04375
3 0.78046875 0.540625 0.0859375 0.04375
3 0.6921875 0.5390625 0.0859375 0.04375
3 0.78125 0.4984375 0.0859375 0.04375
3 0.7796875 0.28046875 0.0859375 0.04375
3 0.69140625 0.88671875 0.0859375 0.04375
3 0.78046875 0.84296875 0.0859375 0.04375
3 0.69296875 0.8421875 0.0859375 0.04375
3 0.77890625 0.80078125 0.0859375 0.04375
3 0.690625 0.79921875 0.0859375 0.04375
3 0.7796875 0.75625 0.0859375 0.04375
3 0.69140625 0.75546875 0.0859375 0.04375
2 0.78046875 0.3671875 0.0859375 0.04375
2 0.778125 0.7125 0.08515625 0.03828125
3 0.69140625 0.71328125 0.0859375 0.04375
3 0.21796875 0.66328125 0.0859375 0.04375
3 0.21640625 0.62109375 0.0859375 0.04375
3 0.21796875 0.57734375 0.0859375 0.04375
3 0.2171875 0.53359375 0.0859375 0.04375
3 0.778125 0.975 0.0859375 0.04375
3 0.6921875 0.971875 0.0859375 0.04375
3 0.77890625 0.928125 0.0859375 0.04375
3 0.6921875 0.93125 0.0859375 0.04375
3 0.77890625 0.88671875 0.0859375 0.04375
3 0.2171875 0.8 0.08359375 0.03828125
3 0.21796875 0.746875 0.08203125 0.03515625
3 0.2171875 0.70703125 0.0859375 0.04375
3 0.215625 0.28046875 0.08515625 0.03671875
3 0.2171875 0.3203125 0.0859375 0.04375
3 0.215625 0.359375 0.0859375 0.04375
3 0.21640625 0.40390625 0.0859375 0.04375
3 0.2171875 0.44609375 0.0859375 0.04375
3 0.21875 0.48984375 0.0859375 0.04375
3 0.21484375 0.96484375 0.0828125 0.04296875
3 0.215625 0.92421875 0.0828125 0.04453125
3 0.2171875 0.8796875 0.0828125 0.04453125
3 0.2171875 0.83828125 0.084375 0.040625
0 0.5140625 0.31796875 0.07578125 0.0390625
0 0.696875 0.31875 0.08046875 0.040625
0 0.78671875 0.3953125 0.08046875 0.0390625
0 0.49921875 0.4421875 0.1 0.0484375
0 0.39453125 0.49296875 0.08046875 0.04140625
0 0.21015625 0.703125 0.07265625 0.0328125
0 0.4015625 0.66328125 0.078125 0.03515625
0 0.4984375 0.70546875 0.07890625 0.03984375
0 0.40234375 0.790625 0.08359375 0.04296875
0 0.22109375 0.8734375 0.08125 0.03203125
0 0.2125 0.91875 0.0703125 0.03515625
0 0.215625 0.9671875 0.07890625 0.03671875
0 0.40390625 0.9203125 0.09921875 0.05
0 0.4015625 0.96875 0.08203125 0.0359375
0 0.48984375 0.87734375 0.078125 0.0453125
0 0.69375 0.53828125 0.08515625 0.03671875
0 0.7734375 0.74921875 0.07890625 0.03515625
0 0.69140625 0.79296875 0.08046875 0.03984375
0 0.7828125 0.8421875 0.0828125 0.03515625
0 0.78359375 0.884375 0.07890625 0.0390625
0 0.7796875 0.92421875 0.08203125 0.04609375
0 0.68671875 0.9234375 0.0765625 0.04375
0 0.68984375 0.884375 0.07734375 0.034375
0 0.690625 0.9671875 0.07890625 0.0375
3 0.971875 0.75703125 0.05625 0.0390625
3 0.97265625 0.803125 0.05390625 0.0453125
3 0.9734375 0.84609375 0.05234375 0.0421875
3 0.971875 0.88671875 0.05625 0.0453125
3 0.9734375 0.92890625 0.05234375 0.04140625
3 0.97421875 0.9734375 0.0515625 0.05
0 0.97109375 0.79921875 0.0578125 0.0421875
0 0.9734375 0.8453125 0.05234375 0.0375
0 0.971875 0.88671875 0.05625 0.0390625
0 0.9734375 0.9265625 0.05234375 0.0390625
0 0.96328125 0.97421875 0.07265625 0.05
0 0.8703125 0.06875 0.04140625 0.10859375
2 0.2125 0.77265625 0.0828125 0.01796875
2 0.4515625 0.24453125 0.17265625 0.021875
2 0.73359375 0.24765625 0.1609375 0.02109375