1 0.43228501562500005 0.61450814375 0.433112378125 0.5311824109375001 0.00029714375 0.52898359375 0 0.9988517921875 0.4455342015625 0.9988517921875 0.477062703125 0.6163371328125 0.43228501562500005 0.61450814375
1 0.7342825734375 0.751295603125 0.7112524437500001 0.763828990625 0.6877711718749999 0.7793574921875 0.6699258953125 0.7977117265625 0.6517842015624999 0.8152866453125001 0.552876221875 0.997334690625 0.996316775 0.9991856671875 0.9991856671875 0.7328827359375001 0.751470684375 0.744271171875 0.7342825734375 0.751295603125
3 0.240625 0.575 0.04453125 0.0859375
3 0.328125 0.57734375 0.04453125 0.0859375
3 0.37109375 0.57734375 0.04453125 0.0859375
3 0.41328125 0.57578125 0.04453125 0.0859375
3 0.025 0.575 0.04453125 0.0859375
3 0.06875 0.575 0.04453125 0.0859375
3 0.1125 0.5734375 0.04453125 0.0859375
3 0.1546875 0.57578125 0.04453125 0.0859375
3 0.19921875 0.57578125 0.04453125 0.0859375
3 0.28515625 0.57578125 0.04453125 0.0859375
3 0.19296875 0.86796875 0.08515625 0.04375
3 0.1921875 0.91015625 0.0859375 0.04296875
3 0.1921875 0.95390625 0.0859375 0.04296875
3 0.27890625 0.9546875 0.0859375 0.04296875
3 0.2796875 0.91171875 0.0859375 0.04296875
2 0.28046875 0.86875 0.0859375 0.04296875
3 0.2796875 0.82578125 0.0859375 0.04296875
3 0.19375 0.825 0.0859375 0.04296875
3 0.278125 0.784375 0.0859375 0.04296875
3 0.19375 0.77890625 0.0859375 0.04296875
3 0.01875 0.77734375 0.0359375 0.0453125
3 0.01796875 0.821875 0.0359375 0.0453125
3 0.01796875 0.95078125 0.0359375 0.0453125
3 0.01796875 0.90859375 0.0359375 0.0453125
3 0.01796875 0.86484375 0.0359375 0.0453125
0 0.76640625 0.790625 0.03359375 0.08515625
0 0.81171875 0.7796875 0.03359375 0.09375
0 0.85390625 0.78359375 0.0328125 0.09296875
0 0.896875 0.778125 0.0375 0.09296875
0 0.93828125 0.7796875 0.0359375 0.08359375
0 0.984375 0.7828125 0.028125 0.08828125
0 0.36953125 0.56953125 0.04375 0.1078125
0 0.19453125 0.81796875 0.0796875 0.0375
0 0.284375 0.896875 0.08046875 0.03984375
0 0.02578125 0.81796875 0.0515625 0.034375
0 0.02421875 0.94453125 0.0484375 0.0359375
0 0.7109079796875 0.9005895765625 0.729612378125 0.86436400625 0.634262215625 0.8081131921875 0.614698696875 0.8460993484375001 0.7109079796875 0.9005895765625
0 0.67852524375 0.939854234375 0.6974258953125 0.9073070031249999 0.6253338765625001 0.8675130296875 0.60939169375 0.8971229640624999 0.67852524375 0.939854234375
0 0.65707491875 0.97177524375 0.674856678125 0.94289739375 0.6101815953124999 0.9082565140625001 0.5922890875 0.9367947875 0.65707491875 0.97177524375
0 0.5981156359375001 0.9991856671875 0.6340977203125 0.9991856671875 0.6422728015625 0.9795684046875 0.586976384375 0.9496245921875 0.5664641687499999 0.9834812703125 0.5981156359375001 0.9991856671875
2 0.23203125 0.74765625 0.16484375 0.02109375
2 0.01875 0.74296875 0.0375 0.02578125