0 0.01875 0.64296875 0.03671875 0.0421875
0 0.87421875 0.43515625 0.0796875 0.040625
0 0.87421875 0.30703125 0.07421875 0.03984375
0 0.01875 0.68671875 0.03671875 0.04609375
0 0.77578125 0.5640625 0.06796875 0.03828125
0 0.87578125 0.390625 0.075 0.040625
0 0.571875 0.38671875 0.07109375 0.03828125
0 0.87734375 0.26171875 0.06796875 0.0375
0 0.8765625 0.2203125 0.07109375 0.03828125
0 0.56171875 0.5140625 0.0671875 0.040625
0 0.78515625 0.390625 0.07109375 0.0359375
0 0.27890625 0.51328125 0.0703125 0.04140625
0 0.871875 0.17265625 0.078125 0.04453125
0 0.86953125 0.4734375 0.0796875 0.040625
0 0.57109375 0.471875 0.0765625 0.040625
0 0.17421875 0.6828125 0.07734375 0.04375
0 0.86640625 0.565625 0.071875 0.040625
0 0.875 0.34921875 0.0734375 0.03828125
0 0.78203125 0.3453125 0.08125 0.0375
0 0.78203125 0.434375 0.0796875 0.0359375
0 0.78515625 0.259375 0.078125 0.0359375
0 0.7859375 0.30078125 0.07734375 0.0359375
0 0.5765625 0.43203125 0.08203125 0.040625
0 0.4875 0.38515625 0.08046875 0.03671875
0 0.57265625 0.33984375 0.07734375 0.0390625
0 0.77890625 0.21328125 0.07734375 0.03671875
0 0.47890625 0.55625 0.0859375 0.03984375
0 0.57734375 0.296875 0.075 0.03828125
0 0.56953125 0.559375 0.08125 0.03828125
0 0.57265625 0.25625 0.0765625 0.0359375
0 0.7796875 0.4765625 0.08046875 0.0359375
0 0.7828125 0.51875 0.0765625 0.03359375
0 0.78046875 0.16953125 0.0796875 0.03984375
0 0.8671875 0.60703125 0.08046875 0.0359375
0 0.4859375 0.428125 0.08203125 0.03984375
0 0.47734375 0.46875 0.0953125 0.0421875
0 0.7765625 0.6046875 0.08203125 0.03984375
0 0.57578125 0.64453125 0.0765625 0.03671875
0 0.57734375 0.16640625 0.07734375 0.0359375
0 0.575 0.12578125 0.0828125 0.0390625
0 0.86953125 0.65078125 0.08046875 0.0359375
0 0.47890625 0.5125 0.08515625 0.03828125
0 0.571875 0.20859375 0.07890625 0.03984375
0 0.4796875 0.64296875 0.08359375 0.04296875
0 0.18984375 0.59921875 0.08515625 0.03984375
0 0.48515625 0.5984375 0.08125 0.0390625
0 0.78203125 0.65234375 0.078125 0.0390625
0 0.01640625 0.375 0.03125 0.0421875
0 0.5734375 0.60234375 0.07890625 0.03828125
0 0.78671875 0.125 0.08203125 0.04140625
0 0.57578125 0.08359375 0.078125 0.03671875
0 0.2828125 0.38359375 0.0828125 0.0421875
0 0.87578125 0.128125 0.08671875 0.040625
0 0.190625 0.38046875 0.0765625 0.0421875
0 0.18671875 0.4234375 0.078125 0.03984375
0 0.4859375 0.296875 0.08203125 0.04140625
0 0.28046875 0.3390625 0.084375 0.04140625
0 0.7796875 0.07734375 0.078125 0.0390625
0 0.2796875 0.64375 0.08671875 0.03828125
0 0.1984375 0.55625 0.08515625 0.0421875
0 0.875 0.08203125 0.07578125 0.03828125
0 0.28046875 0.42734375 0.078125 0.040625
0 0.57109375 0.69296875 0.07421875 0.0390625
0 0.8703125 0.69453125 0.08203125 0.0390625
0 0.8671875 0.52109375 0.078125 0.03515625
0 0.18984375 0.46796875 0.0734375 0.03984375
0 0.78125 0.6953125 0.0796875 0.0390625
0 0.18984375 0.2921875 0.0828125 0.04296875
0 0.48671875 0.3453125 0.078125 0.0375
0 0.0203125 0.203125 0.0390625 0.04140625
0 0.484375 0.690625 0.07578125 0.0390625
0 0.28203125 0.596875 0.09140625 0.046875
0 0.278125 0.68671875 0.08046875 0.040625
0 0.1921875 0.0359375 0.0875 0.040625
0 0.2734375 0.2484375 0.0828125 0.03984375
0 0.01875 0.5546875 0.03671875 0.0390625
0 0.62265625 0.00703125 0.053125 0.0140625
0 0.5399022796875 0 0.5399022796875 0.0187296421875 0.5480456031250001 0.026872964062499997 0.583876221875 0.0423452765625 0.5903908796875 0.048045603125 0.60749185625 0.0521172640625 0.6180781765625001 0.0366449515625 0.6197068406249999 0.0219869703125 0.6164495109375 0.0138436484375 0.5960912046875 0 0.5399022796875 0
1 0 0.7493656359374999 0.9158851796875 0.7643428343750001 0.9174812703124999 0.0040716609375 0 0.0016490234374999999 0 0.7493656359374999