1 0.54942508125 0.8735464171875 0.5468965796874999 0.8649470687499999 0.5479674265625001 0.7435285015625 0.286718240625 0.7432052125 0.27323615625 0.7425480453125 0.252320846875 0.7444991859375001 0.234194625 0.7559185671875001 0.21006188906249998 0.7651172640625 0.1871058625 0.7832117265625 0.1677809453125 0.7989364828125 0.152072475 0.81633631875 0.13497475625 0.8418371328124999 0.11830048906249999 0.8757728015625 0.0458118890625 0.9991856671875 0.6519112375 0.9984796421875 0.652823290625 0.8767646578124999 0.5529185671875 0.8788216609375 0.54942508125 0.8735464171875
3 0.31015625 0.78828125 0.04453125 0.09609375
3 0.35390625 0.7890625 0.04296875 0.09609375
3 0.39609375 0.78984375 0.04296875 0.09609375
3 0.4390625 0.78984375 0.04296875 0.09609375
3 0.4828125 0.790625 0.04296875 0.09609375
3 0.5265625 0.78984375 0.04296875 0.09609375
3 0.26953125 0.79140625 0.04140625 0.09453125
3 0.60078125 0.9 0.09921875 0.04453125
3 0.6 0.94296875 0.09921875 0.04453125
3 0.59921875 0.9828125 0.09921875 0.0328125
3 0.22388273593750002 0.8627361562500001 0.1518656359375 0.8191351796875 0.12597231250000002 0.8648729640624999 0.198487784375 0.9073811078125 0.22388273593750002 0.8627361562500001
3 0.17741938125 0.945712540625 0.2026815953125 0.9044600984375 0.129683225 0.86344706875 0.1065366453125 0.90414739375 0.17741938125 0.945712540625
3 0.0896363734375 0.9386119484375 0.1551368078125 0.9775171015625 0.1761522796875 0.9412532578125001 0.10636645 0.9027581437500001 0.0896363734375 0.9386119484375
3 0.0744934859375 0.9790651468749999 0.102342834375 0.9991856671875 0.14296416875 0.9991856671875 0.15464332187500002 0.9812491859374999 0.0879967421875 0.9443175890625 0.0687035828125 0.978237784375 0.0744934859375 0.9790651468749999
0 0.265625 0.79140625 0.03203125 0.08671875
0 0.3109375 0.78125 0.03359375 0.090625
0 0.35390625 0.78125 0.03515625 0.08828125
0 0.3953125 0.7765625 0.03828125 0.0921875
0 0.4390625 0.78125 0.0359375 0.08046875
0 0.484375 0.78046875 0.03046875 0.0890625
0 0.52890625 0.7890625 0.034375 0.08515625
0 0.60625 0.896875 0.0828125 0.03515625
0 0.60234375 0.94375 0.08125 0.0359375
0 0.60078125 0.9828125 0.08671875 0.025
0 0.115671009375 0.8462850156249999 0.2093884359375 0.9008021171875 0.228129478125 0.866192996875 0.13627850156250002 0.8130171015625001 0.11536400625000001 0.84419136875 0.115671009375 0.8462850156249999
0 0.1801921828125 0.9366726390625001 0.1984991859375 0.9081604234375 0.1272451140625 0.8643794781249999 0.1116368078125 0.896645765625 0.1801921828125 0.9366726390625001
0 0.0968713359375 0.93940309375 0.1578884359375 0.974346090625 0.176868078125 0.944545603125 0.1071620515625 0.9088444625 0.0920838765625 0.9374788281249999 0.0968713359375 0.93940309375
0 0.072754071875 0.9765781765625 0.1102109125 0.9991856671875 0.14772475625 0.9991856671875 0.15699755625 0.9832109125 0.085859934375 0.9449649843750001 0.0728713359375 0.9723102609375 0.072754071875 0.9765781765625