0 0.64609375 0.79765625 0.03359375 0.08359375
0 0.64609375 0.8921875 0.02890625 0.08203125
0 0.603125 0.60390625 0.0296875 0.08125
0 0.51015625 0.80234375 0.03203125 0.0796875
0 0.55546875 0.79609375 0.03125 0.084375
0 0.8015625 0.40234375 0.0765625 0.04140625
0 0.60546875 0.19375 0.03203125 0.0875
0 0.46640625 0.48671875 0.0328125 0.08984375
0 0.73984375 0.903125 0.0359375 0.07890625
0 0.69765625 0.58984375 0.03125 0.07421875
0 0.74296875 0.20078125 0.028125 0.075
0 0.74296875 0.2890625 0.0328125 0.0765625
0 0.51875 0.18359375 0.03203125 0.09140625
0 0.7375 0.8125 0.03125 0.08359375
0 0.915625 0.50234375 0.03515625 0.08359375
0 0.846875 0.49296875 0.03359375 0.08125
0 0.6 0.29765625 0.03203125 0.0765625
0 0.32734375 0.79140625 0.0296875 0.0890625
0 0.521875 0.01171875 0.03046875 0.0234375
0 0.740625 0.5953125 0.02890625 0.0734375
0 0.0984375 0.88828125 0.02578125 0.07890625
0 0.559375 0.1984375 0.0265625 0.075
0 0.5546875 0.6 0.02734375 0.0796875
0 0.19140625 0.4921875 0.034375 0.084375
0 0.68671875 0.81015625 0.03046875 0.078125
0 0.56484375 0.01171875 0.028125 0.0234375
0 0.3328125 0.4953125 0.03046875 0.08203125
0 0.33515625 0.19609375 0.03046875 0.06875
0 0.19296875 0.796875 0.02890625 0.0828125
0 0.515625 0.2859375 0.03046875 0.0859375
0 0.70078125 0.19921875 0.0296875 0.08515625
0 0.8390625 0.19609375 0.03515625 0.090625
0 0.78671875 0.28828125 0.03359375 0.075
0 0.6 0.79609375 0.03515625 0.08671875
0 0.5984375 0.896875 0.0375 0.0796875
0 0.69765625 0.28671875 0.03671875 0.0734375
0 0.28046875 0.79609375 0.03515625 0.084375
0 0.69609375 0.4984375 0.03984375 0.08828125
0 0.234375 0.8875 0.0390625 0.0890625
0 0.68828125 0.89140625 0.034375 0.07734375
0 0.284375 0.49453125 0.0375 0.0765625
0 0.0953125 0.58671875 0.040625 0.08515625
0 0.32421875 0.89140625 0.03828125 0.08671875
0 0.32734375 0.5890625 0.03671875 0.09140625
0 0.5578125 0.28828125 0.03515625 0.08203125
0 0.1890625 0.5890625 0.03828125 0.08203125
0 0.696875 0.01171875 0.0328125 0.0234375
0 0.2390625 0.5890625 0.03671875 0.08203125
0 0.2328125 0.78984375 0.03828125 0.1015625
0 0.46484375 0.8015625 0.03359375 0.08515625
0 0.50703125 0.89296875 0.034375 0.08359375
0 0.834375 0.28671875 0.03671875 0.0796875
0 0.1421875 0.7984375 0.0390625 0.0859375
0 0.5078125 0.58515625 0.0328125 0.078125
0 0.60625 0.01328125 0.03046875 0.0265625
0 0.9125 0.8109375 0.03671875 0.0859375
0 0.2796875 0.59921875 0.0375 0.075
0 0.78828125 0.59453125 0.034375 0.0796875
0 0.928125 0.29140625 0.03671875 0.07734375
0 0.14375 0.5890625 0.03828125 0.0828125
0 0.59921875 0.490625 0.03984375 0.0921875
0 0.14609375 0.49375 0.03671875 0.08203125
0 0.84609375 0.5953125 0.03359375 0.0703125
0 0.3765625 0.19296875 0.03203125 0.0859375
0 0.24453125 0.49921875 0.03515625 0.06953125
0 0.78828125 0.19609375 0.04140625 0.08828125
0 0.05 0.584375 0.034375 0.08046875
0 0.46015625 0.89453125 0.0375 0.07734375
0 0.10078125 0.49140625 0.0375 0.0828125
0 0.37421875 0.284375 0.03515625 0.08515625
0 0.92734375 0.19453125 0.0359375 0.0890625
0 0.846875 0.8078125 0.0375 0.08671875
0 0.90703125 0.60234375 0.0375 0.08125
0 0.378125 0.58828125 0.0421875 0.0859375
0 0.79375 0.015625 0.03515625 0.03046875
0 0.4671875 0.28515625 0.03515625 0.08046875
0 0.24296875 0.19140625 0.03046875 0.0796875
0 0.05546875 0.2796875 0.0359375 0.08046875
0 0.28984375 0.18046875 0.040625 0.08984375
0 0.79296875 0.4859375 0.04609375 0.0828125
0 0.65234375 0.28359375 0.03671875 0.075
0 0.65390625 0.20078125 0.034375 0.0734375
0 0.05625 0.18359375 0.0390625 0.09140625
0 0.33515625 0.00859375 0.028125 0.01640625
0 0.8875 0.01484375 0.03359375 0.0296875
0 0.37734375 0.009375 0.02578125 0.01875
0 0.88828125 0.1984375 0.034375 0.0859375
0 0.9328125 0.01328125 0.0328125 0.0265625
0 0.83984375 0.01796875 0.0375 0.0359375
0 0.509375 0.4921875 0.03359375 0.0796875
0 0.3671875 0.8953125 0.02578125 0.0828125
0 0.2 0.0140625 0.03203125 0.02734375
0 0.28671875 0.2828125 0.03203125 0.07734375
0 0.15234375 0.0125 0.03203125 0.0234375
0 0.24140625 0.27734375 0.04140625 0.08125
0 0.0125 0.7859375 0.02421875 0.08203125
0 0.0109375 0.584375 0.021875 0.08046875
0 0.87890625 0.2953125 0.03828125 0.08203125
0 0.37265625 0.8015625 0.0296875 0.0859375
0 0.1484375 0.28515625 0.03515625 0.075
0 0.9140625 0.91171875 0.03671875 0.0796875
0 0.04375 0.89921875 0.02265625 0.06796875
0 0.378125 0.5265625 0.02890625 0.02734375
0 0.21171875 0.25625 0.021875 0.04453125
0 0.4609375 0.57734375 0.03046875 0.075
1 0.0009649843749999999 0 0 0.9554250812499999 0.974537459375 0.9822508140625 0.98941368125 0 0.0009649843749999999 0