0 0.30546875 0.40234375 0.0765625 0.040625
0 0.103125 0.60390625 0.03046875 0.08125
0 0.14296875 0.796875 0.03359375 0.084375
0 0.1421875 0.89140625 0.02890625 0.08125
0 0.0140625 0.8015625 0.02734375 0.0796875
0 0.346875 0.49296875 0.0328125 0.08125
0 0.19453125 0.58984375 0.03125 0.07421875
0 0.415625 0.50234375 0.034375 0.08359375
0 0.01328125 0.49453125 0.0265625 0.08046875
0 0.240625 0.9015625 0.028125 0.075
0 0.0515625 0.79765625 0.0328125 0.084375
0 0.24375 0.2 0.02890625 0.075
0 0.3359375 0.19609375 0.03515625 0.090625
0 0.11015625 0.1953125 0.0328125 0.08984375
0 0.24140625 0.5953125 0.02890625 0.07265625
0 0.02265625 0.01171875 0.03125 0.02265625
0 0.06015625 0.19375 0.02734375 0.075
0 0.01640625 0.18984375 0.03046875 0.08828125
0 0.24375 0.2890625 0.0328125 0.07578125
0 0.528125 0.85546875 0.03203125 0.0828125
0 0.2875 0.28828125 0.0328125 0.07578125
0 0.1875 0.80859375 0.03515625 0.0828125
0 0.1 0.79453125 0.03515625 0.08515625
0 0.19921875 0.19765625 0.03359375 0.08359375
0 0.2375 0.80859375 0.03671875 0.08203125
0 0.334375 0.28671875 0.03671875 0.08046875
0 0.1953125 0.49921875 0.0390625 0.08671875
0 0.103125 0.290625 0.0375 0.0796875
0 0.0578125 0.28828125 0.034375 0.08046875
0 0.19765625 0.28671875 0.03671875 0.071875
0 0.34609375 0.59609375 0.034375 0.07265625
0 0.01640625 0.28828125 0.0328125 0.0828125
0 0.28828125 0.5953125 0.034375 0.08046875
0 0.0125 0.58515625 0.025 0.0765625
0 0.61484375 0.85234375 0.03125 0.0796875
0 0.41171875 0.81171875 0.03671875 0.08671875
0 0.1890625 0.89140625 0.03515625 0.07578125
0 0.05390625 0.6 0.03515625 0.0828125
0 0.428125 0.29140625 0.03671875 0.07734375
0 0.1 0.490625 0.03984375 0.090625
0 0.40625 0.60234375 0.03828125 0.08125
0 0.06328125 0.0125 0.03203125 0.025
0 0.15234375 0.284375 0.0359375 0.07421875
0 0.42734375 0.1953125 0.0359375 0.090625
0 0.2875 0.19609375 0.04140625 0.08828125
0 0.10625 0.01328125 0.03046875 0.0265625
0 0.09921875 0.89765625 0.03671875 0.0796875
0 0.34765625 0.8078125 0.0359375 0.08671875
0 0.19609375 0.01171875 0.03359375 0.0234375
0 0.2921875 0.48671875 0.04296875 0.08203125
0 0.0125 0.89296875 0.025 0.0875
0 0.15390625 0.2015625 0.03515625 0.07421875
0 0.5265625 0.3078125 0.04140625 0.09375
0 0.29375 0.015625 0.034375 0.03046875
0 0.3875 0.196875 0.03359375 0.0875
0 0.37890625 0.29453125 0.0375 0.0828125
0 0.38671875 0.01484375 0.03359375 0.02890625
0 0.3390625 0.01796875 0.0375 0.03515625
0 0.4328125 0.0140625 0.03203125 0.0265625
0 0.4140625 0.91171875 0.03671875 0.08046875
0 0.15234375 0.00625 0.04453125 0.01171875
0 0.05 0.9015625 0.0296875 0.0796875
1 0.000037459375 0 0 0.99114739375 0.63179153125 0.99277524375 0.6273167749999999 0.7948648203124999 0.47471416875 0.791651465625 0.48463925156250004 0.34805293125 0.615690553125 0.3468118890625 0.6159869703124999 0.005794787500000001 0.45738355 0.0013574921875 0.000037459375 0