1 0.0016962546875000002 0 0 0.9991856671875 0.47060586249999997 0.9991856671875 0.48452768749999997 0 0.4822744296875 0 0.0016962546875000002 0
2 0.14921875 0.07265625 0.04375 0.1453125
2 0.1421875 0.6578125 0.0453125 0.18046875
3 0.2859375 0.09921875 0.0453125 0.09453125
3 0.1921875 0.3078125 0.0453125 0.09453125
3 0.23828125 0.309375 0.0453125 0.09453125
3 0.2828125 0.30859375 0.0453125 0.09453125
3 0.05625 0.096875 0.0453125 0.09453125
3 0.103125 0.09609375 0.0453125 0.09453125
3 0.1953125 0.09765625 0.0453125 0.09453125
3 0.24140625 0.09765625 0.0453125 0.09453125
3 0.1453125 0.40390625 0.0453125 0.09453125
3 0.096875 0.403125 0.0453125 0.09453125
3 0.05390625 0.40234375 0.0453125 0.09453125
3 0.053125 0.3046875 0.0453125 0.09453125
3 0.0984375 0.30625 0.0453125 0.09453125
3 0.14296875 0.30625 0.0453125 0.09453125
3 0.234375 0.6125 0.0453125 0.09453125
3 0.19140625 0.6125 0.0453125 0.09453125
3 0.2828125 0.40390625 0.0453125 0.09453125
3 0.2375 0.403125 0.0453125 0.09453125
3 0.18984375 0.40546875 0.0453125 0.09453125
3 0.2796875 0.709375 0.0453125 0.09453125
3 0.234375 0.71015625 0.0453125 0.09453125
3 0.18828125 0.70859375 0.0453125 0.09453125
3 0.09375 0.70625 0.0453125 0.09453125
3 0.09609375 0.6125 0.0453125 0.09453125
3 0.28125 0.61484375 0.04140625 0.09453125
3 0.371875 0.71015625 0.04140625 0.09453125
3 0.37109375 0.6140625 0.04140625 0.09453125
3 0.05078125 0.61171875 0.04140625 0.09453125
3 0.04921875 0.70625 0.04140625 0.09453125
3 0.3234375 0.7109375 0.04140625 0.09453125
3 0.32578125 0.61484375 0.04140625 0.09453125
3 0.41953125 0.71171875 0.04765625 0.0953125
3 0.4171875 0.61484375 0.04921875 0.09453125
2 0.46328125 0.3578125 0.03359375 0.1890625
2 0.4640625 0.07421875 0.034375 0.1453125
2 0.4578125 0.66328125 0.03359375 0.19140625
3 0.3390625 0.40546875 0.06640625 0.09375
3 0.34140625 0.30859375 0.0640625 0.09921875
3 0.409375 0.31015625 0.06953125 0.0984375
3 0.41015625 0.40546875 0.07109375 0.09453125
3 0.34375 0.096875 0.065625 0.09140625
3 0.41171875 0.1 0.0703125 0.09296875
3 0.41171875 0.0265625 0.06796875 0.053125
3 0.34375 0.02578125 0.065625 0.0515625
3 0.28515625 0.025 0.0453125 0.05
3 0.240625 0.025 0.04296875 0.04921875
3 0.1953125 0.0234375 0.04140625 0.046875
3 0.10234375 0.02421875 0.0421875 0.0484375
3 0.05703125 0.0234375 0.04375 0.046875
3 0.01640625 0.025 0.0328125 0.05
3 0.015625 0.0953125 0.03125 0.090625
3 0.01484375 0.30546875 0.0296875 0.0953125
3 0.01484375 0.403125 0.0296875 0.096875
3 0.01484375 0.6109375 0.02890625 0.09609375
3 0.0140625 0.7046875 0.025 0.0953125
3 0.0125 0.9078125 0.025 0.09140625
3 0.0484375 0.90703125 0.04296875 0.08984375
3 0.09375 0.9078125 0.04296875 0.09375
3 0.1390625 0.90703125 0.046875 0.09375
3 0.18515625 0.9078125 0.04765625 0.09765625
3 0.23203125 0.91328125 0.04609375 0.103125
3 0.2765625 0.9125 0.04609375 0.109375
3 0.334375 0.9125 0.06640625 0.10390625
3 0.4015625 0.9140625 0.06953125 0.10625
3 0.4 0.9828125 0.06953125 0.03359375
3 0.3328125 0.98125 0.065625 0.0375
3 0.2765625 0.98125 0.04609375 0.03515625
3 0.2328125 0.98125 0.04375 0.0375
3 0.184375 0.98671875 0.046875 0.0265625
3 0.13671875 0.9875 0.0453125 0.02421875
3 0.0921875 0.9859375 0.04296875 0.025
3 0.04921875 0.98671875 0.04140625 0.0265625
2 0.10234375 0.96328125 0.2046875 0.01875