3 0.29609375 0.0875 0.04375 0.09296875
3 0.3421875 0.18125 0.04375 0.09296875
3 0.25078125 0.18125 0.04375 0.09296875
3 0.2953125 0.18125 0.04375 0.09296875
3 0.25 0.08671875 0.04375 0.09296875
3 0.3875 0.0890625 0.04375 0.09296875
3 0.390625 0.184375 0.05078125 0.0921875
3 0.24765625 0.390625 0.04375 0.09296875
3 0.43359375 0.184375 0.04375 0.09296875
3 0.34296875 0.08828125 0.04375 0.09296875
3 0.20078125 0.4859375 0.04375 0.09296875
3 0.4296875 0.39453125 0.04375 0.09296875
3 0.38359375 0.39375 0.04375 0.09296875
3 0.33984375 0.39296875 0.04375 0.09296875
3 0.29375 0.3921875 0.04375 0.09296875
3 0.20078125 0.390625 0.04375 0.09296875
3 0.4296875 0.4875 0.04375 0.09296875
3 0.384375 0.48828125 0.04375 0.09296875
3 0.33984375 0.48671875 0.04375 0.09296875
3 0.29296875 0.48671875 0.04375 0.09296875
3 0.24609375 0.48515625 0.04375 0.09296875
3 0.06171875 0.4828125 0.04375 0.09296875
3 0.0640625 0.38828125 0.04375 0.09296875
3 0.10859375 0.38984375 0.04375 0.09296875
3 0.11015625 0.48359375 0.04375 0.09296875
3 0.24609375 0.69609375 0.04375 0.09296875
3 0.2 0.696875 0.04375 0.09296875
3 0.15234375 0.69765625 0.04375 0.09296875
3 0.10625 0.6953125 0.04375 0.09296875
3 0.42734375 0.69921875 0.04375 0.09296875
3 0.38125 0.7 0.04375 0.09296875
3 0.33515625 0.696875 0.04375 0.09296875
3 0.29140625 0.69765625 0.04375 0.09296875
3 0.24453125 0.79140625 0.04375 0.09296875
3 0.28828125 0.79296875 0.04375 0.09296875
3 0.33359375 0.79375 0.04375 0.09296875
3 0.38125 0.79375 0.04375 0.09296875
3 0.42734375 0.79375 0.04375 0.09296875
3 0.0625 0.6953125 0.04375 0.09296875
3 0.0609375 0.79140625 0.04375 0.09296875
3 0.10546875 0.79296875 0.04375 0.09296875
3 0.15078125 0.79296875 0.04375 0.09296875
3 0.19765625 0.7921875 0.04375 0.09296875
3 0.01875 0.69453125 0.0375 0.09140625
3 0.01796875 0.7890625 0.0359375 0.090625
3 0.02109375 0.38828125 0.04140625 0.09140625
3 0.01953125 0.48359375 0.0390625 0.0921875
3 0.15859375 0.18828125 0.0453125 0.08515625
3 0.20390625 0.1890625 0.0453125 0.08515625
3 0.11328125 0.1875 0.0453125 0.08515625
3 0.0671875 0.18828125 0.0453125 0.08515625
3 0.02265625 0.18828125 0.0453125 0.08515625
3 0.20546875 0.08125 0.0453125 0.08515625
3 0.159375 0.078125 0.0453125 0.08515625
3 0.11484375 0.075 0.0453125 0.08515625
3 0.06796875 0.07578125 0.0453125 0.08515625
3 0.025 0.07578125 0.0453125 0.08515625
3 0.43515625 0.0890625 0.04765625 0.0921875
3 0.41328125 0.97890625 0.06875 0.0421875
3 0.34375 0.97890625 0.065625 0.0421875
3 0.2859375 0.97890625 0.04765625 0.04140625
3 0.0171875 0.97890625 0.034375 0.0421875
3 0.25625 0.978125 0.04765625 0.0421875
3 0.19453125 0.97890625 0.04765625 0.0421875
3 0.059375 0.97890625 0.04453125 0.0421875
3 0.10390625 0.97890625 0.0390625 0.0421875
1 0.000328990625 0.0015268734375 0.000328990625 0.9986701953124999 0.443323290625 0.9991856671875 0.46069136874999994 0 0.000328990625 0.0015268734375
2 0.14921875 0.97890625 0.0515625 0.0421875
2 0.15546875 0.43671875 0.0421875 0.18046875
2 0.11484375 0.1328125 0.2265625 0.01875
0 0.025 0.06953125 0.0359375 0.090625
0 0.0671875 0.08203125 0.034375 0.08828125
0 0.1140625 0.0765625 0.0359375 0.090625
0 0.159375 0.071875 0.0359375 0.0859375
0 0.20703125 0.08046875 0.03125 0.0796875
0 0.253125 0.08515625 0.03359375 0.09375
0 0.29921875 0.08515625 0.03359375 0.08671875
0 0.34296875 0.07890625 0.02578125 0.08671875
0 0.4390625 0.084375 0.03515625 0.09375
0 0.38671875 0.18203125 0.03828125 0.084375
0 0.33984375 0.18046875 0.03984375 0.0875
0 0.29765625 0.17578125 0.0328125 0.0828125
0 0.253125 0.184375 0.0359375 0.08671875
0 0.11171875 0.18828125 0.03671875 0.0859375
0 0.06875 0.18359375 0.040625 0.08203125
0 0.0234375 0.1859375 0.040625 0.0828125
0 0.0640625 0.3875 0.03828125 0.09140625
0 0.01953125 0.48125 0.0390625 0.090625
0 0.0640625 0.48359375 0.03671875 0.08671875
0 0.10625 0.4859375 0.0390625 0.084375
0 0.196875 0.48125 0.0375 0.0890625
0 0.24765625 0.38984375 0.03671875 0.08671875
0 0.24765625 0.475 0.034375 0.071875
0 0.29140625 0.39765625 0.0375 0.08125
0 0.2953125 0.48515625 0.0390625 0.09609375
0 0.340625 0.40078125 0.03515625 0.0859375
0 0.3390625 0.490625 0.04375 0.09375
0 0.38515625 0.3921875 0.03984375 0.08984375
0 0.43515625 0.390625 0.0375 0.090625
0 0.38671875 0.4859375 0.0375 0.0875
0 0.4359375 0.48671875 0.03515625 0.08828125
0 0.01875 0.69140625 0.0375 0.09375
0 0.0578125 0.696875 0.03203125 0.08515625
0 0.10703125 0.69140625 0.0328125 0.09140625
0 0.1546875 0.7 0.028125 0.078125
0 0.20078125 0.6953125 0.03671875 0.08671875
0 0.2453125 0.7015625 0.034375 0.07890625
0 0.28984375 0.69921875 0.034375 0.08671875
0 0.3359375 0.69296875 0.0390625 0.090625
0 0.38671875 0.69609375 0.0359375 0.0875
0 0.428125 0.69921875 0.03125 0.09296875
0 0.43046875 0.79140625 0.03828125 0.08203125
0 0.38125 0.79375 0.034375 0.08671875
0 0.33828125 0.78515625 0.03828125 0.08515625
0 0.2890625 0.7890625 0.0328125 0.08203125
0 0.2453125 0.78828125 0.03671875 0.08359375
0 0.19921875 0.7875 0.0328125 0.0734375
0 0.1515625 0.7890625 0.03359375 0.08046875
0 0.103125 0.79140625 0.03203125 0.08359375
0 0.05859375 0.7875 0.0359375 0.08515625
0 0.0171875 0.7890625 0.0265625 0.08984375
0 0.015625 0.97578125 0.03125 0.04609375
0 0.10078125 0.9734375 0.0328125 0.05234375
0 0.196875 0.97734375 0.028125 0.0453125
0 0.2890625 0.97109375 0.034375 0.0578125
0 0.346875 0.9734375 0.03671875 0.05234375
0 0.415625 0.97734375 0.0375 0.0453125