1 0.0008004890625 0.9991856671875 0.9439364828125001 0.9991856671875 0.9575773609375 0.001543159375 0 0 0.0008004890625 0.9991856671875
2 0.3609375 0.128125 0.72109375 0.0203125
3 0.0203125 0.06953125 0.040625 0.090625
3 0.06640625 0.06796875 0.046875 0.08671875
3 0.11015625 0.0671875 0.046875 0.08671875
3 0.3390625 0.0703125 0.046875 0.08671875
3 0.29296875 0.06953125 0.046875 0.08671875
3 0.1546875 0.06640625 0.046875 0.08671875
3 0.20078125 0.06796875 0.046875 0.08671875
3 0.246875 0.06953125 0.046875 0.08671875
3 0.61328125 0.075 0.046875 0.08671875
3 0.56796875 0.071875 0.046875 0.08671875
3 0.521875 0.071875 0.046875 0.08671875
3 0.475 0.07109375 0.046875 0.08671875
3 0.4296875 0.06953125 0.046875 0.08671875
3 0.3859375 0.0703125 0.046875 0.08671875
3 0.75078125 0.08203125 0.04921875 0.10234375
3 0.7046875 0.0734375 0.046875 0.08671875
3 0.65859375 0.07421875 0.046875 0.08671875
3 0.796875 0.0828125 0.04609375 0.1015625
3 0.84140625 0.08359375 0.04609375 0.1015625
3 0.88515625 0.18515625 0.04609375 0.1015625
3 0.93359375 0.18671875 0.04609375 0.1015625
3 0.8875 0.084375 0.04609375 0.1015625
3 0.93359375 0.0859375 0.04609375 0.1015625
3 0.153125 0.37890625 0.04609375 0.1015625
3 0.10703125 0.378125 0.04609375 0.1015625
3 0.74921875 0.184375 0.04609375 0.1015625
3 0.7953125 0.18515625 0.04609375 0.1015625
3 0.2453125 0.38046875 0.04609375 0.1015625
3 0.1984375 0.3796875 0.04609375 0.1015625
3 0.0609375 0.378125 0.04609375 0.1015625
3 0.84296875 0.18515625 0.04609375 0.1015625
3 0.6078125 0.38671875 0.04609375 0.1015625
3 0.56328125 0.38671875 0.04609375 0.1015625
3 0.51796875 0.3859375 0.04609375 0.1015625
3 0.47265625 0.3859375 0.04609375 0.1015625
3 0.38203125 0.3828125 0.04609375 0.1015625
3 0.33671875 0.38359375 0.04609375 0.1015625
3 0.290625 0.38203125 0.04609375 0.1015625
3 0.38125 0.4828125 0.04609375 0.1015625
3 0.33515625 0.484375 0.04609375 0.1015625
3 0.2875 0.484375 0.04609375 0.1015625
3 0.24296875 0.4828125 0.04609375 0.1015625
3 0.196875 0.48203125 0.04609375 0.1015625
3 0.1515625 0.48125 0.04609375 0.1015625
3 0.10546875 0.48125 0.04609375 0.1015625
3 0.06015625 0.48125 0.04609375 0.1015625
3 0.7484375 0.38828125 0.04609375 0.1015625
3 0.70078125 0.3875 0.04609375 0.1015625
3 0.69921875 0.490625 0.04609375 0.1015625
3 0.609375 0.4859375 0.04609375 0.1015625
3 0.56328125 0.48515625 0.04609375 0.1015625
3 0.51796875 0.48515625 0.04609375 0.1015625
3 0.471875 0.4859375 0.04609375 0.1015625
3 0.10234375 0.68515625 0.04609375 0.1015625
3 0.93125 0.49140625 0.04609375 0.1015625
3 0.93125 0.38984375 0.04609375 0.1015625
3 0.884375 0.49296875 0.04609375 0.1015625
3 0.88515625 0.38828125 0.04609375 0.1015625
3 0.8375 0.48984375 0.04609375 0.1015625
3 0.83671875 0.390625 0.04609375 0.1015625
3 0.7921875 0.490625 0.04609375 0.1015625
3 0.79140625 0.38984375 0.04609375 0.1015625
3 0.74921875 0.4890625 0.04609375 0.1015625
3 0.19453125 0.68671875 0.04609375 0.1015625
3 0.14921875 0.78828125 0.04609375 0.1015625
3 0.14921875 0.6859375 0.04609375 0.1015625
3 0.1015625 0.78671875 0.04609375 0.1015625
3 0.05703125 0.7875 0.04609375 0.1015625
3 0.05859375 0.68515625 0.04609375 0.1015625
3 0.51484375 0.690625 0.04609375 0.1015625
3 0.4671875 0.69140625 0.04609375 0.1015625
3 0.46875 0.79375 0.04609375 0.1015625
3 0.37578125 0.78984375 0.04609375 0.1015625
3 0.37734375 0.69140625 0.04609375 0.1015625
3 0.33046875 0.790625 0.04609375 0.1015625
3 0.3328125 0.68984375 0.04609375 0.1015625
3 0.28671875 0.790625 0.04609375 0.1015625
3 0.28515625 0.68671875 0.04609375 0.1015625
3 0.23984375 0.7875 0.04609375 0.1015625
3 0.23984375 0.6859375 0.04609375 0.1015625
3 0.19375 0.78671875 0.04609375 0.1015625
3 0.790625 0.69453125 0.04609375 0.1015625
3 0.74140625 0.7953125 0.04609375 0.1015625
3 0.7453125 0.69453125 0.04609375 0.1015625
3 0.69765625 0.79453125 0.04609375 0.1015625
3 0.69765625 0.69375 0.04609375 0.1015625
3 0.65078125 0.79453125 0.04609375 0.1015625
3 0.65078125 0.6921875 0.04609375 0.1015625
3 0.60546875 0.79453125 0.04609375 0.1015625
3 0.60625 0.6921875 0.04609375 0.1015625
3 0.559375 0.79609375 0.04609375 0.1015625
3 0.56171875 0.69140625 0.04609375 0.1015625
3 0.5140625 0.79296875 0.04609375 0.1015625
3 0.925 0.7984375 0.04609375 0.1015625
3 0.92578125 0.6953125 0.04609375 0.1015625
3 0.88125 0.7984375 0.04609375 0.1015625
3 0.8828125 0.6953125 0.04609375 0.1015625
3 0.834375 0.79765625 0.04609375 0.1015625
3 0.834375 0.69453125 0.04609375 0.1015625
3 0.7875 0.79453125 0.04609375 0.1015625
3 0.021875 0.17890625 0.03984375 0.08125
3 0.6125 0.18515625 0.04296875 0.08125
3 0.65703125 0.1875 0.03984375 0.08125
3 0.70078125 0.1875 0.03984375 0.08125
3 0.06328125 0.1796875 0.046875 0.08046875
3 0.384375 0.18125 0.046875 0.08046875
3 0.4296875 0.18203125 0.046875 0.08046875
3 0.47578125 0.18359375 0.046875 0.08046875
3 0.52109375 0.18671875 0.046875 0.08046875
3 0.56796875 0.1859375 0.046875 0.08046875
3 0.109375 0.18046875 0.046875 0.08046875
3 0.1546875 0.1796875 0.046875 0.08046875
3 0.2 0.1796875 0.046875 0.08046875
3 0.24609375 0.18125 0.046875 0.08046875
3 0.29140625 0.18203125 0.046875 0.08046875
3 0.3375 0.18125 0.046875 0.08046875
3 0.02109375 0.378125 0.03671875 0.10234375
3 0.01953125 0.4796875 0.03359375 0.09765625
2 0.6546875 0.4328125 0.04453125 0.15703125
3 0.0171875 0.684375 0.03359375 0.10078125
3 0.01640625 0.7875 0.03046875 0.10390625
3 0.1015625 0.971875 0.040625 0.0546875
3 0.1453125 0.97265625 0.040625 0.0546875
3 0.18984375 0.97265625 0.040625 0.0546875
3 0.23671875 0.97265625 0.0453125 0.0546875
3 0.28515625 0.97265625 0.04453125 0.0546875
3 0.3296875 0.97265625 0.040625 0.0546875
3 0.5125 0.97265625 0.040625 0.0546875
3 0.0609375 0.97265625 0.03984375 0.0546875
3 0.74140625 0.97265625 0.04453125 0.0546875
3 0.4671875 0.97265625 0.040625 0.0546875
3 0.021875 0.971875 0.040625 0.0546875
3 0.6953125 0.97265625 0.04609375 0.0546875
3 0.6484375 0.97265625 0.046875 0.0546875
3 0.603125 0.97265625 0.04375 0.0546875
3 0.55703125 0.97265625 0.0421875 0.0546875
3 0.8453125 0.971875 0.06796875 0.0546875
3 0.78828125 0.97265625 0.0453125 0.0546875
3 0.9125 0.97265625 0.065625 0.05390625
0 0.29296875 0.06953125 0.0375 0.109375
0 0.38828125 0.071875 0.0375 0.08125
0 0.525 0.0703125 0.0390625 0.090625
0 0.56796875 0.08515625 0.0375 0.0890625
0 0.615625 0.0796875 0.0359375 0.09453125
0 0.6609375 0.07265625 0.0359375 0.08359375
0 0.70625 0.08203125 0.0328125 0.07421875
0 0.75234375 0.0875 0.03515625 0.09296875
0 0.7953125 0.084375 0.0375 0.08515625
0 0.84140625 0.08125 0.03828125 0.08671875
0 0.9359375 0.0875 0.0390625 0.0921875
0 0.1546875 0.1828125 0.03671875 0.08203125
0 0.1984375 0.17890625 0.0359375 0.08046875
0 0.3390625 0.18125 0.0421875 0.1125
0 0.4765625 0.18046875 0.03671875 0.08203125
0 0.521875 0.18671875 0.03984375 0.0828125
0 0.56875 0.18359375 0.0328125 0.084375
0 0.61328125 0.184375 0.0375 0.08671875
0 0.753125 0.18515625 0.03359375 0.084375
0 0.796875 0.17734375 0.03125 0.07734375
0 0.8421875 0.18359375 0.0375 0.08203125
0 0.88828125 0.18125 0.03828125 0.08671875
0 0.01953125 0.37578125 0.02578125 0.090625
0 0.2453125 0.39609375 0.0296875 0.078125
0 0.2921875 0.3875 0.02265625 0.08046875
0 0.3390625 0.38359375 0.0265625 0.0859375
0 0.38515625 0.38828125 0.034375 0.08125
0 0.46875 0.3859375 0.0390625 0.0828125
0 0.56484375 0.38984375 0.0296875 0.07890625
0 0.746875 0.38828125 0.03046875 0.08203125
0 0.7921875 0.396875 0.034375 0.08046875
0 0.83984375 0.3984375 0.02890625 0.0796875
0 0.88359375 0.3921875 0.0328125 0.0890625
0 0.9359375 0.39140625 0.02890625 0.0859375
0 0.153125 0.48125 0.03203125 0.08515625
0 0.19765625 0.48359375 0.0390625 0.0875
0 0.33359375 0.47421875 0.03515625 0.07890625
0 0.38046875 0.47890625 0.02734375 0.08125
0 0.52109375 0.4828125 0.040625 0.0859375
0 0.56484375 0.48125 0.03515625 0.08359375
0 0.6078125 0.48671875 0.03828125 0.08515625
0 0.69921875 0.48203125 0.03359375 0.0828125
0 0.74765625 0.47734375 0.0296875 0.0640625
0 0.7921875 0.48828125 0.0375 0.0859375
0 0.840625 0.490625 0.0359375 0.08828125
0 0.8875 0.48671875 0.034375 0.0828125
0 0.93359375 0.4859375 0.0296875 0.084375
0 0.0578125 0.68515625 0.03984375 0.09453125
0 0.24296875 0.69140625 0.0328125 0.075
0 0.28828125 0.68828125 0.03828125 0.09609375
0 0.33359375 0.69140625 0.03203125 0.07578125
0 0.05390625 0.78125 0.03515625 0.08046875
0 0.1484375 0.78515625 0.03671875 0.07890625
0 0.24140625 0.7796875 0.03671875 0.0828125
0 0.2875 0.784375 0.03515625 0.0828125
0 0.37734375 0.784375 0.03828125 0.08828125
0 0.3765625 0.6921875 0.0328125 0.09296875
0 0.4671875 0.7859375 0.04453125 0.08359375
0 0.46796875 0.6921875 0.0375 0.09453125
0 0.51328125 0.69140625 0.03828125 0.090625
0 0.51328125 0.78828125 0.0359375 0.0890625
0 0.55859375 0.69453125 0.03359375 0.0859375
0 0.55703125 0.78984375 0.0390625 0.084375
0 0.6078125 0.690625 0.03671875 0.0953125
0 0.60234375 0.79140625 0.0375 0.08125
0 0.653125 0.7015625 0.03984375 0.0796875
0 0.65 0.78671875 0.03828125 0.0828125
0 0.6984375 0.69609375 0.03359375 0.08828125
0 0.69765625 0.78828125 0.03828125 0.07578125
0 0.74453125 0.7015625 0.03515625 0.08125
0 0.74375 0.7859375 0.03671875 0.08125
0 0.78671875 0.6984375 0.0375 0.0890625
0 0.78828125 0.7890625 0.03828125 0.0828125
0 0.8359375 0.69375 0.0390625 0.096875
0 0.8359375 0.78828125 0.03828125 0.08828125
0 0.8875 0.69921875 0.03671875 0.09140625
0 0.925 0.69375 0.03671875 0.09140625
0 0.8796875 0.79609375 0.03671875 0.0859375
0 0.9265625 0.79453125 0.03828125 0.084375
0 0.10078125 0.9734375 0.0359375 0.05
0 0.1453125 0.975 0.0375 0.04921875
0 0.190625 0.97265625 0.0421875 0.0546875
0 0.2421875 0.98125 0.03515625 0.0375
0 0.28125 0.9765625 0.0375 0.046875
0 0.33125 0.97421875 0.0328125 0.05078125
0 0.46875 0.97265625 0.0375 0.05390625
0 0.5125 0.97578125 0.03671875 0.0484375
0 0.6015625 0.97109375 0.0375 0.0578125
0 0.64765625 0.97421875 0.0421875 0.0515625
0 0.69453125 0.97578125 0.0421875 0.046875
0 0.79140625 0.971875 0.0421875 0.05625
0 0.8484375 0.97265625 0.04140625 0.0546875
0 0.9140625 0.9765625 0.046875 0.0453125
2 0.3984375 0.971875 0.090625 0.05625
2 0.4234375 0.740625 0.040625 0.19921875
2 0.42890625 0.4328125 0.03984375 0.203125