0 0.603125 0.1046875 0.0296875 0.08125
0 0.4625 0.60625 0.03515625 0.08515625
0 0.64609375 0.39609375 0.02890625 0.08203125
0 0.64609375 0.3015625 0.03359375 0.08359375
0 0.4578125 0.70859375 0.0359375 0.0859375
0 0.09375 0.3859375 0.0359375 0.08515625
0 0.05 0.703125 0.0328125 0.08125
0 0.51328125 0.30625 0.03359375 0.07890625
0 0.778125 0.609375 0.0328125 0.084375
0 0.69765625 0.090625 0.03046875 0.07421875
0 0.27890625 0.60234375 0.0296875 0.08515625
0 0.74375 0.40625 0.02734375 0.0765625
0 0.909375 0.91875 0.02890625 0.07578125
0 0.69296875 0.6078125 0.03125 0.0875
0 0.0125 0.2890625 0.02421875 0.0875
0 0.45859375 0.90703125 0.03515625 0.0796875
0 0.55546875 0.3015625 0.03125 0.084375
0 0.846875 0.01640625 0.03203125 0.03203125
0 0.8390625 0.915625 0.03125 0.0859375
0 0.740625 0.096875 0.028125 0.07265625
0 0.51171875 0.609375 0.03359375 0.08203125
0 0.55390625 0.60859375 0.0265625 0.0828125
0 0.19296875 0.3015625 0.02890625 0.0828125
0 0.5078125 0.91015625 0.034375 0.0828125
0 0.32734375 0.29609375 0.02890625 0.0890625
0 0.73515625 0.90078125 0.03828125 0.109375
0 0.32265625 0.903125 0.0359375 0.08828125
0 0.55390625 0.7109375 0.034375 0.090625
0 0.74140625 0.31328125 0.03203125 0.08125
0 0.22734375 0.60546875 0.01796875 0.0703125
0 0.09453125 0.6953125 0.02734375 0.07578125
0 0.00859375 0.69921875 0.0171875 0.0828125
0 0.68671875 0.315625 0.03125 0.07890625
0 0.5984375 0.396875 0.03671875 0.07890625
0 0.13671875 0.69453125 0.0328125 0.0734375
0 0.6 0.2953125 0.03515625 0.08828125
0 0.82421875 0.61328125 0.03671875 0.08515625
0 0.234375 0.3875 0.03828125 0.08828125
0 0.04453125 0.89375 0.0359375 0.08515625
0 0.28046875 0.29609375 0.034375 0.08359375
0 0.328125 0.0890625 0.03515625 0.090625
0 0.32109375 0.69453125 0.0359375 0.0796875
0 0.68828125 0.39140625 0.034375 0.075
0 0.1421875 0.3 0.0390625 0.08359375
0 0.871875 0.6171875 0.034375 0.0828125
0 0.32421875 0.390625 0.0375 0.08671875
0 0.0890625 0.896875 0.034375 0.08359375
0 0.4640625 0.3015625 0.03359375 0.08515625
0 0.2328125 0.28984375 0.03828125 0.10390625
0 0.5984375 0.6078125 0.03359375 0.084375
0 0.91171875 0.3109375 0.03671875 0.08515625
0 0.73359375 0.70234375 0.0359375 0.075
0 0.73828125 0.61796875 0.03515625 0.078125
0 0.1828125 0.690625 0.0375 0.08671875
0 0.91171875 0.021875 0.034375 0.04296875
0 0.18984375 0.08828125 0.0375 0.08046875
0 0.0953125 0.08515625 0.040625 0.08359375
0 0.69609375 0.02265625 0.03671875 0.04296875
0 0.84609375 0.0953125 0.0328125 0.0703125
0 0.82578125 0.7078125 0.0359375 0.078125
0 0.2390625 0.08828125 0.03515625 0.07890625
0 0.13359375 0.89375 0.0359375 0.084375
0 0.2796875 0.09921875 0.03671875 0.07265625
0 0.553125 0.096875 0.03359375 0.08046875
0 0.50625 0.39375 0.03125 0.0796875
0 0.846875 0.30703125 0.03671875 0.08671875
0 0.5078125 0.08359375 0.03203125 0.07734375
0 0.871875 0.70859375 0.03671875 0.08359375
0 0.6875 0.6953125 0.03515625 0.0828125
0 0.275 0.6921875 0.034375 0.08203125
0 0.90546875 0.1015625 0.03671875 0.08046875
0 0.7875 0.09453125 0.03359375 0.0796875
0 0.4609375 0.39375 0.03671875 0.0765625
0 0.05 0.08359375 0.03359375 0.0796875
0 0.68828125 0.91484375 0.034375 0.0875
0 0.365625 0.89921875 0.03359375 0.0734375
0 0.14296875 0.0890625 0.0375 0.08125
0 0.790625 0.01640625 0.0375 0.0328125
0 0.378125 0.0875 0.040625 0.08515625
0 0.190625 0.0171875 0.034375 0.03203125
0 0.7765625 0.91171875 0.0359375 0.08359375
0 0.28359375 0.0171875 0.03359375 0.03359375
0 0.33046875 0.0171875 0.03203125 0.03359375
0 0.59921875 0.01953125 0.0390625 0.03828125
0 0.4640625 0.0171875 0.03359375 0.03203125
0 0.24375 0.01640625 0.03359375 0.0328125
0 0.365625 0.396875 0.025 0.07734375
0 0.14765625 0.0171875 0.03359375 0.03359375
0 0.5109375 0.01796875 0.028125 0.03359375
0 0.0109375 0.0828125 0.021875 0.07734375
0 0.546875 0.9078125 0.03203125 0.08203125
0 0.59296875 0.90625 0.03203125 0.08359375
0 0.221875 0.90078125 0.0328125 0.071875
0 0.1 0.01640625 0.03203125 0.0328125
0 0.365625 0.98203125 0.02890625 0.03125
0 0.9140625 0.41171875 0.0359375 0.0796875
0 0.6390625 0.9796875 0.034375 0.03671875
0 0.225 0.9828125 0.0375 0.03125
0 0.27265625 0.9859375 0.0359375 0.02734375
0 0.13671875 0.60546875 0.03828125 0.08046875
0 0.04375 0.4 0.02265625 0.0671875
0 0.3703125 0.303125 0.02578125 0.08125
0 0.046875 0.98125 0.03671875 0.03515625
0 0.22578125 0.68984375 0.0375 0.078125
0 0.4546875 0.98515625 0.03046875 0.02890625
0 0.4609375 0.08203125 0.02890625 0.078125
0 0.13515625 0.9859375 0.0375 0.02578125
0 0.8827622156249999 0.9983745921875 0.9247443000000001 0.9986083062500001 0.9255643328125001 0.9699218234375 0.886995928125 0.96973045625 0.8827622156249999 0.9983745921875
0 0.84248615625 0.9991856671875 0.8379299671875 0.9695765468750001 0.8070407171875 0.97191368125 0.8033281765625 0.9991856671875 0.84248615625 0.9991856671875
0 0.760698696875 0.9991856671875 0.7963061890625001 0.9962084687500001 0.7949454390625 0.9745855046875 0.76171416875 0.974066775 0.760698696875 0.9991856671875
0 0.57475244375 0.9978900656249999 0.6103135171875 0.9991856671875 0.6106465796875 0.9725838765624999 0.5800553749999999 0.9696815953125 0.57475244375 0.9978900656249999
0 0.481004071875 0.9991856671875 0.51665309375 0.9991856671875 0.5171938109374999 0.9719967421875 0.4860936484375 0.972187296875 0.481004071875 0.9991856671875
1 0 0.9990675890625 0.94139169375 0.9991856671875 0.9486970687499999 0.00271416875 0 0 0 0.9990675890625