1 0.5361017915309446 0 0 0 0 0.7646188925081433 0.43268322475570037 0.7680276872964169 0.4337223127035831 0.7570692182410423 0.4341245928338762 0.7430618892508144 0.43975570032573286 0.7271416938110749 0.45014657980456024 0.7161726384364822 0.4612850162866449 0.7072654723127036 0.4754991856677525 0.7019112377850163 0.4973526058631922 0.7039788273615636 0.5127109120521174 0.7140513029315961 0.5255887622149837 0.7273167752442997 0.5324861563517915 0.7427548859934853 0.5361017915309446 0
2 0.5009470687500001 0.227795603125 0.5106327359375 0.2357801296875 0.5233778499999999 0.239464984375 0.5279535828124999 0.23730130312500003 0.5329161234375001 0.23221172656250003 0.53608061875 0.225584690625 0.5356669375 0.1063884359375 0.5254087953125001 0.0958379484375 0.5179226390625 0.09032410468749999 0.5117516281250001 0.0920578171875 0.5034283390625001 0.0999462546875 0.5006392515625 0.111218240625 0.5008143328125 0.1221498375 0.5009470687500001 0.227795603125
2 0.497956840625 0.5281758953125 0.499754071875 0.5315798046875 0.507409609375 0.536637621875 0.5139356671875001 0.54095846875 0.5212947875 0.542023615625 0.5314633546875001 0.5343786640625 0.5350203578125 0.524464984375 0.5344853421875 0.41758387656249996 0.5327833875 0.40927605937499995 0.526940553125 0.40095765468750005 0.5168786640625 0.3973314328125 0.5101872968750001 0.3976392515625 0.502659609375 0.3997646578125 0.4981001625 0.40852361562499995 0.497956840625 0.5281758953125
2 0.06473289843749999 0.3987842015625 0.0648811078125 0.5365895765625 0.0704055375 0.5438745921875 0.1457157984375 0.546387621875 0.1502646578125 0.5407035828125 0.1495219875 0.4002312703125 0.1394120515625 0.3979943 0.1153477203125 0.395470684375 0.08754071718749999 0.3957092828125 0.066037459375 0.3978298046875 0.06473289843749999 0.3987842015625
2 0.0019560265625 0.36247312656249997 0.00225814375 0.5214698703125 0.0632907171875 0.5197622156249999 0.0699340390625 0.387692996875 0.006785831250000001 0.3664495109375 0.0019560265625 0.36247312656249997
2 0.42734375 0.4671875 0.04375 0.15078125
3 0.26171875 0.11953125 0.04296875 0.08984375
3 0.30546875 0.11953125 0.04296875 0.08984375
3 0.2171875 0.11875 0.04296875 0.08984375
3 0.1765625 0.11875 0.04296875 0.08984375
3 0.1328125 0.11796875 0.04296875 0.08984375
3 0.08984375 0.11640625 0.04296875 0.08984375
3 0.04609375 0.11640625 0.04296875 0.08984375
3 0.30390625 0.209375 0.04296875 0.08984375
3 0.08828125 0.2078125 0.04296875 0.08984375
3 0.13125 0.2078125 0.04296875 0.08984375
3 0.17578125 0.209375 0.04296875 0.08984375
3 0.21796875 0.2078125 0.04296875 0.08984375
3 0.2609375 0.20859375 0.04296875 0.08984375
3 0.346875 0.21015625 0.04296875 0.08984375
3 0.346875 0.11953125 0.04296875 0.08984375
3 0.04296875 0.20703125 0.04296875 0.08984375
3 0.4 0.11953125 0.0625 0.08984375
3 0.4671875 0.11953125 0.06640625 0.090625
3 0.4 0.209375 0.06640625 0.090625
3 0.46328125 0.21171875 0.06640625 0.090625
3 0.01171875 0.115625 0.0234375 0.090625
3 0.01171875 0.20703125 0.0234375 0.0859375
3 0.259375 0.42265625 0.04296875 0.08984375
3 0.30234375 0.42265625 0.04140625 0.08515625
3 0.38515625 0.425 0.04296875 0.08984375
3 0.3453125 0.425 0.04296875 0.08984375
3 0.17265625 0.42421875 0.04296875 0.08984375
3 0.21484375 0.425 0.04296875 0.08984375
3 0.30390625 0.5140625 0.04296875 0.08984375
3 0.259375 0.515625 0.04296875 0.08984375
3 0.171875 0.515625 0.04296875 0.08984375
3 0.2140625 0.515625 0.04296875 0.08984375
3 0.3859375 0.515625 0.0375 0.0890625
3 0.3453125 0.51328125 0.04296875 0.08984375
3 0.36484375 0.72109375 0.04296875 0.08984375
3 0.40859375 0.72265625 0.04609375 0.090625
3 0.3234375 0.72109375 0.0390625 0.08984375
3 0.08046875 0.7203125 0.04296875 0.08984375
3 0.121875 0.71875 0.04296875 0.08984375
3 0.23671875 0.71953125 0.04296875 0.08984375
3 0.2828125 0.71953125 0.04296875 0.08984375
0 0.0453125 0.1125 0.0359375 0.08125
0 0.08828125 0.10859375 0.0359375 0.0828125
0 0.1296875 0.109375 0.03828125 0.0796875
0 0.1703125 0.1140625 0.0375 0.0828125
0 0.21953125 0.1203125 0.03515625 0.090625
0 0.2625 0.11875 0.03984375 0.078125
0 0.34609375 0.109375 0.03828125 0.08828125
0 0.40390625 0.11328125 0.034375 0.078125
0 0.475 0.1109375 0.03671875 0.08671875
0 0.4625 0.2234375 0.04296875 0.075
0 0.39765625 0.215625 0.0390625 0.08984375
0 0.34921875 0.21015625 0.0328125 0.07265625
0 0.31015625 0.21484375 0.03671875 0.078125
0 0.26328125 0.2078125 0.034375 0.07890625
0 0.2203125 0.2140625 0.03828125 0.08046875
0 0.17578125 0.21328125 0.03359375 0.084375
0 0.13515625 0.2046875 0.03515625 0.08046875
0 0.08515625 0.2046875 0.0328125 0.07890625
0 0.0453125 0.203125 0.0328125 0.07578125
0 0.01015625 0.1109375 0.0171875 0.08046875
0 0.009375 0.203125 0.01875 0.07265625
0 0.1671875 0.4203125 0.04140625 0.08671875
0 0.2109375 0.41953125 0.03671875 0.07578125
0 0.25859375 0.41875 0.03984375 0.0890625
0 0.3046875 0.4203125 0.0359375 0.08359375
0 0.34453125 0.428125 0.0375 0.08671875
0 0.3875 0.415625 0.03359375 0.06875
0 0.34296875 0.51484375 0.03828125 0.0765625
0 0.2984375 0.51875 0.0390625 0.08046875
0 0.25546875 0.51484375 0.0359375 0.0765625
0 0.21484375 0.51328125 0.03671875 0.07734375
0 0.1703125 0.5109375 0.03671875 0.0828125
0 0.47421875 0.5140625 0.0359375 0.08125
0 0.4765625 0.43203125 0.03515625 0.0796875
3 0.4734375 0.51640625 0.04296875 0.08984375
3 0.475 0.42734375 0.04296875 0.08984375
0 0.08046875 0.721875 0.03359375 0.0625
0 0.12265625 0.72265625 0.03046875 0.071875