0 0.77890625 0.50546875 0.03984375 0.09375
0 0.6921875 0.51328125 0.03515625 0.08515625
0 0.7296875 0.51640625 0.04453125 0.08046875
0 0.5234375 0.515625 0.04453125 0.0765625
0 0.60859375 0.51015625 0.0421875 0.07734375
0 0.56640625 0.5078125 0.03984375 0.08046875
0 0.34296875 0.81015625 0.0453125 0.08203125
0 0.3875 0.81015625 0.05390625 0.0859375
0 0.2171875 0.8078125 0.04140625 0.07734375
0 0.3046875 0.8078125 0.04921875 0.0921875
0 0.3484375 0.9046875 0.0421875 0.06875
0 0.2625 0.909375 0.0453125 0.07109375
0 0.403125 0.91015625 0.03984375 0.0765625
0 0.465625 0.903125 0.04140625 0.0765625
0 0.06796875 0.4890625 0.03515625 0.08046875
0 0.11015625 0.5 0.046875 0.0796875
0 0.15 0.59453125 0.0390625 0.0703125
0 0.025 0.59140625 0.04375 0.07421875
0 0.1671875 0.89609375 0.04765625 0.0703125
0 0.0390625 0.9109375 0.0421875 0.0734375
0 0.01015625 0.8078125 0.0203125 0.075
0 0.3734375 0.303125 0.046875 0.07421875
0 0.29453125 0.321875 0.03046875 0.0421875
0 0.5515625 0.31171875 0.04140625 0.0640625
0 0.596875 0.31953125 0.03671875 0.046875
0 0.42265625 0.2984375 0.03671875 0.07890625
0 0.63984375 0.3171875 0.0390625 0.046875
0 0.46875 0.3234375 0.034375 0.05
0 0.1203125 0.328125 0.0484375 0.046875
0 0.20859375 0.32890625 0.04609375 0.0390625
0 0.16640625 0.3265625 0.04140625 0.0421875
0 0.5140625 0.32578125 0.03515625 0.0609375
0 0.25234375 0.3234375 0.04140625 0.01953125
0 0.22109375 0.90625 0.04453125 0.1046875
0 0.65234375 0.515625 0.03828125 0.07890625
0 0.159375 0.50390625 0.0390625 0.08828125
0 0.10390625 0.59453125 0.04140625 0.08203125
0 0.17421875 0.8171875 0.0390625 0.08359375
0 0.265625 0.81015625 0.053125 0.0890625
1 0.3927190546875 0.2623517921875 0.018900651562500002 0.290487784375 0 0.990887621875 0.7563216609375 0.9921807812500001 0.769051303125 0.7250048859375 0.9946514656250001 0.6011058625000001 0.9328078171874999 0.351933225 0.654323290625 0.2820578171875 0.3927190546875 0.2623517921875