0 0.221875 0.61796875 0.04296875 0.0921875
0 0.34296875 0.61015625 0.04453125 0.09296875
0 0.0421875 0.40703125 0.04140625 0.08125
0 0.40234375 0.6140625 0.03515625 0.071875
0 0.396875 0.71328125 0.0515625 0.08671875
0 0.259375 0.61953125 0.04140625 0.075
0 0.46796875 0.4046875 0.03359375 0.071875
0 0.08515625 0.60859375 0.03984375 0.084375
0 0.16953125 0.71328125 0.0421875 0.07734375
0 0.4625 0.72265625 0.04296875 0.07890625
0 0.12421875 0.6109375 0.040625 0.075
0 0.0796875 0.70390625 0.0453125 0.0765625
0 0.21796875 0.409375 0.04609375 0.09765625
0 0.253125 0.309375 0.04453125 0.0796875
0 0.30078125 0.91796875 0.040625 0.08203125
0 0.4703125 0.6109375 0.03828125 0.075
0 0.34375 0.7125 0.0453125 0.07421875
0 0.134375 0.7015625 0.0375 0.0734375
0 0.3859375 0.915625 0.03046875 0.05703125
0 0.04375 0.6109375 0.040625 0.08046875
0 0.39609375 0.3125 0.0359375 0.08125
0 0.17265625 0.31640625 0.03828125 0.075
0 0.16796875 0.91953125 0.0375 0.08515625
0 0.2171875 0.71484375 0.046875 0.07890625
0 0.04296875 0.7078125 0.0328125 0.07578125
0 0.25703125 0.921875 0.03515625 0.08046875
0 0.30546875 0.71484375 0.04453125 0.0796875
0 0.36640625 0.82578125 0.090625 0.03828125
0 0.47421875 0.9328125 0.0453125 0.08046875
0 0.01015625 0.6078125 0.0203125 0.07578125
0 0.56953125 0.02265625 0.03984375 0.0453125
0 0.01015625 0.70234375 0.0203125 0.078125
0 0.01015625 0.30703125 0.0203125 0.078125
0 0.29921875 0.3078125 0.046875 0.08828125
0 0.346875 0.40703125 0.0328125 0.075
0 0.403125 0.41171875 0.04140625 0.08359375
0 0.16875 0.3984375 0.03671875 0.07578125
0 0.26328125 0.4078125 0.03828125 0.0859375
0 0.17265625 0.61796875 0.03828125 0.0828125
0 0.21015625 0.92109375 0.034375 0.0703125
0 0.21640625 0.30859375 0.03515625 0.0765625
0 0.34765625 0.31171875 0.03203125 0.0859375
0 0.1125 0.09609375 0.03359375 0.07265625
0 0.15234375 0.0953125 0.03828125 0.071875
0 0.02734375 0.09140625 0.0375 0.07890625
0 0.15703125 0.02265625 0.04140625 0.04453125
0 0.1078125 0.01875 0.040625 0.0375
0 0.065625 0.015625 0.03828125 0.03125
0 0.528125 0.02578125 0.040625 0.0515625
0 0.6078125 0.02265625 0.04296875 0.0453125
0 0.65390625 0.02578125 0.0515625 0.0515625
0 0.69140625 0.025 0.0453125 0.05
0 0.73359375 0.025 0.0453125 0.05
0 0.77734375 0.02578125 0.0421875 0.0515625
0 0.26171875 0.709375 0.0421875 0.0828125
0 0.34375 0.928125 0.0375 0.0875
0 0.3421875 0.98984375 0.0375 0.0203125
0 0.2984375 0.98984375 0.04375 0.0203125
0 0.2546875 0.9890625 0.040625 0.021875
0 0.21015625 0.9875 0.04609375 0.02421875
0 0.16640625 0.98515625 0.04140625 0.0296875
1 0.0014576546875000001 0 0 0.9991856671875 0.7235684046874999 0.9991856671875 0.722555375 0.7860317593749999 0.7147516281249999 0.4198420203125 0.7434495109375 0.2633908796875 0.8307304562500001 0.20611156406250003 0.8209112375000001 0 0.0014576546875000001 0