0 0.81953125 0.60625 0.0765625 0.0390625
0 0.9828125 0.24453125 0.03359375 0.07890625
0 0.46796875 0.696875 0.0734375 0.03984375
0 0.815625 0.646875 0.09609375 0.0390625
0 0.5097557 0.7598770359375 0.5089258953125 0.7223640062500001 0.41933306249999996 0.7192524437500001 0.4178444625 0.7569600984375 0.5097557 0.7598770359375
0 0.5009796421875 0.8456742671875 0.49997475625 0.8050822468750001 0.40879478750000003 0.8045602609375001 0.40626872968749994 0.8392328984375 0.5009796421875 0.8456742671875
0 0.496285015625 0.9257491859375 0.501151465625 0.88067508125 0.38762215 0.879478828125 0.3880993484375 0.9220879484375001 0.496285015625 0.9257491859375
0 0.5041734531250001 0.9968631921875 0.50409690625 0.9658933218750001 0.41722475625 0.9674454390625 0.41612377812499995 0.967426709375 0.4177557 0.9984666125 0.5041734531250001 0.9968631921875
0 0.860440553125 0.712712540625 0.8594356671875 0.6706245921875 0.767915309375 0.6685667750000001 0.7670089578125 0.7121522796875001 0.860440553125 0.712712540625
0 0.8562671015625 0.755226384375 0.8585447875 0.7123754078125 0.77035830625 0.7100977203125 0.77094706875 0.7503338765625001 0.8562671015625 0.755226384375
0 0.8524535828124999 0.795043159375 0.8528127031249999 0.7533428343749999 0.77605863125 0.75488599375 0.7767548859375 0.7874087953125 0.8524535828124999 0.795043159375
0 0.1700171015625 0.8620244296875 0.21006921875 0.883473940625 0.250362378125 0.8139853421875 0.21416938124999998 0.7899022796875 0.1700171015625 0.8620244296875
0 0.2067198703125 0.886826546875 0.24262947812500002 0.9090301296875 0.2884552125 0.83184690625 0.25507980468749997 0.8105439734375001 0.2067198703125 0.886826546875
0 0.09431921875 0.8207133546875 0.130598534375 0.8437785015625 0.17123208437499998 0.772842834375 0.1392508140625 0.7516286640625001 0.09431921875 0.8207133546875
0 0.0526449515625 0.8075504890625 0.0906074921875 0.8238941375 0.13061726406250002 0.75758631875 0.09446254062500001 0.7361563515625 0.0526449515625 0.8075504890625
0 0.015131921875 0.7862630296875001 0.0497255703125 0.8076205218749999 0.0903273609375 0.733531759375 0.05546009843750001 0.7117614 0.015131921875 0.7862630296875001
0 0 0.725706840625 0.007764657812500001 0.7826750812500001 0.054340390625 0.7076131921875 0.0187296421875 0.6864820843749999 0 0.725706840625
0 0.065073290625 0.6017597718750001 0.0247035828125 0.6735545609375 0.06740472343750001 0.692322475 0.10064657968749999 0.62158061875 0.0675895765625 0.6009771984375 0.065073290625 0.6017597718750001
0 0 0.6554421828125 0.026385993749999996 0.6748648203125 0.058991042187499995 0.6001148203125 0.02605863125 0.5855048859374999 0 0.6554421828125
0 0.176535015625 0.7663534203125 0.21528908750000003 0.7898420203125001 0.258470684375 0.7074926703125 0.21824104218749998 0.685667753125 0.176535015625 0.7663534203125
0 0.13748860000000002 0.739515471875 0.1709910421875 0.76209690625 0.2103648203125 0.677311075 0.1799674265625 0.6620521171875 0.13748860000000002 0.739515471875
0 0.21608713281249997 0.7874657984375 0.255076546875 0.8067899015625001 0.2932801296875 0.7332491859375 0.2614006515625 0.71416938125 0.21608713281249997 0.7874657984375
0 0.014728012500000002 0.45132166093750004 0.055276059375 0.474198696875 0.1027557 0.39925814375 0.0659609125 0.37622149843749997 0.014728012500000002 0.45132166093750004
0 0.863726384375 0.5102426703125 0.8643786640625001 0.4653175890625 0.77035830625 0.46254071718749995 0.7693216609375 0.503811075 0.863726384375 0.5102426703125
0 0.00076384375 0.9960399015625001 0.0428379484375 0.9991856671875 0.0732394140625 0.9480293156249999 0.0374592828125 0.9258957656250001 0.00076384375 0.9960399015625001
0 0.0964666125 0.9991856671875 0.1448045609375 0.9991856671875 0.156478828125 0.983426709375 0.1171840390625 0.9643729640625001 0.0964666125 0.9991856671875
0 0.20928338750000003 0.543973940625 0.2206840390625 0.548859934375 0.23208469062499998 0.548859934375 0.26058631875 0.49267100937499997 0.262214984375 0.482084690625 0.2597719875 0.47638436406249995 0.2434853421875 0.46905537500000005 0.23452768750000003 0.471498371875 0.2263843640625 0.48127035781250005 0.2035830625 0.5293159609375 0.2035830625 0.5374592828125 0.20928338750000003 0.543973940625
0 0.2923452765625 0.574104234375 0.3053745921875 0.5798045609375 0.31188925156249997 0.578990228125 0.3298045609375 0.5521172640625001 0.3379478828125 0.533387621875 0.34039087968750004 0.5219869703125 0.3379478828125 0.5162866453125 0.3257328984375 0.5089576546875 0.314332246875 0.5105863187499999 0.306188925 0.5211726390625 0.2890879484375 0.5610749187499999 0.288273615625 0.568403909375 0.2923452765625 0.574104234375
0 0.364820846875 0.6302931593750001 0.375407165625 0.6335504890625 0.38436482031249997 0.6302931593750001 0.41286645 0.578990228125 0.411237784375 0.5635179156250001 0.39739413749999997 0.5545602609375 0.38436482031249997 0.5570032578124999 0.37377850156250003 0.5724755703125 0.3558631921875 0.6115635171875 0.35504885937499997 0.6213355046875 0.364820846875 0.6302931593750001
0 0.41612377812499995 0.6620521171875 0.42345276875 0.66286645 0.42833876249999997 0.6596091203125 0.46335504843750003 0.599348534375 0.461726384375 0.588762215625 0.44462540781250004 0.5781758953125 0.43241042343749997 0.578990228125 0.3965798046875 0.6400651468749999 0.3965798046875 0.6490228015625 0.41612377812499995 0.6620521171875
0 0.2378688921875 0.54024755625 0.2747467421875 0.5649535828125 0.31210260624999997 0.4988688921875 0.272801303125 0.47638436406249995 0.2378688921875 0.54024755625
1 0 0.9991856671875 0.50510830625 0.9991856671875 0.510315146875 0.9989144953125001 0.5183998375 0.6698786640625001 0.4242801296875 0.6729535828125 0.47728583125 0.5802174265625 0.045679153125 0.3631148203125 0 0.5077011406249999 0 0.9991856671875
1 0.769066775 0.7937939734375 0.8818436484375001 0.801798859375 0.9094381109375 0.46507084687500005 0.9534739406250001 0.37848941406250003 0.9991856671875 0.2881017921875 0.9986701953124999 0.1797630296875 0.7688338765625 0.463045603125 0.769066775 0.7937939734375