3 0 0 0 0.9987231265625001 0.3605171015625 0.9991856671875 0.3628925078125 0.958876221875 0.491573290625 0.9636107484374999 0.5089519546875 0.11031677499999999 0.32103583125 0 0 0
2 0.5015089578125 0.1825146578125 0.5066563515625 0.1098550484375 0.47741856718750003 0.0930382734375 0.43232736093749996 0.1662174265625 0.5015089578125 0.1825146578125
2 0.25351384375 0.3082907171875 0.29449022812500003 0.3320521171875 0.2688143328125 0.3891245921875 0.3047491859375 0.41329478750000004 0.3130675890625 0.322917753125 0.31592508124999996 0.2934780125 0.313512215625 0.273671009375 0.3084869703125 0.2547337140625 0.29446416875 0.2310879484375 0.25351384375 0.3082907171875
2 0.3064723125 0.6668192187499999 0.30942508125 0.57211645 0.268623778125 0.649562703125 0.3064723125 0.6668192187499999
2 0.0665675890625 0.83501384375 0.10235912031250001 0.8302687296875 0.10651547187499999 0.8261758953125 0.10583631874999999 0.8183615640624999 0.0770219875 0.8032092828125 0.0635716609375 0.8308998375 0.0665675890625 0.83501384375
3 0.4121286640625 0.2613868078125 0.4132899015625 0.30304153125 0.503179153125 0.3027923453125 0.5044723125 0.2622719875 0.4121286640625 0.2613868078125
3 0.4093982078125 0.3431115640625 0.41055944687499996 0.3847662859375 0.500448696875 0.3845171015625 0.50174185625 0.3439967421875 0.4093982078125 0.3431115640625
3 0.407192996875 0.3844218234375 0.4083534203125 0.4260773609375 0.4982426703125 0.4258281765625 0.4995366453125 0.3853078171875 0.407192996875 0.3844218234375
3 0.40709690624999995 0.4257964171875 0.40825814375 0.467451140625 0.49814739374999994 0.46720195468750003 0.49944136875 0.42668159531249994 0.40709690624999995 0.4257964171875
3 0.40672068437500003 0.4654364828125 0.40788192187499994 0.5070912046875 0.49777117187500003 0.5068420203125 0.49906514687500003 0.46632166093749994 0.40672068437500003 0.4654364828125
3 0.404859934375 0.5056229640625001 0.406021171875 0.5472776875 0.4959104234375 0.5470285015624999 0.4972035828125 0.50650814375 0.404859934375 0.5056229640625001
3 0.4043990234375 0.549106678125 0.405559446875 0.5907622156250001 0.49544869687500004 0.5905130296875 0.49674267031249997 0.5499926703125 0.4043990234375 0.549106678125
3 0.4126270359375 0.1785325734375 0.4137882734375 0.2201881109375 0.503677525 0.21993892499999998 0.504970684375 0.1794185671875 0.4126270359375 0.1785325734375
3 0.41178420156250006 0.22109934843749998 0.412944625 0.2627548859375 0.5028338765625 0.2625057 0.5041278499999999 0.2219853421875 0.41178420156250006 0.22109934843749998
3 0.410368078125 0.30152524375 0.411529315625 0.34318078125 0.5014185671875 0.3429315953125 0.5027125406249999 0.3024112375 0.410368078125 0.30152524375
3 0.1318257328125 0.345529315625 0.17278583125 0.3668843640625 0.215723940625 0.2873118890625 0.176438925 0.26601547187499996 0.1318257328125 0.345529315625
3 0.22129560312500002 0.7289226390625 0.2622565140625 0.7502776875 0.305194625 0.6707052124999999 0.2659087953125 0.6494087953125 0.22129560312500002 0.7289226390625
3 0.22749837187500002 0.6286368078125 0.2684592828125 0.64999185625 0.31139739375 0.57041938125 0.272112378125 0.5491229640624999 0.22749837187500002 0.6286368078125
3 0.1888444625 0.6077434859374999 0.22980537499999998 0.629098534375 0.2727426703125 0.549526059375 0.23345765468750002 0.5282288281249999 0.1888444625 0.6077434859374999
3 0.034078990625 0.5242157984375 0.0750390875 0.545570846875 0.11797719843750001 0.46599837187500004 0.0786921828125 0.44470195468749996 0.034078990625 0.5242157984375
3 0.073984528125 0.5445952765625 0.114944625 0.565950325 0.1578827359375 0.48637784999999994 0.1185977203125 0.4650814328125 0.073984528125 0.5445952765625
3 0.111218240625 0.564184853125 0.1521783390625 0.5855399015625 0.19511645 0.5059674265624999 0.1558314328125 0.48467100937499996 0.111218240625 0.564184853125
3 0.15098534218749998 0.585995928125 0.19194625468749998 0.6073509765625 0.23488436406250002 0.5277785015625 0.19559853437500002 0.506482084375 0.15098534218749998 0.585995928125
3 0.0680887625 0.6460423453125 0.109049675 0.66739739375 0.151987784375 0.58782491875 0.1127019546875 0.5665285015625 0.0680887625 0.6460423453125
3 0.10678012968749999 0.66704723125 0.1477410421875 0.6884022796875 0.190679153125 0.6088298046875 0.15139332187500001 0.5875333875 0.10678012968749999 0.66704723125
3 0.1448990234375 0.6883330625 0.18585993437499998 0.7096881109375001 0.22879804531249998 0.6301164499999999 0.189512215625 0.60881921875 0.1448990234375 0.6883330625
3 0.1839560265625 0.7098843640625 0.22491693750000002 0.7312394140625 0.2678550484375 0.6516669375 0.2285700328125 0.630370521875 0.1839560265625 0.7098843640625
3 0.2102369703125 0.3882866453125 0.25119706875 0.40964169375 0.29413517968749997 0.3300700328125 0.25485016250000003 0.30877280156250003 0.2102369703125 0.3882866453125
3 0.1707768734375 0.367456840625 0.2117369703125 0.38881188906249997 0.25467508125 0.3092394140625 0.215390065625 0.28794299687499997 0.1707768734375 0.367456840625
3 0.030558631250000003 0.6259014656249999 0.07151954375 0.6472565140625 0.11445684062499999 0.5676840390625 0.0751718234375 0.546387621875 0.030558631250000003 0.6259014656249999
3 0.09267263906249999 0.326279315625 0.13363355 0.34763436406250003 0.176570846875 0.2680618890625 0.13728583125 0.2467646578125 0.09267263906249999 0.326279315625
3 0.17327361562500002 0.262812703125 0.2142337140625 0.28416775312500003 0.2571718234375 0.2045952765625 0.21788680781249997 0.18329885937499998 0.17327361562500002 0.262812703125
3 0.13705781718750001 0.2425504890625 0.17801872968750002 0.2639055375 0.22095684062499998 0.18433306249999998 0.181671009375 0.16303583125 0.13705781718750001 0.2425504890625
3 0.2163444625 0.2841148203125 0.2573045609375 0.3054698703125 0.30024267031249996 0.22589739375 0.2609576546875 0.2046009765625 0.2163444625 0.2841148203125
3 0.014261399999999999 0.2815333875 0.0552214984375 0.30288843593750003 0.098159609375 0.2233159609375 0.0588745921875 0.2020187296875 0.014261399999999999 0.2815333875
3 0.05167508125 0.301096090625 0.09263599375 0.322451140625 0.135573290625 0.24287866406249997 0.0962882734375 0.221582246875 0.05167508125 0.301096090625
3 0.09374918593750001 0.2217785015625 0.1347092828125 0.24313354999999998 0.17764739375 0.163561075 0.13836237812500002 0.1422646578125 0.09374918593750001 0.2217785015625
3 0.016933225 0.18290635156249999 0.0578941375 0.20426139999999998 0.100832246875 0.12468892499999999 0.0615464171875 0.1033925078125 0.016933225 0.18290635156249999
3 0.0570244296875 0.20096416874999998 0.0979853421875 0.22231921875 0.1409226390625 0.1427467421875 0.101637621875 0.121450325 0.0570244296875 0.20096416874999998
3 0.3461392515625 0.1225635171875 0.3870993484375 0.1439185671875 0.430037459375 0.06434609062499999 0.39075244374999996 0.043049674999999996 0.3461392515625 0.1225635171875
3 0.30885260625 0.09947475624999999 0.349812703125 0.1208298046875 0.3927508140625 0.0412573296875 0.3534657984375 0.0199609125 0.30885260625 0.09947475624999999
3 0.3924063515625 0.1488061890625 0.43336645 0.1701612375 0.4763045609375 0.0905887625 0.43701954374999996 0.0692923453125 0.3924063515625 0.1488061890625
3 0.27114169375 0.07951384375000001 0.31210260624999997 0.10086889218749999 0.35504071718749997 0.0212964171875 0.3157548859375 0 0.27114169375 0.07951384375000001
3 0.0797369703125 0.4464674265625 0.0389462546875 0.42681921875000006 0 0.502484528125 0.0333102609375 0.5251172640624999 0.0797369703125 0.4464674265625
3 0 0.5905920203125 0.030945439062500003 0.52704723125 0 0.5021718234375 0 0.5905920203125
3 0.07417019531249999 0.5481050484375001 0.0351921828125 0.5239934859375001 0.000037459375 0.5913770359375 0 0.6054845281250001 0.029302117187499997 0.6266009765625 0.07417019531249999 0.5481050484375001
3 0 0.7665855046875001 0.0002809453125 0.8568412046875 0.0068550484375 0.8542964171874999 0.048441368750000005 0.77561400625 0.006155537500000001 0.7556693812499999 0.0015105859375 0.7696180781249999 0 0.7665855046875001
3 0.049409265625 0.773923875 0.0057630296875 0.8526311078125 0.0552109125 0.8375008140625001 0.0792174265625 0.7906498375 0.049409265625 0.773923875
3 0.211726384375 0 0.1949201953125 0.0334853421875 0.2321115640625 0.0585032578125 0.2666726390625 0 0.211726384375 0
3 0.268220684375 0 0.23072719843749998 0.0570032578125 0.2702882734375 0.078373778125 0.3145781765625 0 0.268220684375 0
3 0.062363192187500006 0.10357329062500001 0.029688924999999998 0.0837451140625 0.00023289843749999998 0.13265797968749998 0.0009120515625 0.169795603125 0 0.17372394062500002 0.017097720312500002 0.18280618906249999 0.062363192187500006 0.10357329062500001
0 0.17950814375 0.2650504890625 0.2137565140625 0.2820895765625 0.2546644953125 0.20676384374999998 0.22258387656249998 0.185938925 0.17950814375 0.2650504890625
0 0.102448696875 0.309287459375 0.13386645 0.3280342015625 0.172234528125 0.26013029374999996 0.140153909375 0.239305375 0.102448696875 0.309287459375
0 0.2125057 0.388626221875 0.251228828125 0.408057003125 0.2876620515625 0.330340390625 0.2555814328125 0.309515471875 0.2125057 0.388626221875
0 0.179015471875 0.36124837187500003 0.2113925078125 0.380143321875 0.25107491875 0.31132329062499997 0.2189951140625 0.290498371875 0.179015471875 0.36124837187500003
0 0 0.5057394140625 0.034169381250000005 0.5217133546875 0.0801555375 0.4414886 0.0419894140625 0.4202451140625 0 0.5057394140625
0 0.076057003125 0.5385089578125 0.11249022812500001 0.559434853125 0.155751628125 0.4814951140625 0.1205912046875 0.46265309375 0.076057003125 0.5385089578125
0 0.0018078171875 0.5899828984375 0.0329552125 0.60985830625 0.0751563515625 0.545640065625 0.037159609375 0.5232027687499999 0.0018078171875 0.5899828984375
0 0.078909609375 0.6357833875 0.1089169375 0.6540268734375 0.151521171875 0.5835838765625 0.11728827343749999 0.5651286640625 0.078909609375 0.6357833875
0 0.032806189062500005 0.6257524437499999 0.067956840625 0.6441758953125001 0.11002524375 0.5691579796874999 0.076370521875 0.5435830625 0.032806189062500005 0.6257524437499999
0 0.2244185671875 0.6327035828125 0.2586669375 0.6497426703125 0.29336645 0.576123778125 0.2631311078125 0.5611897390625 0.2244185671875 0.6327035828125
0 0.10577850156249999 0.6699633546875 0.136204396875 0.6934120515625 0.1834633546875 0.6123607484375 0.1513827359375 0.5915358312500001 0.10577850156249999 0.6699633546875
0 0.0154967421875 0.2844063515625 0.0507630296875 0.305676709375 0.0888925078125 0.234226384375 0.05341368125 0.212484528125 0.0154967421875 0.2844063515625
0 0.052263843750000004 0.3058355046875 0.086512215625 0.3228754078125 0.12741938125000002 0.247549675 0.0953395765625 0.22672475625000002 0.052263843750000004 0.3058355046875
0 0.028188924999999997 0.1802719875 0.062437296875000006 0.197311075 0.1033452765625 0.12198534218749998 0.07126465781249999 0.10116042343750001 0.028188924999999997 0.1802719875
0 0.0664185671875 0.2009218234375 0.10066775312500001 0.2179609125 0.14157491875 0.1426351796875 0.10949511406250001 0.1218102609375 0.0664185671875 0.2009218234375
0 0.14076954375 0.23958631874999997 0.175017915625 0.256626221875 0.21592508124999998 0.18130048906250001 0.1838452765625 0.16047557031249998 0.14076954375 0.23958631874999997
0 0.054076546875 0.307298859375 0.0883257328125 0.3243387625 0.12923289843750002 0.2490130296875 0.0971522796875 0.2281881109375 0.054076546875 0.307298859375
0 0.275701140625 0.0791107484375 0.3099495109375 0.0961506515625 0.3508574921875 0.020824918749999997 0.3187768734375 0 0.275701140625 0.0791107484375
0 0.34568322500000004 0.1256490234375 0.3799315953125 0.1426881109375 0.4208387625 0.067362378125 0.38875895781250003 0.046537459375 0.34568322500000004 0.1256490234375
0 0.3933021171875 0.1470887625 0.427551303125 0.16412785000000002 0.46845846875 0.0888021171875 0.43637784999999996 0.06797801249999999 0.3933021171875 0.1470887625
0 0.266767915625 0 0.24020114062500003 0.0411620515625 0.27079723125 0.061244299999999995 0.308184853125 0.0007100984375 0.2694609125 0 0.266767915625 0
0 0.215909609375 0 0.1932557 0.0380285015625 0.224651465625 0.0566425078125 0.26025244375 0 0.215909609375 0
0 0 0.13300732899022802 0 0.16032736156351793 0.02578175895765472 0.17174674267100978 0.06115472312703583 0.10502035830618892 0.029806188925081432 0.08719625407166123 0 0.13300732899022802
0 0 0.2732092828125 0.0084299671875 0.2808965796875 0.0519560265625 0.207076546875 0.0190325734375 0.1893159609375 0 0.21663599375000003 0 0.2732092828125
0 0 0.579723940625 0.028719054687500002 0.525504071875 0.001473940625 0.51010260625 0 0.579723940625
0 0.0012728015625 0.77075814375 0.0002809453125 0.8415724750000001 0.0173949515625 0.8404478828125 0.0425879484375 0.768823290625 0.0091669375 0.7530716609375 0.0016066781249999998 0.7663574921875 0.0012728015625 0.77075814375
0 0.46640625 0.19765625 0.0796875 0.0375
0 0.46328125 0.2421875 0.10078125 0.0390625
0 0.45078125 0.3234375 0.0796875 0.0375
0 0.4359375 0.4 0.13515625 0.04765625
0 0.4578125 0.48359375 0.0796875 0.0375
0 0.4453125 0.56796875 0.0796875 0.0375
3 0.1375 0.98125 0.03984375 0.0375
3 0.29921875 0.98125 0.03984375 0.0375
3 0.34140625 0.98125 0.03984375 0.0375
3 0.0984375 0.98125 0.03984375 0.0375
3 0.05703125 0.98125 0.03984375 0.0375
3 0.01953125 0.98125 0.0390625 0.0375
3 0.21953125 0.98125 0.03984375 0.0375
3 0.26171875 0.98125 0.03984375 0.0375
3 0.17890625 0.98125 0.03984375 0.0375
0 0.17890625 0.971875 0.0390625 0.05625
0 0.29921875 0.98359375 0.03515625 0.0328125
0 0.0171875 0.97890625 0.03046875 0.04140625
0 0.22233469062500003 0.2850643328125 0.2564242671875 0.302066775 0.296409609375 0.23310260624999998 0.25922882812500003 0.211726384375 0.22233469062500003 0.2850643328125