1 0.283145765625 0.1420578171875 0.266212540625 0.1314226390625 0.0016286640625000001 0.6117035828125 0.0016286640625000001 0.9991856671875 0.9991856671875 0.9952084687499999 0.9991856671875 0.1794397390625 0.978626221875 0.17846905468750002 0.958076546875 0.175473940625 0.9367320843750001 0.17220276875 0.9870716609375 0.0961449515625 0.8142589578124999 0 0.3574112375 0.0005464171875 0.283145765625 0.1420578171875
3 0.29585830625 0.2961286640625 0.25247475625 0.37450244375 0.3045741046875 0.40153583125000003 0.3465838765625 0.32496416875 0.295873778125 0.2945171015625 0.29585830625 0.2961286640625
3 0.305448696875 0.4020342015625 0.342629478125 0.422694625 0.38487784999999997 0.3459796421875 0.3486840390625 0.325048859375 0.305448696875 0.4020342015625
3 0.34341938125000004 0.42144869687500003 0.3805993484375 0.4421091203125 0.42284853437500003 0.3653941375 0.386653909375 0.3444633546875 0.34341938125000004 0.42144869687500003
3 0.46036319218750005 0.48392345312499996 0.497543159375 0.5045838765624999 0.5397923453125 0.4278688921875 0.5035977203125 0.4069381109375 0.46036319218750005 0.48392345312499996
3 0.49741042343749997 0.5035659609375001 0.5345912046875 0.524226384375 0.5768395765625 0.44751139999999995 0.540645765625 0.42658061875 0.49741042343749997 0.5035659609375001
3 0.5363355046875 0.5248892515625 0.573515471875 0.545549675 0.6157646578125 0.46883469062499994 0.5795700328125 0.447903909375 0.5363355046875 0.5248892515625
3 0.5748412046875 0.54490309375 0.612021171875 0.5655635171875 0.6542703578125 0.48884853437500003 0.6180757328125 0.46791775312499995 0.5748412046875 0.54490309375
3 0.613956840625 0.566051303125 0.6511368078124999 0.5867117265624999 0.69338599375 0.5099967421875 0.6571913687500001 0.4890659609375 0.613956840625 0.566051303125
3 0.65198045625 0.586748371875 0.6891604234375001 0.6074087953125 0.731409609375 0.530694625 0.695214984375 0.50976384375 0.65198045625 0.586748371875
3 0.6904967421875 0.6079609125000001 0.7276767093750001 0.6286213359375 0.7699258953125 0.5519063515625 0.7337312703125 0.5309755703125 0.6904967421875 0.6079609125000001
3 0.7283021171875 0.62819136875 0.7654828984375001 0.6488517921875 0.807732084375 0.572137621875 0.771537459375 0.551206840625 0.7283021171875 0.62819136875
3 0.725450325 0.7261392515625 0.76263029375 0.746799675 0.804879478125 0.6700855046874999 0.768684853125 0.6491539093750001 0.725450325 0.7261392515625
3 0.6852687296875 0.7073452765625 0.7224495109375 0.7280057 0.7646978828125001 0.6512907171875 0.728504071875 0.630359934375 0.6852687296875 0.7073452765625
3 0.6474364828125 0.68665309375 0.6846172640625 0.7073135171875 0.7268656359375 0.630598534375 0.6906718234375 0.609667753125 0.6474364828125 0.68665309375
3 0.6093021171874999 0.6652662859375 0.646482084375 0.685926709375 0.6887312703124999 0.6092117265625 0.6525366453125 0.5882809453125 0.6093021171874999 0.6652662859375
3 0.57147475625 0.6446636812500001 0.6086547234374999 0.6653241046875 0.650903909375 0.5886091203125 0.6147092828125 0.5676783390625 0.57147475625 0.6446636812500001
3 0.531659609375 0.6244169375 0.5688395765625 0.6450773609375 0.6110887625 0.568362378125 0.5748941375000001 0.5474315953125 0.531659609375 0.6244169375
3 0.49251221562499997 0.603676709375 0.5296921828125 0.6243371328125 0.57194136875 0.54762215 0.5357467421875 0.52669136875 0.49251221562499997 0.603676709375
3 0.45481188906250003 0.583901465625 0.49199267031250005 0.6045618890625 0.5342410421875 0.5278477203125 0.49804723125 0.5069161234374999 0.45481188906250003 0.583901465625
3 0.41600407187500005 0.562334690625 0.4531840390625 0.5829951140625 0.49543322500000003 0.5062801296874999 0.45923860000000005 0.4853493484375 0.41600407187500005 0.562334690625
3 0.23657491875 0.708781759375 0.2737557 0.7294421828125001 0.316004071875 0.6527271984375 0.2798102609375 0.6317964171875 0.23657491875 0.708781759375
3 0.1988061890625 0.68931921875 0.23598697031250002 0.7099796421875 0.2782353421875 0.6332654718749999 0.24204153125 0.612334690625 0.1988061890625 0.68931921875
3 0.1579731265625 0.6693908796875 0.19515309375 0.690051303125 0.2374022796875 0.6133363187499999 0.2012076546875 0.5924055375 0.1579731265625 0.6693908796875
3 0.275187296875 0.72807491875 0.31236726406250004 0.7487353421875 0.35461645 0.6720203578125 0.3184218234375 0.6510895765625 0.275187296875 0.72807491875
3 0.42857980468749995 0.8109552125 0.465759771875 0.8316156359375 0.5080089578125 0.7549006515625 0.47181433281249996 0.7339698703125 0.42857980468749995 0.8109552125
3 0.46816693750000005 0.8310960906249999 0.50534690625 0.8517565140625001 0.547596090625 0.7750415312500001 0.511401465625 0.7541107484375 0.46816693750000005 0.8310960906249999
3 0.3129666125 0.75067508125 0.35014657968749996 0.77133631875 0.392395765625 0.6946213359375 0.35620114062499997 0.6736905531249999 0.3129666125 0.75067508125
3 0.2703257328125 0.830295603125 0.3075057 0.8509560265625 0.34975488593750004 0.7742410421875 0.3135602609375 0.7533102609375 0.2703257328125 0.830295603125
3 0.3094356671875 0.8481408796875 0.34661645 0.8688013031249999 0.38886482031249997 0.79208631875 0.3526701953125 0.7711555375 0.3094356671875 0.8481408796875
3 0.352140065625 0.7679641687500001 0.389320846875 0.7886245921875 0.43156921875 0.7119096093749999 0.39537540781249997 0.690978828125 0.352140065625 0.7679641687500001
3 0.3912614 0.7895578171875 0.42844136875 0.810218240625 0.470690553125 0.7335032578125 0.43449592812500004 0.712572475 0.3912614 0.7895578171875
3 0.1049462546875 0.642490228125 0.15618078124999998 0.67040309375 0.20004723124999998 0.5916685671875 0.14933631875 0.5639674265625 0.1049462546875 0.642490228125
3 0.11496579843750002 0.748464984375 0.1521465796875 0.7691254078124999 0.1943949515625 0.6924104234375 0.158201140625 0.6714796421875 0.11496579843750002 0.748464984375
3 0.154765471875 0.76866368125 0.19194625468749998 0.7893241046874999 0.234194625 0.712609934375 0.1980008140625 0.6916791531250001 0.154765471875 0.76866368125
3 0.1917394140625 0.7883916937500001 0.22891938125000003 0.8090521171875 0.27116856718750004 0.7323371328125 0.234973940625 0.7114063515625 0.1917394140625 0.7883916937500001
3 0.2315382734375 0.8077214984375001 0.2687190546875 0.828381921875 0.3109674265625 0.7516669375 0.27477361562499997 0.73073615625 0.2315382734375 0.8077214984375001
3 0.061144137499999994 0.7196449515625 0.11526302968749999 0.7478811078125001 0.157426709375 0.6722271984375 0.1043786640625 0.642659609375 0.061144137499999994 0.7196449515625
3 0.5952899015625001 0.3229910421875 0.6324698703125 0.343651465625 0.6747190546875 0.2669364828125 0.6385244296875 0.2460057 0.5952899015625001 0.3229910421875
3 0.71239739375 0.3892190546875 0.7495781765625 0.409879478125 0.791826546875 0.33316449531250003 0.7556327359375 0.3122337140625 0.71239739375 0.3892190546875
3 0.6744315953125 0.3672703578125 0.7116115640625 0.38793078125 0.7538607484375001 0.3112157984375 0.7176661234374999 0.290285015625 0.6744315953125 0.3672703578125
3 0.63419706875 0.344223940625 0.6712459281250001 0.3681938109375 0.7142263843750001 0.2896074921875 0.6774324109375 0.2672386 0.63419706875 0.344223940625
3 0.67839739375 0.2654364828125 0.7155773609375 0.28609690625 0.757826546875 0.20938192187500002 0.721631921875 0.18845114062499999 0.67839739375 0.2654364828125
3 0.7165 0.2866425078125 0.75368078125 0.30730293125 0.795929153125 0.2305887625 0.759734528125 0.2096579796875 0.7165 0.2866425078125
3 0.40208631875 0.2213534203125 0.4392662859375 0.24201384374999999 0.481515471875 0.165298859375 0.44532084687499995 0.14436807812500002 0.40208631875 0.2213534203125
3 0.44021009843750003 0.241859934375 0.47739087968750005 0.2625203578125 0.5196392515625 0.185805375 0.4834454390625 0.1648745921875 0.44021009843750003 0.241859934375
3 0.4797443 0.26171416875000003 0.5169250812499999 0.2823754078125 0.559173453125 0.2056604234375 0.5229796421875 0.18472964218750001 0.4797443 0.26171416875000003
3 0.51901384375 0.2833078171875 0.556194625 0.303968240625 0.598442996875 0.22725407187500002 0.562248371875 0.20632329062500002 0.51901384375 0.2833078171875
3 0.5566131921874999 0.3056172640625 0.593793159375 0.3262776875 0.6360423453124999 0.2495635171875 0.5998477203125 0.228631921875 0.5566131921874999 0.3056172640625
3 0.352356678125 0.18795276875 0.40193322499999995 0.2166254078125 0.44580944687499996 0.1419780125 0.3955912046875 0.1109674265625 0.352356678125 0.18795276875
3 0.769776059375 0.080938925 0.806956840625 0.1015993484375 0.8492052125 0.0248851796875 0.8130114 0.0039535828125 0.769776059375 0.080938925
3 0.8072801296875 0.1014723125 0.8444600984375 0.1221327359375 0.8867092828124999 0.045417753125 0.8505146578125 0.024486970312500002 0.8072801296875 0.1014723125
3 0.8460561890625 0.1229600984375 0.8832369703125 0.14362052187500002 0.9254853421875 0.0669055375 0.8892907171875001 0.04597475625 0.8460561890625 0.1229600984375
3 0.445856678125 0.1423851796875 0.4830366453125 0.163045603125 0.52528583125 0.08633061875 0.4890912046875 0.0653998375 0.445856678125 0.1423851796875
3 0.48592589531249997 0.16325244375 0.523106678125 0.1839128671875 0.5653558624999999 0.1071978828125 0.5291612375 0.0862671015625 0.48592589531249997 0.16325244375
3 0.5236742671875 0.182200325 0.560854234375 0.20286074843750002 0.6031034203125001 0.1261465796875 0.5669087953124999 0.10521498437500001 0.5236742671875 0.182200325
3 0.601295603125 0.225737784375 0.6384755703125 0.2463982078125 0.68072475625 0.169683225 0.6445301296875 0.14875244375000002 0.601295603125 0.225737784375
3 0.563223940625 0.20424511406249998 0.6004047234375001 0.22490553750000003 0.64265309375 0.148190553125 0.6064592828125 0.12725977187499998 0.563223940625 0.20424511406249998
3 0.6406066781249999 0.2467052125 0.677787459375 0.26736645000000003 0.7200358312499999 0.190651465625 0.6838420203125 0.169720684375 0.6406066781249999 0.2467052125
3 0.3947166125 0.1122719875 0.4486465796875 0.141437296875 0.49012622187500005 0.0655602609375 0.4379519546875 0.035286645312499997 0.3947166125 0.1122719875
3 0.7339006515625 0.0548892515625 0.771596090625 0.07699185625 0.815498371875 0 0.810801303125 0.0012312703124999999 0.7645342015625001 0 0.7339006515625 0.0548892515625
3 0.7150912046875 0 0.695909609375 0.033126221875 0.7329519546875 0.053415309375 0.7657271984375 0 0.7653395765625 0 0.7150912046875 0
3 0.8853200328125 0.1441343640625 0.9273314328125 0.1705659609375 0.9746115640624999 0.0929552125 0.928555375 0.0671498375 0.8853200328125 0.1441343640625
3 0.2634161234375 0.47823859999999996 0.30059690625 0.4988990234375 0.34284527656249997 0.422184853125 0.306651465625 0.40125407187500006 0.2634161234375 0.47823859999999996
3 0.2991758953125 0.5013273609375 0.336356678125 0.521987784375 0.3786050484375 0.445273615625 0.3424104234375 0.4243420203125 0.2991758953125 0.5013273609375
3 0.33896987031250003 0.51913029375 0.3761506515625 0.5397907171874999 0.4183990234375 0.463076546875 0.3822052125 0.44214495156250005 0.33896987031250003 0.51913029375
3 0.3820301296875 0.440512215625 0.4192100984375 0.4611726390625 0.4614592828125 0.38445846875 0.4252646578125 0.3635268734375 0.3820301296875 0.440512215625
3 0.20908550468749998 0.45140716562499994 0.261842834375 0.47971009843749995 0.3034340390625 0.40242752499999995 0.25232003281250004 0.37442182343749997 0.20908550468749998 0.45140716562499994
2 0.503072475 0.40748045624999996 0.461354234375 0.38319869687499997 0.37837785 0.5297255703125 0.38273615625 0.5280130296875 0.42043078125 0.551456840625 0.503072475 0.40748045624999996
2 0.7684674265625 0.6459324109375 0.8079918562499999 0.6716188921875 0.8090944625000001 0.56939739375 0.7678208468750001 0.64637785 0.7684674265625 0.6459324109375
2 0.507521171875 0.85454153125 0.3922052125 0.78969136875 0.349597553125 0.8666550000000001 0.507521171875 0.85454153125
2 0.602950325 0.8324177531249999 0.609137621875 0.8267019546875 0.6109079796875 0.8197467421875 0.5787964171875 0.8019861562499999 0.5569324109375 0.8315952765624999 0.602950325 0.8324177531249999
2 0.3853395765625 0.12695439687500001 0.39897475625 0.09784853437499999 0.32648045625 0.0599201953125 0.31279723125 0.08453583125 0.3853395765625 0.12695439687500001
3 0.95390625 0.2828125 0.0890625 0.040625
3 0.95234375 0.4453125 0.0890625 0.040625
3 0.953125 0.48515625 0.0890625 0.040625
3 0.95078125 0.5265625 0.0890625 0.040625
3 0.9515625 0.5671875 0.0890625 0.040625
3 0.95546875 0.3640625 0.0890625 0.040625
3 0.95546875 0.403125 0.0890625 0.040625
3 0.95546875 0.203125 0.0890625 0.040625
3 0.95390625 0.24140625 0.0890625 0.040625
3 0.95546875 0.325 0.0890625 0.040625
3 0.17545765468750002 0.9796001625 0.206732084375 0.9976050484375 0.2439128671875 0.9340537453125 0.21129723125000002 0.9152386 0.17545765468750002 0.9796001625
3 0.10483469062499999 0.942090390625 0.1361091203125 0.9600944625000001 0.1732890875 0.8965439734375 0.140673453125 0.8777280125000001 0.10483469062499999 0.942090390625
3 0.1396506515625 0.9624324109375 0.17092508125 0.980437296875 0.2081050484375 0.91688599375 0.17548941406250002 0.898070846875 0.1396506515625 0.9624324109375
3 0.0707614 0.9219283390624999 0.10203501562499999 0.9399324109375 0.1392157984375 0.876381921875 0.1066001625 0.8575659609375 0.0707614 0.9219283390624999
3 0.20798860000000002 0.9985643328125 0.2479364828125 0.9991856671875 0.27468892500000003 0.952811075 0.24614983750000002 0.9376644953125 0.20798860000000002 0.9985643328125
3 0.496917753125 0.9991856671875 0.534723940625 0.9968786640625 0.540629478125 0.9585952765625001 0.498937296875 0.9567923453124999 0.496917753125 0.9991856671875
3 0.5333241046875 0.9971115640624999 0.5773908796875 0.9959560265625 0.577062703125 0.959035015625 0.538816775 0.9595545609375 0.5333241046875 0.9971115640624999
3 0.6956604234375 0.9991856671875 0.7397271984375 0.9988444624999999 0.7393990234375 0.9619234531249999 0.70115309375 0.962442996875 0.6956604234375 0.9991856671875
3 0.7367744296875001 0.9991856671875 0.7808420203125 0.9988444624999999 0.7805130296875 0.9619234531249999 0.7422671015625 0.962442996875 0.7367744296875001 0.9991856671875
3 0.7769397390624999 0.9991856671875 0.8210073296875 0.9988444624999999 0.8206783390625001 0.9619234531249999 0.7824324109374999 0.962442996875 0.7769397390624999 0.9991856671875
3 0.8174283390625 0.9991856671875 0.861495928125 0.9988444624999999 0.8611669375 0.9619234531249999 0.822921009375 0.962442996875 0.8174283390625 0.9991856671875
3 0.6560464171875 0.9991856671875 0.70011400625 0.9988444624999999 0.6997850156250001 0.9619234531249999 0.6615390875 0.962442996875 0.6560464171875 0.9991856671875
3 0.6144552125 0.9991856671875 0.6585219875 0.9988444624999999 0.6581938109375 0.9619234531249999 0.6199478828125 0.962442996875 0.6144552125 0.9991856671875
3 0.574104234375 0.9991856671875 0.6181718234375 0.9988444624999999 0.617842834375 0.9619234531249999 0.57959690625 0.962442996875 0.574104234375 0.9991856671875
2 0.9967190546875001 0.996454396875 0.9991856671875 0.9657043968749999 0.8609446249999999 0.9617076546875 0.8638493484374999 0.9632394140624999 0.8642418562499999 0.9991107484375 0.9967190546875001 0.996454396875
0 0.8927328984375 0.144962540625 0.9255822468750001 0.167823290625 0.97026384375 0.0936799671875 0.9339478828125 0.0706229640625 0.8927328984375 0.144962540625
0 0.4036938109375 0.20928745937499998 0.43121987031250003 0.23065309374999998 0.4754886 0.1611384359375 0.44594218281250003 0.145895765625 0.4036938109375 0.20928745937499998
0 0.4416799671875 0.2326995109375 0.47459202031250003 0.2529943 0.5163053750000001 0.1843118890625 0.4811612375 0.1658827359375 0.4416799671875 0.2326995109375
0 0.47793811093749994 0.260183225 0.50673615625 0.2776840390625 0.5492768734375 0.20658876249999997 0.51862215 0.190938925 0.47793811093749994 0.260183225
0 0.5140366453125 0.2811091203125 0.547665309375 0.30126547187499997 0.5820301296875 0.238706840625 0.5506604234375 0.21897394062500003 0.5140366453125 0.2811091203125
0 0.554679153125 0.30604234531249996 0.5873371328125 0.3252508140625 0.6295276875 0.2532386 0.5941815953125 0.2371050484375 0.554679153125 0.30604234531249996
0 0.6060309453125 0.30883631875 0.6358631921875 0.32683061874999997 0.664179153125 0.271582246875 0.6324486968749999 0.2509853421875 0.6060309453125 0.30883631875
0 0.64303583125 0.2413998375 0.6777728015625 0.2532223125 0.714454396875 0.1781881109375 0.6810228015625001 0.1611115640625 0.64303583125 0.2413998375
0 0.6825814328125 0.261604234375 0.7111254078125 0.281029315625 0.753035015625 0.20828583125 0.7200741046875 0.1871954390625 0.6825814328125 0.261604234375
0 0.719188925 0.2835423453125 0.7522076546875 0.302204396875 0.7927866453125 0.232190553125 0.75856921875 0.2118745921875 0.719188925 0.2835423453125
0 0.6839592828125001 0.35807329062500004 0.7150643328124999 0.37562133593749997 0.7513061890625 0.310734528125 0.7183941375 0.2909698703125 0.6839592828125001 0.35807329062500004
0 0.7139828984375 0.39050814375 0.747187296875 0.4063387625 0.7909894140625 0.32375 0.7586864828125 0.30553908750000003 0.7139828984375 0.39050814375
0 0.385259771875 0.43824430000000003 0.41528827343749997 0.4529087953125 0.45315227968749994 0.38487784999999997 0.42271091250000004 0.3663061890625 0.385259771875 0.43824430000000003
0 0.345723940625 0.41299755625 0.3834299671875 0.43854153125 0.4194926703125 0.36098371406249996 0.38784202031250004 0.341637621875 0.345723940625 0.41299755625
0 0.8490895765625 0.11812622187499999 0.88280293125 0.1397198703125 0.9215895765625 0.0691864828125 0.8909087953125001 0.046701954687500005 0.8490895765625 0.11812622187499999
0 0.5314364828125 0.17994299687499998 0.5634267093750001 0.1923754078125 0.6058135171875 0.117415309375 0.5690521171875 0.0982394140625 0.5314364828125 0.17994299687499998
0 0.45225162812499997 0.1404780125 0.4823648203125 0.15573534218750001 0.51822475625 0.083956840625 0.49155211718749997 0.0668273609375 0.45225162812499997 0.1404780125
0 0.49314250781249996 0.1585830625 0.5303925078125 0.17264250781249998 0.5598534203125001 0.1026343640625 0.524167753125 0.0852451140625 0.49314250781249996 0.1585830625
0 0.41494869687499997 0.10266612343749999 0.442798859375 0.12252605937500001 0.48950570000000004 0.055015471875 0.4618257328125 0.0366392515625 0.41494869687499997 0.10266612343749999
0 0.3555228015625 0.189868078125 0.3822214984375 0.20346661250000003 0.4171547234375 0.14285830625 0.3906091203125 0.12557491875 0.3555228015625 0.189868078125
0 0.780433225 0.0661058625 0.8152491859375001 0.088834690625 0.8487719874999999 0.018057003125000002 0.81678583125 0.000328990625 0.780433225 0.0661058625
0 0.4768990234375 0.824023615625 0.5098322468750001 0.847048859375 0.54280863125 0.7696449515625 0.5081726390625 0.7491962546875001 0.4768990234375 0.824023615625
0 0.506370521875 0.5910480453125 0.5362345281249999 0.6082312703125 0.5736270359375 0.541281759375 0.541281759375 0.523929153125 0.506370521875 0.5910480453125
0 0.5361286640625 0.62574185625 0.56880293125 0.6444201953124999 0.6119527687499999 0.567381921875 0.5747035828125 0.5498387625000001 0.5361286640625 0.62574185625
0 0.5807899015625 0.6308477203125 0.6129861562500001 0.650373778125 0.65087215 0.5799307812500001 0.6180333874999999 0.56369706875 0.5807899015625 0.6308477203125
0 0.497320846875 0.5006815953125 0.5362133546875001 0.5217296421875 0.57337785 0.444596090625 0.5380423453125001 0.4259657984375 0.497320846875 0.5006815953125
0 0.60870276875 0.673456840625 0.64245846875 0.6904755703125 0.68595276875 0.607096090625 0.6531148203125 0.5883338765625 0.60870276875 0.673456840625
0 0.7287052125 0.6279951140625 0.7603452765625 0.648316775 0.7947744296875 0.5797768734375001 0.76554153125 0.5607866453125 0.7287052125 0.6279951140625
0 0.5779478828125 0.5340822468749999 0.6129812703125 0.556232084375 0.651370521875 0.480487784375 0.6202394140624999 0.46423289843750004 0.5779478828125 0.5340822468749999
0 0.43350488593750003 0.8064592828125001 0.46477361562499997 0.8233184046875 0.504212540625 0.7577899015625 0.4729438109375 0.74174755625 0.43350488593750003 0.8064592828125001
0 0.3991604234375 0.7788061890625 0.4329218234375 0.7997687296875 0.46838436406249995 0.7344682406249999 0.43387540781249995 0.7125089578125 0.3991604234375 0.7788061890625
0 0.345423453125 0.520106678125 0.37561074843750003 0.5322899015625 0.4093713359375 0.46851139999999997 0.378065146875 0.45020521249999995 0.345423453125 0.520106678125
0 0.3627434859375 0.7569633546875 0.391631921875 0.781387621875 0.425096090625 0.717683225 0.39663192187499996 0.6950032578124999 0.3627434859375 0.7569633546875
0 0.32404723125 0.74476954375 0.350677525 0.7612947875 0.3910171015625 0.690273615625 0.3624201953125 0.6731074921875 0.32404723125 0.74476954375
0 0.2842899015625 0.720779315625 0.3159780125 0.7403159609375 0.3557671015625 0.6681555375 0.32249918593750004 0.6518159609375 0.2842899015625 0.720779315625
0 0.24920358281250002 0.6907882734374999 0.28285830624999997 0.7147516281249999 0.32416368125 0.6454112375000001 0.28970276875 0.6191522796875 0.24920358281250002 0.6907882734374999
0 0.2056881109375 0.682395765625 0.23345276875 0.6964185671875 0.2689951140625 0.6296441374999999 0.2358591203125 0.6124723125 0.2056881109375 0.682395765625
0 0.11688517968750001 0.6248884359375 0.1436482078125 0.6402630296875 0.1780871328125 0.581118078125 0.1490504890625 0.5652296421874999 0.11688517968750001 0.6248884359375
0 0.2659462546875 0.48201465781249997 0.299484528125 0.4998338765625 0.33807491875 0.4250325734375 0.3019869703125 0.407049675 0.2659462546875 0.48201465781249997
0 0.2208078171875 0.45144543906249995 0.25225732968750003 0.46953990156250003 0.2904714984375 0.3994258953125 0.25895358281249997 0.3804674265625 0.2208078171875 0.45144543906249995
0 0.3024006515625 0.5016889250000001 0.3356465796875 0.5162736156250001 0.3762573296875 0.44597394062499995 0.3427671015625 0.425096090625 0.3024006515625 0.5016889250000001
0 0.4647100984375 0.5743908796875 0.49658387656249997 0.595220684375 0.5281229640625 0.52541938125 0.4965675890625 0.5089047234375 0.4647100984375 0.5743908796875
0 0.27427524375 0.823504071875 0.3026547234375 0.8405757328125001 0.3429633546875 0.773276059375 0.3135342015625 0.7551074921875001 0.27427524375 0.823504071875
0 0.19127280156249998 0.7937776875 0.222626221875 0.81714739375 0.2657133546875 0.738767915625 0.23274185625000002 0.7196604234375 0.19127280156249998 0.7937776875
0 0.1106824109375 0.9312231265625 0.1364218234375 0.9516074921875 0.1631368078125 0.9009714984375 0.1333949515625 0.881281759375 0.1106824109375 0.9312231265625
0 0.14402931562500002 0.9530390875 0.1745618890625 0.9771881109375 0.2026343640625 0.9222312703125001 0.16883631875 0.90362215 0.14402931562500002 0.9530390875
0 0.3088892515625 0.8504951140625 0.3430480453125 0.8699201953125 0.3798257328125 0.8045187296874999 0.3486995109375 0.7873949515625001 0.3088892515625 0.8504951140625
0 0.07178420156250001 0.7172271984374999 0.10035504843750001 0.7351628671875 0.13704234531249998 0.6706579796875001 0.10502524375 0.6505114 0.07178420156250001 0.7172271984374999
0 0.6796875 0.971875 0.04375 0.0546875
0 0.5171875 0.9765625 0.03515625 0.0375
0 0.96484375 0.19921875 0.0703125 0.03515625
0 0.95703125 0.240625 0.08203125 0.0390625
0 0.95546875 0.321875 0.08046875 0.0328125
0 0.95703125 0.48203125 0.0796875 0.03359375
0 0.94375 0.5640625 0.08046875 0.0375
0 0.7742410421875 0 0.7484592828125 0.03985260625 0.776690553125 0.0551107484375 0.8102394140625 0 0.7742410421875 0
0 0.71770215 0.0004097703125 0.6946156359375 0.035745928125 0.731106678125 0.0546091203125 0.7647353421875 0 0.71770215 0.0004097703125
2 0.2894853421875 0.9991856671875 0.29035993437499996 0.9663216609375 0.2896131921875 0.958188925 0.2836644953125 0.9512231265625 0.2598493484375 0.9915838765625 0.2894853421875 0.9991856671875
3 0.54913355 0.777687296875 0.510771171875 0.8515285015625 0.560421009375 0.8307882734375 0.5796653093749999 0.79824185625 0.5543713359375 0.7774967421875 0.54913355 0.777687296875