0 0.6512271984375 0.7804226390625 0.6730993484375001 0.7423819218750001 0.5969055375 0.7019543968749999 0.5747312703125 0.734785015625 0.6512271984375 0.7804226390625
0 0.695179153125 0.6987035828125 0.7139438109375 0.6660219875 0.6392508140625 0.629478828125 0.62519706875 0.659688925 0.695179153125 0.6987035828125
0 0.8422646578125 0.9199951140625 0.8832263843750001 0.940687296875 0.9212899015625 0.8625464171875 0.8843648203125 0.8452768734375 0.8422646578125 0.9199951140625
0 0.8846351796875 0.9437858312499999 0.9145366453125 0.9569934859375 0.9518363187500001 0.8844185671875 0.9258957656250001 0.8688925078124999 0.8846351796875 0.9437858312499999
0 0.89015576875 0.62383075 0.8503697062500001 0.6917565140625 0.882596090625 0.710807003125 0.92148045625 0.6418908796875 0.89015576875 0.62383075
0 0.9014120515625 0.7129991859375 0.9366026062499999 0.7337671015625 0.97442508125 0.6643517921875 0.9429967421875001 0.64250814375 0.9014120515625 0.7129991859375
0 0.9991856671875 0.678440553125 0.9810435656250001 0.6672989359375 0.9455097718750001 0.738745928125 0.9730700328124999 0.75598045625 0.9991856671875 0.7159535828125 0.9991856671875 0.678440553125
0 0.9129462546875 0.602188925 0.9467092828125001 0.6203273609375 0.98498615625 0.561173453125 0.951140065625 0.5407166125 0.9129462546875 0.602188925
0 0.9991856671875 0.6231962546875 0.9991856671875 0.57602524375 0.9917801296875 0.5691131921875 0.9535830624999999 0.6359934859374999 0.9816172640625 0.6544397390625 0.9991856671875 0.6231962546875
0 0.7135268734375 0.9513249187499999 0.7551596093749999 0.9673412046875001 0.7921604234374999 0.9033965796875 0.7524429968749999 0.8762214984375 0.7135268734375 0.9513249187499999
0 0.761429153125 0.9782451140624999 0.797104234375 0.997051303125 0.8371522796875001 0.92665309375 0.8037459281249999 0.9063517921875001 0.761429153125 0.9782451140624999
0 0.8036791531249999 0.989798859375 0.842576546875 0.9991856671875 0.8755407171874999 0.944765471875 0.8412052125 0.9267100984375001 0.8036791531249999 0.989798859375
1 0.7369438109375 0.6197728015624999 0.658771171875 0.5736587953125001 0.4289666125 0.9944446250000001 0.9991856671875 0.9990464171875001 0.9961995109374999 0.5523884359375 0.9991856671875 0.1486897390625 0.7369438109375 0.6197728015624999