2 0.5082100984375 0.3533648203125 0.3960382734375 0.296065146875 0.3460912046875 0.3732353421875 0.5082100984375 0.3533648203125
2 0.2921522796875 0.5459104234375001 0.28472964218749997 0.4530781765625 0.22989006562499997 0.5454486968750001 0.2921522796875 0.5459104234375001
2 0.9157369703124999 0.564370521875 0.9499690546874999 0.5429991859375 0.9748973937500001 0.4660781765625 0.8631921828125 0.46145521250000004 0.8608013031249999 0.5608338765624999 0.9157369703124999 0.564370521875
2 0.6004055375 0.3312198703125 0.603692996875 0.3268672640625 0.6050073296875 0.32185749218750004 0.604673453125 0.3188509765625 0.574809446875 0.301504071875 0.57598615625 0.3030895765625 0.5620114 0.33462866406249997 0.6004055375 0.3312198703125
2 0.8092744296875001 0.0714714984375 0.7668298046875 0.150651465625 0.8067882734375 0.16918078125 0.8092744296875001 0.0714714984375
1 0.06461645 0 0.00024348593749999998 0.11286645 0 0.3741156359375 0.1972052125 0.5432589578125 0.9169242671875001 0.5632410421875 0.933232084375 0.5571604234375 0.9464438109375 0.5449820843750001 0.9530073296875001 0.5323754078125 0.9658053750000001 0.505956840625 0.9748021171874999 0.4816962546875 0.98105293125 0.452706840625 0.9991856671875 0 0.06461645 0
3 0.59765625 0.5046875 0.0390625 0.0890625
3 0.55546875 0.5015625 0.0390625 0.0890625
3 0.640625 0.50625 0.0390625 0.0890625
3 0.68046875 0.5046875 0.0390625 0.0890625
3 0.7203125 0.50703125 0.0390625 0.0890625
3 0.76015625 0.5078125 0.0390625 0.0890625
3 0.8 0.50859375 0.0390625 0.0890625
3 0.84140625 0.51015625 0.0390625 0.0890625
3 0.51484375 0.5015625 0.0390625 0.0890625
3 0.9515625 0.02578125 0.096875 0.0421875
3 0.92890625 0.31171875 0.09609375 0.04140625
3 0.93046875 0.26875 0.09609375 0.04140625
3 0.92734375 0.35546875 0.09609375 0.04140625
3 0.92578125 0.39921875 0.09609375 0.04140625
3 0.92421875 0.44296875 0.09609375 0.04140625
3 0.94375 0.15234375 0.09609375 0.04140625
3 0.9453125 0.11171875 0.09609375 0.04140625
3 0.9484375 0.06875 0.09609375 0.04140625
3 0.9375 0.19296875 0.09609375 0.04140625
3 0.9375 0.23203125 0.09375 0.03046875
3 0.2739519546875 0.22970928281249997 0.22917426718749997 0.3105333875 0.26731921875000003 0.3337491859375 0.311604234375 0.25135586249999997 0.27601954375000004 0.2313477203125 0.2739519546875 0.22970928281249997
3 0.35756921875000003 0.1692019546875 0.31279153125 0.25002524375 0.350937296875 0.2732410421875 0.3952214984375 0.190848534375 0.35963680781249996 0.170840390625 0.35756921875000003 0.1692019546875
3 0.31916938125 0.148557003125 0.27439169375 0.2293811078125 0.312537459375 0.25259690625000003 0.3568216609375 0.1702035828125 0.3212369703125 0.1501954390625 0.31916938125 0.148557003125
3 0.24530130312499998 0.109759771875 0.200523615625 0.19058306249999998 0.23866938124999998 0.21379967500000002 0.2829535828125 0.1314063515625 0.24736970625 0.11139820781250001 0.24530130312499998 0.109759771875
3 0.28211645 0.1296148203125 0.2373387625 0.21043811093749998 0.2754837140625 0.233653909375 0.3197687296875 0.1512614 0.2841840390625 0.13125244375 0.28211645 0.1296148203125
3 0.20064087968750002 0.087673453125 0.1558631921875 0.1684967421875 0.19400814375 0.191712540625 0.238293159375 0.1093200328125 0.20270846874999998 0.08931107499999999 0.20064087968750002 0.087673453125
3 0.2337231265625 0.2099185671875 0.1889454390625 0.29074185625000004 0.227090390625 0.3139576546875 0.2713754078125 0.23156514687500002 0.2357907171875 0.21155700312499998 0.2337231265625 0.2099185671875
3 0.199198696875 0.1910602609375 0.154421009375 0.2718843640625 0.1925659609375 0.2951001625 0.23685097656249998 0.21270684062499998 0.20126628593749998 0.19269869687500002 0.199198696875 0.1910602609375
3 0.157846090625 0.1692280125 0.11306840468749998 0.2500521171875 0.1512133546875 0.273267915625 0.19549837187500002 0.1908754078125 0.15991368125 0.17086645 0.157846090625 0.1692280125
3 0.5131408796875 0.2467646578125 0.46836319218750005 0.3275887625 0.50650814375 0.3508045609375 0.5507931593750001 0.2684112375 0.51520846875 0.24840309375 0.5131408796875 0.2467646578125
3 0.47430048906250005 0.23040960937500002 0.4295228015625 0.3112328984375 0.4676685671875 0.334448696875 0.51195276875 0.2520561890625 0.476368078125 0.23204723125 0.47430048906250005 0.23040960937500002
3 0.43665390937500004 0.211137621875 0.391876221875 0.29196172656249997 0.430021171875 0.315177525 0.47430618906250005 0.2327842015625 0.4387214984375 0.21277605937500002 0.43665390937500004 0.211137621875
3 0.4003908796875 0.1921050484375 0.3556131921875 0.2729283390625 0.39375814375 0.2961441375 0.438043159375 0.21375162812499998 0.40245846875 0.1937434859375 0.4003908796875 0.1921050484375
3 0.3147052125 0.248328990625 0.269927525 0.3291522796875 0.308073290625 0.352368078125 0.3523574921875 0.2699755703125 0.3167728015625 0.24996742656249998 0.3147052125 0.248328990625
3 0.6894201953125 0.10707166093750001 0.6446425078125 0.18789576562500002 0.6827882734374999 0.2111115640625 0.727072475 0.12871824062499998 0.691487784375 0.10871009843749999 0.6894201953125 0.10707166093750001
3 0.3555757328125 0.2708241046875 0.3107980453125 0.35164739375 0.3489438109375 0.37486319218749997 0.3932280125 0.292470684375 0.35764332187500003 0.2724617265625 0.3555757328125 0.2708241046875
3 0.535948696875 0.0245675890625 0.491171009375 0.10539169374999999 0.5293159609375 0.1286074921875 0.5736009765625 0.04621416875 0.5380162859375 0.026206026562500002 0.535948696875 0.0245675890625
3 0.4960855046875 0.00411400625 0.45130781718749996 0.084937296875 0.48945276875 0.108153909375 0.533737784375 0.025760585937500004 0.49815309374999994 0.00575244375 0.4960855046875 0.00411400625
3 0.573415309375 0.045705212499999995 0.528637621875 0.126529315625 0.5667825734374999 0.1497451140625 0.6110675890625 0.06735179218750001 0.5754828984375 0.047343648437500004 0.573415309375 0.045705212499999995
3 0.6140203578125 0.0678713359375 0.5692426703125 0.1486954390625 0.607387621875 0.17191123749999998 0.6516726390625001 0.089517915625 0.6160879484375 0.069509771875 0.6140203578125 0.0678713359375
3 0.6534112375000001 0.0896669375 0.60863355 0.170490228125 0.646779315625 0.1937060265625 0.6910635171874999 0.1113135171875 0.6554788281249999 0.0913045609375 0.6534112375000001 0.0896669375
3 0.731218240625 0.130478828125 0.686440553125 0.21130211718749997 0.72458631875 0.234517915625 0.768870521875 0.1521254078125 0.73328583125 0.1321172640625 0.731218240625 0.130478828125
3 0.767009771875 0.15128745937500002 0.7222320843750001 0.2321115640625 0.7603770359375 0.2553273609375 0.8046620515624999 0.1729340390625 0.7690773609375 0.1529258953125 0.767009771875 0.15128745937500002
3 0.211201140625 0.41598778437500006 0.16500814375 0.49717182343750005 0.19892263906250002 0.519523615625 0.2431384359375 0.4377198703125 0.211201140625 0.41598778437500006
3 0.6963868078125001 0.0054714984375 0.6516091203125 0.0862947875 0.689754071875 0.1095105859375 0.7340390875 0.027118078125 0.698454396875 0.0071091203125 0.6963868078125001 0.0054714984375
3 0.24339820781250002 0.4327939734375 0.19862052187499998 0.513618078125 0.23676628593750002 0.5368338765625 0.28105048906249996 0.454440553125 0.2454657984375 0.4344324109375 0.24339820781250002 0.4327939734375
3 0.733895765625 0.0259144953125 0.689118078125 0.106737784375 0.7272630296875 0.1299535828125 0.7715480453125 0.047561075 0.7359633546875 0.027552931250000003 0.733895765625 0.0259144953125
3 0.774061075 0.0439666125 0.7292833875 0.1247899015625 0.7674283390625 0.1480057 0.8117133546874999 0.0656131921875 0.7761286640625 0.045605048437500004 0.774061075 0.0439666125
3 0.0972109125 0.45128664531249996 0.1328061890625 0.4733517921875 0.17510260625000001 0.39223697031250004 0.13856921875 0.3724666125 0.0972109125 0.45128664531249996
3 0.10541286718750001 0.348779315625 0.0606351796875 0.42960260625 0.0987801296875 0.4528184046875 0.143065146875 0.37042589531250003 0.10748045625 0.350417753125 0.10541286718750001 0.348779315625
3 0.17894136875 0.390767915625 0.129376221875 0.4765855046875 0.1653420203125 0.49612785 0.21077768749999998 0.41165635156249997 0.17894136875 0.390767915625
3 0.07324755625 0.318305375 0.0284698703125 0.39912866406249997 0.0666148203125 0.4223444625 0.11089983750000001 0.3399519546875 0.075315146875 0.3199438109375 0.07324755625 0.318305375
3 0.0597866453125 0.2241587953125 0.1118908796875 0.25457410468749997 0.158482084375 0.1694087953125 0.1066425078125 0.1416758953125 0.0597866453125 0.2241587953125
3 0.1035146578125 0.142200325 0.1556188921875 0.17261645 0.2022100984375 0.087450325 0.150370521875 0.059717426562499995 0.1035146578125 0.142200325
3 0.4491441375 0 0.41384120468749996 0.05994543906250001 0.45616938124999995 0.0804364828125 0.4931962546875 0.00480293125 0.4762939734375 0 0.449759771875 0.0016490234374999999 0.4491441375 0
3 0.6448013031250001 0.0009169375 0.6127003249999999 0.0652899015625 0.6498965796875 0.0842271984375 0.6971872968749999 0.0032125406250000004 0.694573290625 0.0022109125 0.6696929968750001 0 0.6448013031250001 0.0009169375
3 0.6470285016286645 0 0.5962597719869707 0 0.574915309446254 0.04507491856677524 0.6135594462540717 0.06503501628664496 0.6470285016286645 0
3 0.5510578171875 0 0.5376555375 0.0228395765625 0.574862378125 0.041066775 0.5944731265625001 0 0.593704396875 0 0.5510578171875 0
3 0.34887947812500003 0 0.3351327359375 0.0212328984375 0.3746881109375 0.0428688921875 0.39882654687499997 0 0.39745846875 0 0.34887947812500003 0
2 0.4002630296875 0 0.3997703578125 0.0001644953125 0.3799633546875 0.035802117187499996 0.417334690625 0.0552166125 0.4491661234375 0 0.4002630296875 0
3 0.5525741046875 0.27034690625 0.5106856671875 0.3511115640625 0.559429153125 0.334454396875 0.5816270359375 0.2906628671875 0.553576546875 0.2723135171875 0.5525741046875 0.27034690625
0 0.723403909375 0.1287451140625 0.7599006515625 0.14935260625 0.8022394140625 0.07676221562499999 0.7688550484375 0.0553493484375 0.723403909375 0.1287451140625
0 0.64964169375 0.0918298046875 0.6022825734375 0.1705325734375 0.6408257328125 0.1931604234375 0.6833713359375 0.10827035781250001 0.6514657984375 0.09229071718750001 0.64964169375 0.0918298046875
0 0.575487784375 0.045917753125 0.5353811078125 0.1276685671875 0.566448696875 0.1469723125 0.6107434859375 0.0666840390625 0.5768184046875 0.04750244375 0.575487784375 0.045917753125
0 0.5120643328125001 0.24802687343750002 0.47195765468750006 0.32977768749999997 0.50302524375 0.3490814328125 0.5473200328125001 0.26879315937500003 0.5133949515625 0.24961156406249999 0.5120643328125001 0.24802687343750002
0 0.4733200328125 0.232551303125 0.4332133546875 0.31430293125 0.4642809453125 0.3336058625 0.5085757328125 0.2533175890625 0.47465065156249997 0.2341368078125 0.4733200328125 0.232551303125
0 0.433340390625 0.21089413750000002 0.3932337140625 0.2926449515625 0.42430130312500003 0.311948696875 0.468596090625 0.2316604234375 0.434671009375 0.212478828125 0.433340390625 0.21089413750000002
0 0.4757589578125 0.231320846875 0.435651465625 0.313072475 0.4667198703125 0.33237622187500004 0.5110146578125 0.2520879484375 0.4770895765625 0.2329063515625 0.4757589578125 0.231320846875
0 0.39235830625 0.19493078125000002 0.352251628125 0.2766824109375 0.38331921874999997 0.2959853421875 0.42761482031250003 0.21569706875 0.3936897390625 0.19651628593749998 0.39235830625 0.19493078125000002
0 0.3555065140625 0.1709828984375 0.3153998375 0.252734528125 0.34646742656249996 0.2720382734375 0.3907630296875 0.19175 0.3568379484375 0.1725684046875 0.3555065140625 0.1709828984375
0 0.32212785 0.1442785015625 0.282021171875 0.22603012968749997 0.3130887625 0.2453338765625 0.35738355 0.165045603125 0.32345846875 0.14586400625 0.32212785 0.1442785015625
0 0.323373778125 0.1472532578125 0.2832671015625 0.229004071875 0.314334690625 0.2483078171875 0.358629478125 0.16801954375 0.32470439687499997 0.1488379484375 0.323373778125 0.1472532578125
0 0.28893973906250003 0.11884690625000001 0.248832246875 0.200598534375 0.2798998375 0.21990146562500001 0.32419543906250003 0.13961319218749998 0.2902703578125 0.12043241093749998 0.28893973906250003 0.11884690625000001
0 0.23970276875000002 0.109712540625 0.199596090625 0.1914633546875 0.23066368124999997 0.21076710156249998 0.2749592828125 0.130478828125 0.2410342015625 0.11129723124999999 0.23970276875000002 0.109712540625
0 0.147464984375 0.0556408796875 0.10735830625000001 0.13739169375 0.1384258953125 0.1566954390625 0.18272149843750002 0.076407165625 0.148795603125 0.057225570312499995 0.147464984375 0.0556408796875
0 0.10674348593750001 0.1434991859375 0.06663599375 0.22525081406249997 0.0977035828125 0.24455374531250001 0.1419991859375 0.16426628593749998 0.1080741046875 0.145084690625 0.10674348593750001 0.1434991859375
0 0.2285700328125 0.21685342031250002 0.188462540625 0.298604234375 0.2195301296875 0.3179079796875 0.2638257328125 0.23761970625 0.2299006515625 0.21843811093749999 0.2285700328125 0.21685342031250002
0 0.3102842015625 0.2499144953125 0.270176709375 0.331665309375 0.3012443 0.3509690546875 0.3455399015625 0.27068078125 0.3116148203125 0.2514991859375 0.3102842015625 0.2499144953125
0 0.35274511406250003 0.273066775 0.312637621875 0.3548175890625 0.3437052125 0.3741213359375 0.38800081406250003 0.29383306249999996 0.35407573281250004 0.274651465625 0.35274511406250003 0.273066775
0 0.4988631921875 0.007173453125 0.4587565140625 0.08892426718749999 0.48982410468750004 0.1082280125 0.5341188921875 0.027939739062500003 0.5001938109374999 0.008758143749999999 0.4988631921875 0.007173453125
0 0.5366058625 0.020220684375 0.4964991859375 0.1019714984375 0.527566775 0.12127524375000001 0.5718615640625 0.040986970312499996 0.5379364828125001 0.021805375 0.5366058625 0.020220684375
0 0.6492654718749999 0.089200325 0.6091587953125 0.170951140625 0.640226384375 0.1902548859375 0.684521171875 0.10996661249999999 0.650596090625 0.09078501562499999 0.6492654718749999 0.089200325
0 0.6146408796875 0.058811075000000004 0.5745333875 0.14056270312500002 0.6056009765625 0.1598656359375 0.6498965796875 0.0795773609375 0.6159714984375 0.06039657968749999 0.6146408796875 0.058811075000000004
0 0.13231270312500001 0.376548859375 0.0922060265625 0.45830048906250004 0.12327361562500001 0.47760342031249997 0.16756921875 0.3973159609375 0.13364413749999998 0.3781343640625 0.13231270312500001 0.376548859375
0 0.17141286718749998 0.401700325 0.131305375 0.483451140625 0.162373778125 0.5027548859375 0.2066685671875 0.42246661249999995 0.1727434859375 0.403285015625 0.17141286718749998 0.401700325
0 0.2401799671875 0.426437296875 0.200073290625 0.508188925 0.2311408796875 0.52749185625 0.2754364828125 0.447204396875 0.2415114 0.4280228015625 0.2401799671875 0.426437296875
0 0.6018314328125001 0 0.5976701953125 0.0003021171875 0.5791881109375 0.039322475 0.6143061890625 0.0578412046875 0.6470073296875001 0 0.6018314328125001 0
0 0.39087947882736157 0 0.35718729641693814 0 0.34107084690553746 0.013031758957654724 0.3743061889250815 0.035627035830618894 0.39087947882736157 0
0 0.940625 0.06640625 0.08359375 0.03828125
0 0.5171875 0.503125 0.034375 0.08671875
0 0.68125 0.49921875 0.04375 0.1078125
0 0.79921875 0.51328125 0.040625 0.1
0 0.84375 0.5234375 0.03671875 0.09140625