1 0.0027353421875 0 0.0027353421875 0.9403631921875 0.8896579796875 0.3856148203125 0.6506384359374999 0 0.0027353421875 0
2 0.523409609375 0.22949755624999998 0.5634690546875001 0.2950684046875 0.583259771875 0.2859438109375 0.5979242671875 0.273548859375 0.6119104234375 0.2611058625 0.6252280125 0.2431384359375 0.6325439734375 0.2218574921875 0.6356938109375 0.20120276874999998 0.6268184046874999 0.1686718234375 0.57947475625 0.10132003281249999 0.5591799671875 0.11487622187499999 0.5618892515625 0.11638680781249999 0.598698696875 0.179248371875 0.523409609375 0.22949755624999998
2 0.044968240625 0.62285830625 0.06258061875000001 0.61335260625 0.07826791562499999 0.6045618890625 0.090748371875 0.5950032578125 0.09670195468750001 0.5889698703125 0.0574535828125 0.5222809453124999 0.0013939390625 0.561189784375 0.0012882734375 0.6152557 0.0131213359375 0.6239340390625 0.027293159374999997 0.62662785 0.044968240625 0.62285830625
2 0.2460814328125 0.055752443750000005 0.237592834375 0.037981270312499996 0.1673412046875 0.07841693749999999 0.16338110781249998 0.08265797968750001 0.17703745937499998 0.0987646578125 0.2460814328125 0.055752443750000005
3 0.1389723125 0.22461970625 0.1789144953125 0.20050814374999998 0.125251628125 0.120315146875 0.0887548859375 0.143859934375 0.1389723125 0.22461970625
3 0.1266824109375 0.1180146578125 0.1666254078125 0.09390309375 0.1129617265625 0.013710098437500002 0.0764657984375 0.037254885937499996 0.1266824109375 0.1180146578125
3 0.0875936484375 0.14284772031249998 0.1275366453125 0.1187353421875 0.0738729640625 0.038543159375000004 0.037376221875 0.0620871328125 0.0875936484375 0.14284772031249998
3 0.06139820781250001 0.2731408796875 0.1013412046875 0.2490285015625 0.047677525 0.16883631875 0.01118078125 0.19238029375000001 0.06139820781250001 0.2731408796875
3 0.10169625468750002 0.24667996718750002 0.1416384359375 0.2225684046875 0.0879755703125 0.1423754078125 0.051478828125 0.1659201953125 0.10169625468750002 0.24667996718750002
3 0.293917753125 0.123623778125 0.333859934375 0.099512215625 0.28019706875 0.01931921875 0.243700325 0.042864006249999996 0.293917753125 0.123623778125
3 0.0502174265625 0.16762215 0.090159609375 0.143509771875 0.0364967421875 0.0633175890625 0 0.086862378125 0.0502174265625 0.16762215
3 0.17840553750000002 0.199061075 0.21834853437500001 0.174948696875 0.164684853125 0.09475651406249999 0.1281881109375 0.11830048906249999 0.17840553750000002 0.199061075
3 0.010714984375 0.19091775312499998 0.04982491875 0.1665936484375 0.0003607484375 0.0921587953125 0.0004397390625 0.1759242671875 0.010714984375 0.19091775312499998
3 0 0.263433225 0.0236612375 0.297214984375 0.0644201953125 0.2757809453125 0.01548045625 0.1948143328125 0.002232084375 0.20351954375 0 0.263433225
3 0.21675244375 0.175521171875 0.256159609375 0.1494161234375 0.210671009375 0.07969462499999999 0.1726213359375 0.105820846875 0.21675244375 0.175521171875
3 0.2542508140625 0.150307003125 0.292984528125 0.1258925078125 0.24861482031249998 0.055714984375 0.21088355 0.080065146875 0.2542508140625 0.150307003125
3 0.15798859999999998 0.0820480453125 0.19583713281249998 0.057962540625 0.1591392515625 0.0013892515625000001 0.1435635171875 0 0.11365146562499999 0.01444706875 0.15798859999999998 0.0820480453125
3 0.1651091203125 0.005688925 0.19902931562499998 0.058694625 0.23525488593750002 0.0330659609375 0.216201140625 0.000153909375 0.16150895781250002 0.00271416875 0.1651091203125 0.005688925
3 0.3320684046875 0.099787459375 0.371921009375 0.07534690625 0.322281759375 0.0005781765625 0.3118688921875 0 0.2821742671875 0.0202312703125 0.3320684046875 0.099787459375
3 0.25133469062499997 0.40209772031249996 0.290201140625 0.3761783390625 0.23896091249999998 0.29261319218750004 0.198153909375 0.3175895765625 0.25133469062499997 0.40209772031249996
3 0.18982491875000002 0.5592491859375001 0.22869136874999998 0.533328990625 0.177451140625 0.44976465781249997 0.13664413749999998 0.4747410421875 0.18982491875000002 0.5592491859375001
3 0.1498884359375 0.58609690625 0.18875407187499998 0.5601767093750001 0.13751384375 0.476612378125 0.0967076546875 0.5015887625000001 0.1498884359375 0.58609690625
3 0.1104600984375 0.6100390875 0.1493257328125 0.5841188921875 0.0980855046875 0.5005545609375 0.05727931562500001 0.5255309453125 0.1104600984375 0.6100390875
3 0.0585675890625 0.524809446875 0.097433225 0.49889006562500005 0.046192996874999996 0.4153257328125 0.0053868078125 0.44030130312500004 0.0585675890625 0.524809446875
3 0.09698289843749999 0.5003794781249999 0.13584934843750002 0.47446009843750003 0.0846091203125 0.390895765625 0.0438021171875 0.4158713359375 0.09698289843749999 0.5003794781249999
3 0.13554153124999999 0.47686645 0.1744079796875 0.45094706875 0.12316775312499999 0.36738273593750004 0.08236074843749999 0.39235830625 0.13554153124999999 0.47686645
3 0.3032271984375 0.485551303125 0.3420936484375 0.4596311078125 0.2908534203125 0.376066775 0.2500464171875 0.4010423453125 0.3032271984375 0.485551303125
3 0.264748371875 0.510017915625 0.3036148203125 0.484098534375 0.252373778125 0.4005333875 0.2115675890625 0.425509771875 0.264748371875 0.510017915625
3 0.21238355000000003 0.4272703578125 0.25125000000000003 0.4013501625 0.20000977187500002 0.31778583125000004 0.15920276875 0.3427614 0.21238355000000003 0.4272703578125
3 0.17471009843750002 0.45253257343750003 0.213576546875 0.426612378125 0.16233631875 0.3430480453125 0.121529315625 0.36802442968750004 0.17471009843750002 0.45253257343750003
3 0.2276311078125 0.5348770359375 0.26649755625 0.5089576546875 0.2152573296875 0.425393321875 0.174450325 0.4503688921875 0.2276311078125 0.5348770359375
3 0.4443200328125 0.27854315937499996 0.4831864828125 0.2526229640625 0.43194625468750003 0.16905863125 0.39113925156249996 0.194035015625 0.4443200328125 0.27854315937499996
3 0.40533143281250006 0.3032907171875 0.44419788281250006 0.27737133593749996 0.3929576546875 0.19380700312500002 0.35215065156250003 0.21878257343750002 0.40533143281250006 0.3032907171875
3 0.34138355 0.46130130312500006 0.38025000000000003 0.4353811078125 0.3290089578125 0.35181677499999997 0.28820276875 0.376793159375 0.34138355 0.46130130312500006
3 0.2903444625 0.3766815953125 0.3292109125 0.350762215625 0.277970684375 0.26719706875 0.23716368124999998 0.292173453125 0.2903444625 0.3766815953125
3 0.4959421828125 0.3615187296875 0.53480863125 0.3355993484375 0.48356840468750006 0.252035015625 0.4427614 0.2770105859375 0.4959421828125 0.3615187296875
3 0.45816286718750004 0.3867280125 0.497029315625 0.36080863124999996 0.44578827343749994 0.2772443 0.404982084375 0.30221987031249997 0.45816286718750004 0.3867280125
3 0.5357573296875 0.337645765625 0.574623778125 0.31172557031250003 0.5233835499999999 0.2281612375 0.482576546875 0.253137621875 0.5357573296875 0.337645765625
3 0.4320203578125 0.1713118890625 0.48179723125 0.2542882734375 0.5412019546875 0.2168102609375 0.489315146875 0.13414739375 0.4320203578125 0.1713118890625
3 0.4911758953125 0.132954396875 0.54095276875 0.21593078124999998 0.60035830625 0.17845358281249998 0.548470684375 0.0957899015625 0.4911758953125 0.132954396875
3 0.36054885937500003 0.3172133546875 0.3993884359375 0.2906840390625 0.353322475 0.21791368125 0.314673453125 0.2445171015625 0.36054885937500003 0.3172133546875
3 0.41985830625 0.4120382734375 0.4586978828125 0.3855089578125 0.412631921875 0.3127386 0.3739828984375 0.3393420203125 0.41985830625 0.4120382734375
3 0.3814055375 0.4352491859375 0.4202451140625 0.4087198703125 0.374179153125 0.33594951093750003 0.3355301296875 0.36255293125 0.3814055375 0.4352491859375
3 0.32299185625 0.34217345312499997 0.36183143281249996 0.3156441375 0.315765471875 0.24287377812500002 0.27711644999999996 0.2694771984375 0.32299185625 0.34217345312499997
3 0.309573290625 0.7490480453125 0.34794706875000003 0.723509771875 0.2848200328125 0.6261506515625 0.24701384375000002 0.652823290625 0.309573290625 0.7490480453125
3 0.3480105859375 0.72446416875 0.38638355 0.6989258953124999 0.3232573296875 0.601566775 0.285451140625 0.6282394140625 0.3480105859375 0.72446416875
3 0.5027068406249999 0.6277776875 0.54108061875 0.602240228125 0.4779535828125 0.50488029375 0.44014739374999995 0.53155293125 0.5027068406249999 0.6277776875
3 0.386776059375 0.700245928125 0.4251490234375 0.67470846875 0.3620228015625 0.577348534375 0.3242166125 0.604021171875 0.386776059375 0.700245928125
3 0.42513354999999997 0.6764951140625 0.4635065140625 0.6509568406249999 0.40038029374999995 0.5535977203125 0.3625741046875 0.5802703578124999 0.42513354999999997 0.6764951140625
3 0.464964984375 0.6525048859375 0.5033379484375 0.6269666125 0.4402109125 0.5296074921875 0.40240553749999997 0.5562801296875 0.464964984375 0.6525048859375
3 0.5411758953125 0.60047475625 0.579548859375 0.5749364828125 0.5164226390625 0.47757736093750003 0.47861644999999997 0.5042500000000001 0.5411758953125 0.60047475625
3 0.15467508125 0.8467198703125 0.193048859375 0.8211815953125001 0.1299218234375 0.723822475 0.0921156359375 0.7504951140625 0.15467508125 0.8467198703125
3 0.194442996875 0.8222369703125001 0.2328159609375 0.796698696875 0.1696897390625 0.6993395765625 0.13188355000000002 0.726012215625 0.194442996875 0.8222369703125001
3 0.23310830624999998 0.7990635171875 0.27148127031249997 0.77352524375 0.208354234375 0.6761661234375 0.170548859375 0.7028387625 0.23310830624999998 0.7990635171875
3 0.2701612375 0.7754552125 0.3085342015625 0.7499169375 0.2454079796875 0.6525578171874999 0.20760179218750002 0.67923045625 0.2701612375 0.7754552125
3 0.5807947875 0.57830863125 0.618484528125 0.5528127031250001 0.556529315625 0.4539055375 0.5159666125 0.482248371875 0.5807947875 0.57830863125
3 0.07951384375000001 0.8956856671875 0.11788762187499999 0.8701482078125 0.054760585937499995 0.7727882734375 0.016954396875 0.7994609125000001 0.07951384375000001 0.8956856671875
3 0.1140008140625 0.8707630296875 0.1523745921875 0.84522475625 0.08924755625 0.7478656359375 0.0514421828125 0.7745382734375 0.1140008140625 0.8707630296875
3 0.620143321875 0.5540537453125001 0.6585171015625 0.528515471875 0.595390065625 0.4311563515625 0.5575846906249999 0.45782899062500004 0.620143321875 0.5540537453125001
3 0.7363982078125 0.4781172640625 0.774771171875 0.452578990625 0.7116449515625 0.3552198703125 0.6738387625 0.3818925078125 0.7363982078125 0.4781172640625
3 0.6957768734374999 0.5051392515625001 0.7341498375 0.47960179218750004 0.671023615625 0.38224185624999996 0.6332174265625 0.4089144953125 0.6957768734374999 0.5051392515625001
3 0.6556066781250001 0.5278200328125 0.6939796421875 0.502281759375 0.6308534203125 0.4049226390625 0.59304723125 0.4315952765625 0.6556066781250001 0.5278200328125
3 0.002232084375 0.863706840625 0.0369104234375 0.9172532578125001 0.0755912046875 0.892468240625 0.0162866453125 0.8004258953125 0 0.8170252437500001 0.002232084375 0.863706840625
3 0.020379478125 0.5498436484375 0.05623941406250001 0.5254828984375 0.0074967421875 0.44131921875 0.0008485343750000001 0.5200537453125 0.020379478125 0.5498436484375
3 0.3177060265625 0 0.36916368125 0.07464739375 0.41081921875000005 0.051367264062499994 0.3753990234375 0 0.3177060265625 0
0 0.5758965796875 0.564476384375 0.612281759375 0.5384771984375 0.55244136875 0.4478770359375 0.5200537453125 0.47182491875 0.5758965796875 0.564476384375
2 0.4108452765625 0.3147744296875 0.39836563593749996 0.2952907171875 0.3293330625 0.34367915312499997 0.33947475625 0.3604853421875 0.4108452765625 0.3147744296875
2 0.7799454390625 0.45738355 0.8914128671875 0.38192508125 0.834059446875 0.29713029375 0.723562703125 0.370584690625 0.7799454390625 0.45738355