1 0.65023615625 1 0.26911645 0.39929071718750003 0.1401327359375 0.48515635156250003 0.034895765625000005 0.33509853437500003 0.000328990625 0.35504885937499997 0.00133631875 0.3578004890625 0.000328990625 1 0.65023615625 1
3 0.11658876250000001 0.7631343640625 0.15495602656250002 0.738307003125 0.1033501625 0.6569104234375 0.06430374531250001 0.6814943 0.11658876250000001 0.7631343640625
3 0.169732084375 0.8463330625 0.2081001625 0.8215057 0.1564934859375 0.7401091203125 0.11744706875 0.764692996875 0.169732084375 0.8463330625
3 0.053859120312499995 0.9202801296875001 0.0922271984375 0.89545276875 0.0406213359375 0.8140561890625 0.00157491875 0.838640065625 0.053859120312499995 0.9202801296875001
3 0.09265716562500001 0.8943607484375 0.1310244296875 0.8695325734375 0.0794185671875 0.7881368078125 0.04037215 0.8127206843750001 0.09265716562500001 0.8943607484375
3 0.1332882734375 0.8692092828125 0.16997068437500001 0.8451506515625 0.1183648203125 0.7637548859375001 0.0793175890625 0.7883379484375 0.1332882734375 0.8692092828125
3 0.0782255703125 0.7873998375 0.1165936484375 0.762572475 0.064987784375 0.6811758953125 0.025940553124999998 0.705759771875 0.0782255703125 0.7873998375
3 0.2087255703125 0.8211978828125 0.2470936484375 0.796370521875 0.195487784375 0.714973940625 0.156440553125 0.7395578171875 0.2087255703125 0.8211978828125
3 0.2487687296875 0.7975097718749999 0.2871368078125 0.7726824109375 0.2355309453125 0.6912866453125 0.196484528125 0.715870521875 0.2487687296875 0.7975097718749999
3 0.28675 0.773334690625 0.325118078125 0.7485073296875 0.27351139999999996 0.6671107484375 0.23446498437500002 0.691694625 0.28675 0.773334690625
3 0.396281759375 0.9441905531250001 0.4346498375 0.9193631921875 0.3830439734375 0.8379666125 0.3439967421875 0.8625504890625001 0.396281759375 0.9441905531250001
3 0.35723534218749997 0.9694315953125001 0.3956034203125 0.944604234375 0.3439967421875 0.8632084687500001 0.30495032499999997 0.8877915312500001 0.35723534218749997 0.9694315953125001
3 0.31907410468749997 0.9926001624999999 0.3574421828125 0.9677719874999999 0.3058355046875 0.8863762218750001 0.26678908749999997 0.9109600984374999 0.31907410468749997 0.9926001624999999
3 0.10378990156250001 0.6572923453125 0.154590390625 0.736673453125 0.2121188921875 0.7013648203125 0.16105293125 0.6190993484375 0.10497231250000001 0.652998371875 0.10378990156250001 0.6572923453125
3 0.21458957656250002 0.701815146875 0.273495928125 0.6630920203125 0.22358631875 0.5824063515625 0.1625268734375 0.6208118890625001 0.21458957656250002 0.701815146875
3 0.0000741046875 0.723218240625 0 0.7469324109375 0.0398843640625 0.8119462546875 0.0766881109375 0.7862972312500001 0.0262223125 0.7070162859375 0.0011188921875000001 0.7242092828125 0.0000741046875 0.723218240625
3 0.0041563515625 0.47693078125 0 0.49595765468749997 0.044337948437500004 0.5645032578125 0.08345846875 0.536754071875 0.03212785 0.458427525 0.0037060265625 0.475816775 0.0041563515625 0.47693078125
3 0.0841954390625 0.53458061875 0.12174674218749999 0.5153835499999999 0.07001384375 0.432322475 0.031745928125 0.455723940625 0.0841954390625 0.53458061875
3 0 0.49747394062500006 0.000667753125 0.5751856671875 0.0094951140625 0.5919552125 0.0468558625 0.564482084375 0 0.49297882812499993 0 0.49747394062500006
3 0.0165838765625 0.9456115640625 0.05306921875 0.9204714984375 0.0036001625000000002 0.8404747562500001 0.00271416875 0.841476384375 0.001596090625 0.9209429968749999 0.0165838765625 0.9456115640625
3 0.30409690624999997 0.9991856671875 0.320415309375 0.9935439734375 0.2663436484375 0.9110610749999999 0.22658713281249998 0.9380618890625 0.22835260625 0.9402092828124999 0.2664926703125 0.9991856671875 0.30409690624999997 0.9991856671875
3 0.1911167921875 0.9616136671875 0.2155757328125 0.9991856671875 0.269206840625 0.9991856671875 0.2281034203125 0.9396840390625 0.1911167921875 0.9616136671875
3 0.3985618890625 0.94834690625 0.4320675890625 0.9991856671875 0.486701140625 0.9991856671875 0.43746498437500003 0.9239120515625 0.40038029374999995 0.9473395765625 0.3985618890625 0.94834690625
3 0.37583876250000003 0.9991856671875 0.43132573281250003 0.9991856671875 0.3957198703125 0.9470008140624999 0.35846498437499996 0.9747809453125 0.37583876250000003 0.9991856671875
2 0.249887621875 0.628456840625 0.3128338765625 0.7266644953125 0.33204723125 0.7100171015625001 0.2757328984375 0.6198045609375 0.255057003125 0.62772475625 0.249887621875 0.628456840625
2 0.406657165625 0.872862378125 0.4784894140625 0.9851302937499999 0.49655700312500006 0.9742296421875001 0.42665472343750005 0.8598843640625 0.40580863125000005 0.8699780125000001 0.406657165625 0.872862378125