0 0.068512215625 0.194129478125 0 0.2538868078125 0.013423453125000002 0.2865618890625 0.0956074921875 0.2280895765625 0.068403909375 0.1954397390625 0.068512215625 0.194129478125
0 0.15102687343750001 0.4227337140625 0.18143078125 0.400301303125 0.12966368125 0.3387687296875 0.09934853437499999 0.3631921828125 0.15102687343750001 0.4227337140625
0 0.0853648203125 0.4701498375 0.12049592812500001 0.4482899015625 0.0646563515625 0.38261563593750003 0.035620521875 0.40587459218750005 0.0853648203125 0.4701498375
0 0.14523778437499998 0.5423583062499999 0.17571091249999998 0.513970684375 0.12703583125 0.45439739375 0.0953216609375 0.478438925 0.14523778437499998 0.5423583062499999
0 0.1256172640625 0.54718078125 0.076572475 0.48462296406250005 0.047231270312500004 0.5016286640625001 0.09798045625 0.569657165625 0.1256172640625 0.54718078125
0 0.11201547187500001 0.84534690625 0.13626058593749998 0.8169340390625001 0.08295358281250001 0.7562410421875 0.0602605859375 0.778501628125 0.11201547187500001 0.84534690625
0 0.12316775312499999 0.70663029375 0.1742353421875 0.7727882734375 0.19891938125 0.7478118890625 0.150301303125 0.6827157984375 0.120521171875 0.706840390625 0.12316775312499999 0.70663029375
0 0.3768257328125 0.6107939734375 0.33284527656249996 0.5499666125 0.30293159531249997 0.5749185671875 0.349285015625 0.6385065140624999 0.3768257328125 0.6107939734375
0 0.4433851796875 0.55169136875 0.4029356671875 0.4941091203125 0.374592834375 0.5195439734375 0.41936237812500005 0.5748550484375 0.4433851796875 0.55169136875
0 0.6007671015625 0.43907817656250003 0.6310822468749999 0.4187386 0.5744283390625 0.3579755703125 0.5519519546875 0.37894462500000003 0.6007671015625 0.43907817656250003
1 0.2753868078125 0 0 0.24928012968750002 0.00020032499999999998 0.7340171015625 0.0816555375 0.8400252437500001 0.0292744296875 0.8786017921875 0.048859934375000004 0.8992557 0.69503583125 0.37167508125 0.6275537453125 0.3077060265625 0.7309315953125 0.21561156406249998 0.538754071875 0 0.3363118890625 0 0.2753868078125 0