3 0.41244136875 0.6295008140625 0.387570846875 0.5896701953125 0.3088420203125 0.6405228015625 0.3324397390625 0.67987215 0.41244136875 0.6295008140625
1 0 0.8346058624999999 0.11875651406250001 0.7603509765625 0.28105618906249996 0.9991856671875 0.64535830625 0.9991856671875 0.269964984375 0.371555375 0.11449430000000001 0.13055863125 0 0.19679723124999998 0 0.8346058624999999
3 0.124381921875 0.383267915625 0.1583338765625 0.3618118890625 0.1082174265625 0.28054885937499996 0.0735439734375 0.304299675 0.124381921875 0.383267915625
3 0.1950684046875 0.3374723125 0.2290203578125 0.31601628593750003 0.178903909375 0.2347532578125 0.1442312703125 0.258504071875 0.1950684046875 0.3374723125
3 0.2476343640625 0.41955211718749996 0.28158631875 0.398096090625 0.2314698703125 0.3168330625 0.19679723124999998 0.3405838765625 0.2476343640625 0.41955211718749996
3 0.0887337140625 0.4031384359375 0.1226856671875 0.3816824109375 0.07256921875 0.30041938125 0.037895765625 0.3241701953125 0.0887337140625 0.4031384359375
3 0.136968240625 0.49090716562500003 0.17091938125 0.46945114062500004 0.12080293125 0.3881881109375 0.08613029375 0.411938925 0.136968240625 0.49090716562500003
3 0.1746148203125 0.4665830625 0.20856677499999998 0.4451270359375 0.158450325 0.36386400625 0.1237776875 0.3876148203125 0.1746148203125 0.4665830625
3 0.2117426703125 0.442667753125 0.24569381093749998 0.42121172656250006 0.1955773609375 0.3399478828125 0.1609047234375 0.36369951093749997 0.2117426703125 0.442667753125
3 0.158137621875 0.3619340390625 0.1920887625 0.3404780125 0.1419723125 0.259214984375 0.107299675 0.28296579843749997 0.158137621875 0.3619340390625
3 0.517811075 0.2594161234375 0.5517630296875 0.23796009843750002 0.5016465796875 0.15669706875 0.466973940625 0.1804478828125 0.517811075 0.2594161234375
3 0.5938420203125 0.21319136875 0.6277939734375 0.1917353421875 0.577677525 0.1104714984375 0.5430048859375 0.1342231265625 0.5938420203125 0.21319136875
3 0.060645765625 0.5386327359374999 0.09459690625 0.5171767093749999 0.04448045625 0.4359128671875 0.0098078171875 0.4596644953125 0.060645765625 0.5386327359374999
3 0.09969706874999999 0.5150399015625 0.13364902343750001 0.493584690625 0.08353257343750001 0.412320846875 0.048859934375000004 0.436072475 0.09969706874999999 0.5150399015625
3 0.0508379484375 0.42800814374999996 0.0847899015625 0.4065521171875 0.034673453124999996 0.32528908749999996 0 0.3490399015625 0.0508379484375 0.42800814374999996
3 0.6314201953125 0.1890048859375 0.6653721499999999 0.167549675 0.6152557 0.08628583125 0.5805830624999999 0.11003745937500001 0.6314201953125 0.1890048859375
3 0.5581197062500001 0.23381433281250003 0.5920716609375 0.2123591203125 0.5419552125 0.1310952765625 0.5072825734374999 0.15484690625 0.5581197062500001 0.23381433281250003
1 0.5772907171874999 0.377346090625 0.8872825734375 0.8849991859375 0.9711815953125 0.8230977203125001 0.9991856671875 0.8668770359375 0.9991856671875 0.0023591203125 0.313448696875 0 0.5559144953125 0.3948257328125 0.5772907171874999 0.377346090625
3 0.6684837140625 0.165793159375 0.708437296875 0.14284772031249998 0.65510260625 0.05947882812500001 0.616151465625 0.0843811078125 0.6684837140625 0.165793159375
3 0.706984528125 0.140726384375 0.7469381109375 0.11778094531250001 0.6936034203125 0.0344128671875 0.6546522796875001 0.059315146875 0.706984528125 0.140726384375
3 0.7438257328125 0.116312703125 0.7837785015625001 0.0933672640625 0.730444625 0.0099991859375 0.6914934859375 0.0349006515625 0.7438257328125 0.116312703125
3 0.577062703125 0.1063135171875 0.617015471875 0.083368078125 0.5636815953125 0 0.5247296421875001 0.024901465625 0.577062703125 0.1063135171875
3 0.5383338765625 0.1310618890625 0.578287459375 0.10811645 0.52495276875 0.024748371875 0.48600162812500003 0.0496498375 0.5383338765625 0.1310618890625
3 0.4998175890625 0.1551156359375 0.539771171875 0.13217019531250002 0.48643648281249996 0.048801303125 0.4474853421875 0.0737035828125 0.4998175890625 0.1551156359375
3 0.46049511406250004 0.179254071875 0.500448696875 0.15630863125 0.44711400625 0.0729397390625 0.40816286718750006 0.0978420203125 0.46049511406250004 0.179254071875
3 0.8145977203125 0.31324755625 0.8545504890625001 0.2903021171875 0.8012157984374999 0.2069340390625 0.7622646578125 0.23183550468749997 0.8145977203125 0.31324755625
3 0.855578990625 0.2876563515625 0.8955325734375 0.2647109125 0.8421978828125001 0.181342834375 0.8032467421874999 0.2062443 0.855578990625 0.2876563515625
3 0.893157165625 0.26342263906249996 0.9331099343749999 0.24047719843749998 0.879776059375 0.1571091203125 0.8408249187499999 0.1820105859375 0.893157165625 0.26342263906249996
3 0.9328876218750001 0.23894462500000002 0.9728403906249999 0.21599918593749998 0.9195065140625 0.1326311078125 0.8805553749999999 0.1575333875 0.9328876218750001 0.23894462500000002
3 0.8699250812500001 0.3944478828125 0.9098786640625001 0.371501628125 0.8565439734375 0.28813355 0.817592834375 0.31303583125 0.8699250812500001 0.3944478828125
3 0.9084258953125 0.3717296421875 0.9483786640625 0.3487842015625 0.8950447875 0.2654161234375 0.8560936484375 0.2903175890625 0.9084258953125 0.3717296421875
3 0.94880293125 0.3474381109375 0.9887565140625 0.3244926703125 0.9354218234375 0.24112377812500002 0.8964706843749999 0.266026059375 0.94880293125 0.3474381109375
3 0.6171270359375 0.08339983749999999 0.6549698703125 0.0565105859375 0.617667753125 0.000933225 0.5618892515625 0 0.6171270359375 0.08339983749999999
3 0.6176465796875 0 0.6549169375 0.060051303125 0.6935765468749999 0.0335643328125 0.671055375 0.00011156406250000001 0.6202443 0 0.6176465796875 0
3 0.785809446875 0.090923453125 0.824299675 0.0673412046875 0.78178583125 0.0010073296875 0.7546091203125 0 0.7353216609375 0.0096644953125 0.785809446875 0.090923453125
3 0.9741612375 0.21624837187499998 0.9991856671875 0.20004723124999998 0.9991856671875 0.1739201953125 0.959379478125 0.10955863125000001 0.9215529312499999 0.1316506515625 0.9741612375 0.21624837187499998
3 0.9877174265625 0.3272280125 0.9991856671875 0.318512215625 0.9991856671875 0.2597646578125 0.9736571656249999 0.2181783390625 0.9378395765624999 0.24022801249999998 0.9877174265625 0.3272280125
3 0.9838526062499999 0.5751962546875 0.9991856671875 0.56044706875 0.9991856671875 0.513066775 0.9685993484375001 0.467938925 0.92943078125 0.49609609062500004 0.9838526062499999 0.5751962546875
2 0.9191034203124999 0.5226091203125 0.9579429968750001 0.5882809453125 0.9673745921875 0.598322475 0.9790171015625001 0.61101954375 0.9896205218749999 0.6199527687499999 0.9991856671875 0.6213737781249999 0.9991001625000001 0.5627589578125 0.9855171015625 0.5776083062499999 0.9348965796875 0.5056604234375001 0.92642508125 0.50939739375 0.9188379484375 0.51845846875 0.9191034203124999 0.5226091203125
3 0.7752271984375 0.5093395765625 0.7503574921875 0.46950814375 0.6716278499999999 0.5203615640625 0.6952255703125 0.5597100984375001 0.7752271984375 0.5093395765625
3 0.846714984375 0.6265798046875 0.8218444625 0.586748371875 0.7431156359375 0.6376017921875 0.766712540625 0.6769511406250001 0.846714984375 0.6265798046875
3 0.8717223125 0.664173453125 0.84685260625 0.6243428343749999 0.7681229640625 0.6751962546875 0.791720684375 0.7145447875000001 0.8717223125 0.664173453125
3 0.8967565140625 0.7037825734375 0.8718868078125 0.6639511406249999 0.793157165625 0.7148045609375 0.8167548859375 0.7541530937500001 0.8967565140625 0.7037825734375
3 0.9206620515624999 0.741779315625 0.8957923453125 0.7019478828125 0.817062703125 0.752801303125 0.8406604234374999 0.7921498375 0.9206620515624999 0.741779315625
3 0.945951140625 0.7806245921875 0.9210806187499999 0.740793159375 0.8423517921875 0.7916465796875001 0.8659486968750001 0.8309951140624999 0.945951140625 0.7806245921875
3 0.96829153125 0.823726384375 0.9434218234375 0.783895765625 0.8646921828125 0.8347491859374999 0.8882899015625 0.8740977203125 0.96829153125 0.823726384375
3 0.79761645 0.5489478828125 0.772745928125 0.5091164499999999 0.6940171015625001 0.5599698703125 0.71761400625 0.59931921875 0.79761645 0.5489478828125
3 0.8227084687499999 0.5853387624999999 0.7978387625 0.5455073296874999 0.7191091203125 0.5963607484375 0.742706840625 0.6357092828125 0.8227084687499999 0.5853387624999999
3 0.751470684375 0.47023941406249997 0.7266009765625 0.43040879531250004 0.6478713359375 0.481262215625 0.6714690546875001 0.5206107484375 0.751470684375 0.47023941406249997
3 0.29158469062500003 0.840198696875 0.26671498437499996 0.8003680781250001 0.18798534218750002 0.8512206843750001 0.2115830625 0.8905700328125 0.29158469062500003 0.840198696875
3 0.26567019531249997 0.806390065625 0.2408004890625 0.766559446875 0.162070846875 0.8174128671875 0.1856685671875 0.8567614000000001 0.26567019531249997 0.806390065625
3 0.23886563593750001 0.7647565140625 0.2139951140625 0.72492508125 0.1352662859375 0.7757785015625001 0.15886400625 0.81512785 0.23886563593750001 0.7647565140625
3 0.37009609062500004 0.9496294781250001 0.345226384375 0.9097980453125001 0.2664967421875 0.960651465625 0.29009446250000004 0.9991856671875 0.37009609062500004 0.9496294781250001
3 0.3452312703125 0.9150684046875 0.3203615640625 0.8752377843750001 0.241631921875 0.9260912046875 0.2652296421875 0.9654397390625 0.3452312703125 0.9150684046875
3 0.3206156359375 0.880194625 0.295745928125 0.8403631921875 0.2170162859375 0.8912166125000001 0.24061400625 0.930565146875 0.3206156359375 0.880194625
3 0.5631978828124999 0.8675659609374999 0.5383273609375 0.8277345281249999 0.459598534375 0.8785879484375 0.48319625468750005 0.917937296875 0.5631978828124999 0.8675659609374999
3 0.537473940625 0.8277980453125 0.512604234375 0.7879674265625 0.43387459218749996 0.8388208468749999 0.45747231250000003 0.87816938125 0.537473940625 0.8277980453125
3 0.512842834375 0.7888786640625 0.4879723125 0.7490480453125 0.40924348593750004 0.799901465625 0.4328412046875 0.83925 0.512842834375 0.7888786640625
3 0.45507166093749996 0.7120635171874999 0.4659022796875 0.7092434859375001 0.44103175937500005 0.6694120515625 0.36230293125 0.720265471875 0.3858998375 0.75961400625 0.45507166093749996 0.7120635171874999
3 0.49107410468749996 0.750834690625 0.466204396875 0.7110032578125 0.38747475625 0.761856678125 0.411072475 0.8012052125 0.49107410468749996 0.750834690625
3 0.4406661234375 0.6725659609375 0.41579641718750004 0.6327353421875 0.337066775 0.6835887625 0.3606644953125 0.722937296875 0.4406661234375 0.6725659609375
3 0.6132296421875 0.9492646578124999 0.5883591203125 0.9094332250000001 0.50963029375 0.9602866453125 0.5332271984375 0.9991856671875 0.6132296421875 0.9492646578124999
3 0.58965309375 0.908690553125 0.5647825734375 0.8688599343750001 0.48605374531249995 0.9197133546874999 0.509651465625 0.9590618890625 0.58965309375 0.908690553125
3 0.9991856671875 0.17104153125 0.9991856671875 0.0851441375 0.96226954375 0.109934853125 0.9991856671875 0.17104153125
3 0.0159047234375 0.45629153125000005 0.0510439734375 0.43352035781250003 0.0006205218749999999 0.34987133593749997 0 0.42877524375 0.0159047234375 0.45629153125000005
3 0 0.5316856671875 0.020045603125 0.5635643328125 0.056918567187500005 0.538948696875 0.0112557 0.4617410421875 0.0000268734375 0.4688241046875 0 0.5316856671875
3 0.38483061875 0.9991856671875 0.40130781718749997 0.9937874593749999 0.371921009375 0.951809446875 0.3021351796875 0.9991856671875 0.38483061875 0.9991856671875
2 0.0029421828125000002 0.7420228015625 0.09291693749999999 0.682517915625 0.0831718234375 0.6647198703125 0 0.7144283390624999 0.0029421828125000002 0.7420228015625
2 0.3556661234375 0.51660830625 0.34811645 0.5232027687499999 0.32033061875 0.5392939734375 0.2931327359375 0.563893321875 0.2807223125 0.5846441375 0.27689413749999997 0.5991758953125 0.2844226390625 0.614184853125 0.29400244375 0.6311449515625001 0.302718240625 0.6440114 0.3948501625 0.5825073296875 0.3556661234375 0.51660830625
2 0.4761563515625 0.26200732968749996 0.48782003281249997 0.2620228015625 0.492740228125 0.2550675890625 0.4977605859375 0.24279967500000002 0.4981001625 0.23474104218749997 0.42519706875 0.1260464171875 0.4126001625 0.1270219875 0.40198615625 0.12993241093750002 0.39495114062500003 0.1357223125 0.4761563515625 0.26200732968749996
2 0.7689446249999999 0.236728828125 0.74916938125 0.2517646578125 0.8322785015624999 0.39199267031249996 0.855048859375 0.3786644953125 0.7689446249999999 0.236728828125
0 0 0.4264535828125 0.043240228125 0.4875285015625 0.0693241046875 0.4640105859375 0.018206026562499998 0.39263436406249996 0 0.40445195468749995 0 0.408200325 0 0.4264535828125
0 0.4126799671875 0.6236425078125001 0.39725244375 0.594171009375 0.3285 0.6314625406250001 0.34581514687500003 0.6610830625 0.4126799671875 0.6236425078125001
0 0.503126221875 0.7817646578125 0.482179153125 0.752218240625 0.41321009843749995 0.7980244296875 0.434151465625 0.82770846875 0.503126221875 0.7817646578125
0 0.5361441375 0.8210073296875 0.5171490234375 0.7899079796875 0.44808387656250004 0.8337312703125 0.464890065625 0.864846090625 0.5361441375 0.8210073296875
0 0.5892882734375 0.8978118890625 0.5687923453125 0.8658061890625 0.4994144953125 0.910801303125 0.51936970625 0.9395570031249999 0.5892882734375 0.8978118890625
0 0.5640309453125 0.8625081437500001 0.5441710093750001 0.830295603125 0.47589169375000007 0.8712825734375 0.4981001625 0.901305375 0.5640309453125 0.8625081437500001
0 0.6154519546875 0.9363656359375 0.5953688921875 0.90544136875 0.5312459281249999 0.94858061875 0.5538941375 0.9787785015624999 0.6154519546875 0.9363656359375
0 0.9633241046875 0.818223940625 0.9396522796875001 0.78142508125 0.8562467421875001 0.8408192187499999 0.8812548859374999 0.8714942999999999 0.9633241046875 0.818223940625
0 0.4656270359375 0.702171009375 0.4477980453125 0.672057003125 0.36649755625 0.7206840390625 0.38448534218749997 0.7552988593750001 0.4656270359375 0.702171009375
0 0.4883452765625 0.7443241046875 0.4662532578125 0.706915309375 0.3862825734375 0.7601172640625 0.40832166093750005 0.7891392515625 0.4883452765625 0.7443241046875
0 0.4391506515625 0.66357491875 0.4222019546875 0.6331490234375 0.3531001625 0.6744112375 0.370462540625 0.7039047234375 0.4391506515625 0.66357491875
0 0.31303583125 0.8750781765625 0.294903909375 0.8464812703125 0.22142833906249998 0.8930830625 0.2390032578125 0.92098045625 0.31303583125 0.8750781765625
0 0.2883990234375 0.8338843640625001 0.2702671015625 0.8052874593749999 0.19679153124999998 0.8518892515625 0.21436645 0.8797866453125 0.2883990234375 0.8338843640625001
0 0.2626115640625 0.797165309375 0.2444796421875 0.7685684046875 0.171004071875 0.8151701953125 0.1885798046875 0.8430667749999999 0.2626115640625 0.797165309375
0 0.229995928125 0.76066368125 0.2122035828125 0.7309006515625 0.1408965796875 0.7720464171875 0.16140879531250002 0.8082833875000001 0.229995928125 0.76066368125
0 0.36096742656249997 0.955504071875 0.33846254062500003 0.919023615625 0.2725684046875 0.9639283390625 0.295720684375 0.9944397390624999 0.36096742656249997 0.955504071875
0 0.335732084375 0.9170618890625001 0.31430293125 0.8858884359375001 0.24866856718750002 0.9240602609374999 0.263295603125 0.962179153125 0.335732084375 0.9170618890625001
0 0.86645276875 0.29461237812499996 0.9126986968749999 0.3687980453125 0.9500488593749999 0.348667753125 0.8985008140625 0.2733477203125 0.86645276875 0.29461237812499996