1 0.00234690625 0.9991856671875 0.9991856671875 0.9991856671875 0.9991856671875 0.0008143328125 0.0016465796875 0.0008143328125 0.00234690625 0.9991856671875
2 0.29296875 0.0328125 0.11015625 0.065625
2 0.77421875 0.03203125 0.0453125 0.0640625
2 0.81953125 0.03125 0.0421875 0.0625
2 0 0.6745806187500001 0.28488355 0.67864739375 0.28461319218750003 0.73723615625 0.2899894140625 0.74616938125 0.2938379484375 0.7506327359375 0.40240553749999997 0.753045603125 0.410145765625 0.7461156359375 0.4135171015625 0.741779315625 0.4134381109375 0.6873257328125 0.9268648203125001 0.6905439734375001 0.9227345281250001 0.7431473937499999 0.9329934859375 0.7490480453125 0.9469633546875 0.752287459375 0.9576148203124999 0.7453843640625 0.959326546875 0.6745700328125 0.99869136875 0.6755879484375 0.9991213359375 0.527444625 0.9910097718750001 0.5266172640625 0.980687296875 0.5242426703125 0.9732011406250001 0.5253029312499999 0.965184853125 0.5292573296875 0.96459690625 0.59791938125 0.2506245921875 0.59588355 0.2491188921875 0.5293216609375 0.1632109125 0.5281864828125 0.15859364843749998 0.5868118890625 0.000434853125 0.5864780125 0 0.6745806187500001
2 0.94921875 0.296875 0.03671875 0.159375
2 0.21071416874999999 0.3112964171875 0.2349633546875 0.29300570000000004 0.2074161234375 0.275356678125 0.18165553750000002 0.2939226390625 0.21071416874999999 0.3112964171875
2 0.163815146875 0.9985643328125 0.18386645 0.9780154718749999 0.1610480453125 0.9602809453125 0.1427467421875 0.9799291531250001 0.163815146875 0.9985643328125
2 0.072240228125 0.31325244375 0.0917133546875 0.297104234375 0.0716938109375 0.2765333875 0.0503925078125 0.2946547234375 0.072240228125 0.31325244375
2 0.62025 0.314933225 0.64164739375 0.29571009843749996 0.6197833875 0.27718566718750004 0.5996425078125001 0.29499918593749996 0.62025 0.314933225
2 0.48186644999999995 0.316295603125 0.5044934859375 0.294251628125 0.48341449531249997 0.27524511406249996 0.46175732968750005 0.293218240625 0.48186644999999995 0.316295603125
2 0.7579812703125001 0.31663029374999996 0.7816262218750001 0.2960700328125 0.75705293125 0.27636400625 0.7359210093749999 0.294198696875 0.7579812703125001 0.31663029374999996
2 0.7567565140625 0.9991856671875 0.777427525 0.9801514656249999 0.75688355 0.9581710093750001 0.7339698703125 0.9769600984375 0.7567565140625 0.9991856671875
2 0.5300635171875 0.9991856671875 0.5521815953125 0.9817687296875001 0.5284837140625 0.9579006515625 0.507012215625 0.9756718234375 0.5300635171875 0.9991856671875
2 0.3910228015625 0.9985113999999999 0.413104234375 0.9785504890625001 0.3892890875 0.9586644953125001 0.3702614 0.9815301296875001 0.3910228015625 0.9985113999999999
2 0.25013680781250003 0.9989299671874999 0.2764910421875 0.9791229640625 0.25374755625 0.9606579796875 0.231390065625 0.9770871328125 0.25013680781250003 0.9989299671874999
2 0.8942703578125 0.9991856671875 0.9152328984375 0.9786408796874999 0.8934063515625 0.9599258953125 0.8731490234375 0.9791441375 0.8942703578125 0.9991856671875
2 0.11264413749999999 0.9987443 0.13856921875 0.9844193812500001 0.1233851796875 0.9586644953125001 0.09924104218749999 0.968557003125 0.11264413749999999 0.9987443
2 0.0255325734375 0.9991856671875 0.0450537453125 0.9781425078125 0.025644137500000004 0.9600586312500001 0.0034780125 0.9832157984375 0.0255325734375 0.9991856671875
3 0.1390625 0.24765625 0.04609375 0.09375
3 0.27578125 0.25 0.04609375 0.09375
3 0.2765625 0.34296875 0.04609375 0.09375
3 0.32109375 0.34296875 0.04609375 0.09375
3 0.3671875 0.3421875 0.04609375 0.09375
3 0.13984375 0.34375 0.04609375 0.09375
3 0.55078125 0.24765625 0.04609375 0.09375
3 0.4140625 0.3421875 0.04609375 0.09375
3 0.41328125 0.246875 0.04609375 0.09375
3 0.3671875 0.2484375 0.04609375 0.09375
3 0.32421875 0.25 0.04609375 0.09375
3 0.825 0.24921875 0.04609375 0.09375
3 0.6875 0.34375 0.04609375 0.09375
3 0.68828125 0.246875 0.04609375 0.09375
3 0.5515625 0.3421875 0.04609375 0.09375
3 0.871875 0.25 0.04609375 0.09375
3 0.87265625 0.34296875 0.04609375 0.09375
3 0.825 0.34453125 0.04609375 0.09375
3 0.0708037453125 0.2744397390625 0.09255048906249999 0.297035015625 0.11712377812500001 0.2938754078125 0.11641856718750002 0.20237947812499998 0.0702198703125 0.20218322500000002 0.0708037453125 0.2744397390625
3 0.7578436484375 0.27407329062499997 0.779590390625 0.29666938125 0.80416368125 0.293509771875 0.80345846875 0.20201384375 0.757259771875 0.20181758906249997 0.7578436484375 0.27407329062499997
3 0.48372149843749995 0.2730447875 0.5054690546875 0.29564087968749997 0.5300423453125 0.29248127031250004 0.5293371328124999 0.2009853421875 0.4831384359375 0.20078908750000002 0.48372149843749995 0.2730447875
3 0.2067109125 0.272048859375 0.22845846875000003 0.2946441375 0.253031759375 0.291484528125 0.252326546875 0.19998860000000002 0.20612784999999997 0.1997923453125 0.2067109125 0.272048859375
3 0.0251824109375 0.29713599375 0.049024429687499996 0.2954869703125 0.070061075 0.2777744296875 0.0699657984375 0.20266042343750001 0.026417753125 0.20220439687499997 0.0251824109375 0.29713599375
3 0.7115171015625 0.2954714984375 0.7353591203125001 0.29382247499999997 0.756395765625 0.2761091203125 0.7563004890625 0.200995928125 0.71275244375 0.2005399015625 0.7115171015625 0.2954714984375
3 0.574687296875 0.29486645 0.5985285015625 0.293218240625 0.6195659609375 0.2755048859375 0.619470684375 0.20039169375000002 0.5759226390625 0.1999356671875 0.574687296875 0.29486645
3 0.43702524374999996 0.2958477203125 0.46086645 0.294198696875 0.48190309375 0.27648615625 0.48180781718750004 0.20137215 0.43826058593750006 0.2009161234375 0.43702524374999996 0.2958477203125
3 0.16034283437500002 0.29421987031249996 0.1841840390625 0.292570846875 0.20522149843749998 0.27485830624999996 0.205126221875 0.1997443 0.1615781765625 0.19928908750000002 0.16034283437500002 0.29421987031249996
3 0.024848534375000002 0.39012703593750003 0.0706815953125 0.39011074843750004 0.070893321875 0.3181465796875 0.0515952765625 0.2962557 0.025156351562500002 0.29468078124999997 0.024848534375000002 0.39012703593750003
3 0.7106587953125 0.39137215 0.7564910421875 0.391356678125 0.7567035828125 0.3193925078125 0.7374055375 0.297501628125 0.7109657984375 0.295926709375 0.7106587953125 0.39137215
3 0.572201140625 0.38970276875 0.6180333874999999 0.3896864828125 0.618245928125 0.3177223125 0.5989478828125 0.2958314328125 0.57250814375 0.2942573296875 0.572201140625 0.38970276875
3 0.4322907171875 0.3890716609375 0.4781229640625 0.389055375 0.4783355046875 0.31709120468749996 0.459037459375 0.295201140625 0.43259772031250004 0.293626221875 0.4322907171875 0.3890716609375
3 0.16202850156249998 0.390927525 0.20786156406249998 0.3909112375 0.20807329062500002 0.31894706875 0.18877524375000002 0.2970561890625 0.16233631875 0.295482084375 0.16202850156249998 0.390927525
3 0.62192508125 0.27155537500000004 0.6429511406249999 0.295926709375 0.6652605859375 0.2945912046875 0.666787459375 0.199543159375 0.6200057 0.20015797968750002 0.62192508125 0.27155537500000004
3 0.0707614 0.3897133546875 0.11761726406249999 0.387582246875 0.11691693750000001 0.29563517968749997 0.0891579796875 0.29661645000000003 0.070548859375 0.3178387625 0.0707614 0.3897133546875
3 0.7568412046875 0.39215716562499997 0.80369706875 0.390026059375 0.80299755625 0.2980798046875 0.775237784375 0.29906026093750004 0.756629478125 0.3202825734375 0.7568412046875 0.39215716562499997
3 0.6217711718750001 0.39139413749999996 0.6686270359375001 0.38926221562499996 0.667927525 0.2973159609375 0.640167753125 0.29829723124999996 0.621559446875 0.31951954374999997 0.6217711718750001 0.39139413749999996
3 0.4815008140625 0.38953257343750003 0.528356678125 0.387401465625 0.5276563515625 0.2954552125 0.49989739375 0.29643566718750003 0.4812882734375 0.31765879531249996 0.4815008140625 0.38953257343750003
3 0.2065521171875 0.3906465796875 0.2534079796875 0.3885146578125 0.25270846874999997 0.2965684046875 0.224948696875 0.297549675 0.20633957656250002 0.3187719875 0.2065521171875 0.3906465796875
3 0.98515625 0.2515625 0.0296875 0.090625
3 0.9828125 0.334375 0.028125 0.0765625
3 0.4125 0.0390625 0.04375 0.078125
3 0.16484375 0.0390625 0.0453125 0.078125
3 0.2125 0.0390625 0.04375 0.078125
3 0.9484375 0.0390625 0.04375 0.078125
3 0.89921875 0.0390625 0.0453125 0.078125
3 0.73203125 0.0390625 0.0453125 0.078125
3 0.6890625 0.0390625 0.04375 0.078125
3 0.6421875 0.0390625 0.04375 0.078125
3 0.45703125 0.0390625 0.0453125 0.078125
3 0.36640625 0.0390625 0.0453125 0.078125
3 0.02734375 0.0390625 0.0453125 0.078125
3 0.07421875 0.0390625 0.0453125 0.078125
3 0.1203125 0.040625 0.04453125 0.07890625
3 0.5953125 0.0390625 0.04375 0.078125
3 0.55 0.0390625 0.04375 0.078125
3 0.5046875 0.0390625 0.04375 0.078125
3 0.86015625 0.0390625 0.0328125 0.078125
3 0.9859375 0.03984375 0.028125 0.0796875
3 0.4421875 0.5515625 0.04453125 0.07890625
3 0.27265625 0.55390625 0.04140625 0.07890625
3 0.315625 0.553125 0.04453125 0.07890625
3 0.35703125 0.553125 0.04453125 0.07890625
3 0.4 0.55234375 0.04453125 0.07890625
3 0.69140625 0.55390625 0.04453125 0.07890625
3 0.65078125 0.553125 0.04453125 0.07890625
3 0.609375 0.55234375 0.04453125 0.07890625
3 0.56796875 0.55234375 0.04453125 0.07890625
3 0.5265625 0.553125 0.04453125 0.07890625
3 0.48359375 0.553125 0.04453125 0.07890625
3 0.85625 0.5546875 0.0421875 0.078125
3 0.81484375 0.5546875 0.04453125 0.07890625
3 0.7734375 0.553125 0.04453125 0.07890625
3 0.7328125 0.5546875 0.0421875 0.07734375
3 0.015625 0.54375 0.03125 0.078125
3 0.05234375 0.54453125 0.04453125 0.07890625
3 0.09375 0.54609375 0.04140625 0.0796875
3 0.1359375 0.54453125 0.04453125 0.07890625
3 0.8984375 0.55390625 0.0421875 0.07890625
3 0.94140625 0.5546875 0.040625 0.07890625
3 0.728125 0.73125 0.04453125 0.07890625
3 0.68671875 0.73125 0.04453125 0.07890625
3 0.64609375 0.73046875 0.04453125 0.07890625
3 0.6046875 0.7296875 0.04453125 0.07890625
3 0.56328125 0.7296875 0.04453125 0.07890625
3 0.5203125 0.7296875 0.04453125 0.07890625
3 0.4796875 0.72890625 0.04453125 0.07890625
3 0.1765625 0.72265625 0.04453125 0.07890625
3 0.21953125 0.72265625 0.04453125 0.07890625
3 0.81171875 0.73046875 0.04453125 0.07890625
3 0.85390625 0.73046875 0.04453125 0.07890625
3 0.89765625 0.7296875 0.04453125 0.07890625
3 0.7703125 0.73125 0.04453125 0.07890625
3 0.98046875 0.7203125 0.0390625 0.08203125
3 0.4390625 0.72890625 0.0390625 0.07734375
3 0.26015625 0.72109375 0.0390625 0.078125
3 0.01640625 0.7234375 0.0328125 0.08203125
3 0.053125 0.71953125 0.04453125 0.07890625
3 0.09375 0.72109375 0.04453125 0.07890625
3 0.1359375 0.72109375 0.04453125 0.07890625
3 0.68828125 0.9328125 0.04453125 0.0921875
3 0.024504071875 0.9575504890625 0.050853420312499995 0.9837459281250001 0.06885260625 0.984626221875 0.06997068437500001 0.8898754078125 0.024429967187500002 0.8889796421874999 0.024504071875 0.9575504890625
3 0.8958607484375 0.9599144953125001 0.9222100984375 0.986109934375 0.9402092828124999 0.9869894140625 0.9413281765624999 0.8922386 0.8957866453125 0.8913428343750001 0.8958607484375 0.9599144953125001
3 0.75718078125 0.9584617265625001 0.783529315625 0.9846571656249999 0.8015285015625 0.9855374593749999 0.80264739375 0.89078583125 0.757106678125 0.889890065625 0.75718078125 0.9584617265625001
3 0.5285260593750001 0.9574861562500001 0.5548754078125 0.9836815953125001 0.5728745921875 0.9845618890625 0.5739926703125 0.8898110750000001 0.5284519546875 0.8889144953124999 0.5285260593750001 0.9574861562500001
3 0.2526604234375 0.9522744296875001 0.279009771875 0.9784698703125001 0.29700895781250003 0.9793501625 0.2981270359375 0.8845993484375001 0.25258631875000004 0.8837035828124999 0.2526604234375 0.9522744296875001
3 0.16109609062500002 0.9515537453125 0.187444625 0.9777491859375 0.2054438109375 0.978629478125 0.206562703125 0.88387785 0.161021171875 0.8829820843749999 0.16109609062500002 0.9515537453125
3 0.39039739375 0.9540504890625 0.416745928125 0.980245928125 0.4347451140625 0.9811262218750001 0.43586400625 0.8863754078125 0.390322475 0.885478828125 0.39039739375 0.9540504890625
3 0.0678607484375 0.9833648203124999 0.09025 0.9828607484375 0.1151148203125 0.9575561890625 0.11469543906249999 0.8875586312499999 0.06921824062500001 0.8889796421874999 0.0678607484375 0.9833648203124999
3 0.1176701953125 0.9571001625 0.140673453125 0.9757092828125 0.1605439734375 0.958293159375 0.1614934859375 0.8872825734375 0.1173574921875 0.8878876218749999 0.1176701953125 0.9571001625
3 0.2072092828125 0.9796425078125001 0.22684690624999998 0.9797858312500001 0.2537899015625 0.958759771875 0.2530895765625 0.883698696875 0.2076547234375 0.8862646578125 0.2072092828125 0.9796425078125001
3 0.8471066781250001 0.981873778125 0.8667443 0.9820171015625 0.893687296875 0.9609902281249999 0.892987784375 0.8859299671875001 0.8471066781250001 0.8850032578125001 0.8471066781250001 0.981873778125
3 0.7096726390625 0.982393321875 0.729309446875 0.9825366453125 0.75625244375 0.9615097718750001 0.75555293125 0.8864495109374999 0.711098534375 0.8864771984375001 0.7096726390625 0.982393321875
3 0.480328990625 0.9814600984374999 0.4999657984375 0.9816034203124999 0.5269087953125 0.9605773609374999 0.5262092828125 0.8855162859375 0.4803501625 0.8858884359375001 0.480328990625 0.9814600984374999
3 0.3424967421875 0.9787353421875 0.3621343640625 0.9788786640625 0.38907654687500004 0.9578517921874999 0.3883770359375 0.88279153125 0.344315146875 0.8836726390624999 0.3424967421875 0.9787353421875
3 0.4578125 0.9328125 0.04453125 0.0921875
3 0.596875 0.93515625 0.0421875 0.0953125
3 0.64140625 0.93671875 0.04453125 0.10078125
3 0.96328125 0.9375 0.04296875 0.09453125
3 0 0.9797117265624999 0.0064837140625 0.9800879484375 0.023937296875 0.96399755625 0.025437296874999998 0.8892394140625001 0.00053583125 0.888454396875 0 0.9797117265624999
0 0.59765625 0.0390625 0.03828125 0.07734375
0 0.946875 0.04453125 0.0375 0.0890625
0 0.98671875 0.0359375 0.0265625 0.06953125
0 0.27578125 0.25625 0.03515625 0.08671875
0 0.4125 0.24609375 0.03984375 0.1078125
0 0.55078125 0.24375 0.03203125 0.0828125
0 0.875 0.25546875 0.03984375 0.090625
0 0.9859375 0.24921875 0.025 0.0828125
0 0.87421875 0.34765625 0.03828125 0.08671875
0 0.77890625 0.34375 0.04375 0.103125
0 0.68984375 0.34609375 0.0390625 0.08359375
0 0.6421875 0.3484375 0.04140625 0.08359375
0 0.59296875 0.34765625 0.03984375 0.08203125
0 0.4984375 0.34296875 0.0375 0.08984375
0 0.409375 0.34296875 0.0390625 0.084375
0 0.3234375 0.3484375 0.03359375 0.0859375
0 0.43984375 0.54921875 0.0421875 0.09765625
0 0.56640625 0.55 0.03984375 0.08671875
0 0.6875 0.54375 0.0390625 0.0859375
0 0.77109375 0.55703125 0.0359375 0.0828125
0 0.9 0.55625 0.04375 0.084375
0 0.93828125 0.55859375 0.03828125 0.07890625
0 0.68671875 0.72734375 0.0375 0.0765625
0 0.32109375 0.92578125 0.04140625 0.09765625
0 0.4546875 0.92890625 0.040625 0.10078125
0 0.59453125 0.93046875 0.0390625 0.08046875
0 0.825 0.93359375 0.0375 0.09140625
0 0.8734375 0.9296875 0.03359375 0.08125
0 0.91875 0.9328125 0.03515625 0.08046875
0 0.9703125 0.93515625 0.0375 0.078125