0 0.571875 0.0328125 0.03125 0.065625
0 0.03984375 0.546875 0.07421875 0.03984375
0 0.94921875 0.715625 0.0296875 0.0828125
0 0.7 0.25 0.03203125 0.08359375
0 0.36484375 0.95078125 0.03359375 0.075
0 0.684375 0.7140625 0.0375 0.08125
0 0.6515625 0.03359375 0.03515625 0.06640625
0 0.81953125 0.03359375 0.03671875 0.06484375
0 0.64140625 0.9359375 0.03984375 0.08125
0 0.825 0.71328125 0.0375 0.07265625
0 0.734375 0.940625 0.03671875 0.07109375
0 0.6921875 0.41796875 0.040625 0.07734375
0 0.903125 0.92421875 0.03984375 0.09453125
0 0.98515625 0.95078125 0.0296875 0.0953125
1 0.3499356671875 0 0.35012215 0.1315203578125 0.1137426703125 0.1213273609375 0.11658306249999999 0.46164739375 0.0012312703124999999 0.4662548859375 0 0.9991856671875 0.9991856671875 0.9991856671875 0.9969755703125 0.00116368125 0.9971522796875 0 0.3499356671875 0