0 0.8234375 0.8453125 0.03203125 0.08359375
0 0.45859375 0.13359375 0.03515625 0.08671875
0 0.77734375 0.75625 0.0296875 0.07890625
0 0.53984375 0.0453125 0.0734375 0.03828125
0 0.9140625 0.84453125 0.03203125 0.08359375
0 0.91328125 0.7390625 0.03984375 0.0875
0 0.0890625 0.21953125 0.03359375 0.0625
0 0.865625 0.45078125 0.03359375 0.0765625
0 0.2125 0.734375 0.0421875 0.1
0 0.025 0.1234375 0.04296875 0.0796875
0 0.3625 0.84453125 0.0375 0.07421875
0 0.01015625 0.221875 0.01953125 0.08125
0 0.990625 0.853125 0.01875 0.0640625
1 0.9991856671875 0.9991856671875 0.9991856671875 0.0014258953125 0.002326546875 0.002326546875 0.00153583125 0.9991856671875 0.9991856671875 0.9991856671875