0 0.8234375 0.34609375 0.03203125 0.08359375
0 0.77734375 0.25703125 0.0296875 0.0796875
0 0.91328125 0.24296875 0.0359375 0.09609375
0 0.9140625 0.34375 0.04296875 0.075
0 0.21328125 0.2375 0.04140625 0.0984375
0 0.8203125 0.925 0.04140625 0.09375
0 0.36328125 0.34453125 0.03671875 0.0734375
0 0.990625 0.34765625 0.01875 0.07265625
1 0 0.9991856671875 0.9991856671875 0.998092834375 0.9981384359375 0.002326546875 0.000754071875 0.00070276875 0 0.9991856671875
0 0.95703125 0.9296875 0.0390625 0.09296875
0 0.94296875 0.55078125 0.04453125 0.09375