2 0.35313192187500003 0.10583631874999999 0.3316229640625 0.108572475 0.31371416875 0.11857654687500001 0.2989226390625 0.13527117187499998 0.28809690625 0.146129478125 0.2848200328125 0.235562703125 0.28761970625 0.2452646578125 0.294718240625 0.25761726406249996 0.30591042343749997 0.26375162812499997 0.3170114 0.2696995109375 0.331548859375 0.2680407171875 0.3424226390625 0.256206840625 0.3457092828125 0.1737296421875 0.358316775 0.17278583125 0.368082246875 0.1750228015625 0.37293892500000003 0.1708558625 0.370346090625 0.12880863125 0.37232899062499997 0.12293485312500001 0.369572475 0.118470684375 0.364557003125 0.10637785 0.35313192187500003 0.10583631874999999
2 0.289840390625 0.548523615625 0.296987784375 0.556592834375 0.3040700328125 0.56323045625 0.3104910421875 0.5628436484375 0.31545846875 0.563543159375 0.3197052125 0.5572451140625 0.3190366453125 0.4181726390625 0.3120285015625 0.4107231265625 0.3052947875 0.4072296421875 0.2963355046875 0.4111954390625 0.2890879484375 0.4193811078125 0.289840390625 0.548523615625
2 0.2870521171875 0.85230293125 0.29019055312500003 0.8657899015625 0.3012923453125 0.8766107484375001 0.3120228015625 0.8767907171875 0.3181254078125 0.8700895765625001 0.32059527656250003 0.73538029375 0.317982084375 0.726409609375 0.31088843593750004 0.7188656359375 0.300645765625 0.71971416875 0.2890879484375 0.7261131921875 0.2870521171875 0.85230293125
2 0.364434853125 0.8156685671874999 0.3887166125 0.7935977203125 0.3655268734375 0.7760276875 0.3460276875 0.795728828125 0.343907165625 0.7954527687499999 0.3555439734375 0.80537215 0.364434853125 0.8156685671874999
2 0.47965553749999995 0.789854234375 0.503126221875 0.8184837140625 0.525143321875 0.7952467421875 0.506126221875 0.774734528125 0.4858851796875 0.7926164499999999 0.47965553749999995 0.789854234375
2 0.7370928343750001 0.874543159375 0.8024144953125001 0.87583631875 0.8028273609375001 0.71599755625 0.7360586312499999 0.7131929968749999 0.7370928343750001 0.874543159375
2 0.9524666125 0.7949600984375 0.9335187296875 0.774373778125 0.9147662859375 0.7953314328125 0.93280293125 0.81739169375 0.9524666125 0.7949600984375
2 0.5227947875 0.48949022812500004 0.50546416875 0.46526710156249995 0.48655781718749996 0.48257166093750004 0.48452768749999997 0.4831701953125 0.502887621875 0.5086392515625 0.5227947875 0.48949022812500004
2 0.62111400625 0.485545603125 0.6400887625 0.506566775 0.659805375 0.4860276875 0.6394576546875 0.46591368125 0.6219519546875001 0.4850895765625 0.62111400625 0.485545603125
2 0.7796066781250001 0.506651465625 0.7978868078125 0.4877190546875 0.7789381109375 0.46256840468749993 0.7566978828125001 0.48416693750000006 0.7796066781250001 0.506651465625
2 0.7913338765625 0.097326546875 0.7624079796875 0.096801303125 0.760950325 0.266820846875 0.793973940625 0.26601547187499996 0.7913338765625 0.097326546875
3 0.39921875 0.134375 0.04140625 0.08359375
3 0.44140625 0.1328125 0.0421875 0.0890625
3 0.4828125 0.134375 0.04296875 0.084375
3 0.52421875 0.13515625 0.0421875 0.0828125
3 0.565625 0.13359375 0.0421875 0.0828125
1 0.24505537500000002 0.0068762218750000005 0.22931514687500001 0.0176490234375 0.21108306250000003 0.034450325 0.198194625 0.0466758953125 0.10465227968749999 0.0462776875 0.1077166125 0.17727117187500002 0.11388762187499998 0.1769315953125 0.12109772031249999 0.1782410421875 0.1283241046875 0.18286400625000002 0.1342671015625 0.189501628125 0.1370244296875 0.1969242671875 0.13524267031249998 0.24933061875 0.1261718234375 0.2583811078125 0.1161938109375 0.2621555375 0.1072076546875 0.260390065625 0.10099430000000001 0.2609943 0.10100488593750001 0.38591205156249997 0.11278501562500001 0.384204396875 0.1231441375 0.3951579796875 0.1327825734375 0.40411237812499995 0.13689169375000002 0.41725488593750004 0.13578908750000002 0.4319723125 0.1316482078125 0.44187052187500003 0.0463338765625 0.443816775 0.045464984375 0.7301579796875 0.133848534375 0.733598534375 0.13541775312499998 0.7461213359375 0.1324438109375 0.7620048859375 0.13398615625000002 0.7737638437500001 0.12921987031249998 0.78641368125 0.1240399015625 0.7962646578125 0.11561074843750001 0.8034853421875001 0.10268566718750001 0.8102548859375001 0.0823745921875 0.8127100984375 0.0563754078125 0.813415309375 0.0405342015625 0.8124714984375 0.039134364062499996 0.9991856671875 0.9991856671875 0.9991856671875 0.9991856671875 0 0.25141775312500003 0.0007369703125 0.24505537500000002 0.0068762218750000005
1 0.5846970687499999 0.17734527656250001 0.6270732906250001 0.177403909375 0.6277410421875 0.0945814328125 0.586701140625 0.095604234375 0.5846970687499999 0.17734527656250001
3 0.5851685671875 0.17771091249999998 0.6275447875 0.17776954375 0.628212540625 0.09494706875 0.5871726390625 0.095970684375 0.5851685671875 0.17771091249999998
3 0.6280268734375001 0.177096090625 0.67040309375 0.1771547234375 0.6710716609375 0.094332246875 0.6300309453125 0.0953550484375 0.6280268734375001 0.177096090625
3 0.7137491859375 0.17767426718749998 0.7561254078124999 0.17773208437500002 0.756793159375 0.09490960937500001 0.7157532578125 0.095933225 0.7137491859375 0.17767426718749998
3 0.6698257328125 0.17713355 0.7122011406250001 0.17719136875 0.71286970625 0.0943688921875 0.6718298046875 0.0953925078125 0.6698257328125 0.17713355
3 0.3456669375 0.2682312703125 0.383823290625 0.27038355 0.387438925 0.1798631921875 0.3463990234375 0.1808868078125 0.3456669375 0.2682312703125
3 0.40859375 0.225 0.04609375 0.0921875
3 0.45625 0.22421875 0.04609375 0.0921875
3 0.50234375 0.225 0.04609375 0.0921875
3 0.54609375 0.2234375 0.04609375 0.0921875
3 0.5921875 0.2234375 0.04609375 0.0921875
3 0.63828125 0.2234375 0.04609375 0.0921875
3 0.684375 0.22421875 0.04609375 0.0921875
3 0.734375 0.225 0.04609375 0.0921875
3 0.43359375 0.43984375 0.04609375 0.0921875
3 0.38828125 0.43984375 0.04609375 0.0921875
3 0.95625 0.2234375 0.04609375 0.0921875
3 0.909375 0.2234375 0.04609375 0.0921875
3 0.8640625 0.22421875 0.04609375 0.0921875
3 0.8171875 0.22421875 0.04609375 0.0921875
3 0.57109375 0.53359375 0.04609375 0.0921875
3 0.709375 0.440625 0.04609375 0.0921875
3 0.8453125 0.440625 0.04609375 0.0921875
3 0.89140625 0.43984375 0.04609375 0.0921875
3 0.9375 0.43984375 0.04609375 0.0921875
3 0.57109375 0.440625 0.04609375 0.0921875
3 0.3421875 0.440625 0.04609375 0.0921875
3 0.70859375 0.53515625 0.04609375 0.0921875
3 0.8453125 0.534375 0.04609375 0.0921875
3 0.890625 0.5328125 0.04609375 0.0921875
3 0.93671875 0.534375 0.04609375 0.0921875
3 0.4328125 0.53359375 0.04609375 0.0921875
3 0.38828125 0.5328125 0.04609375 0.0921875
3 0.34296875 0.5328125 0.04609375 0.0921875
3 0.6171875 0.75 0.04609375 0.0921875
3 0.57109375 0.8421875 0.04609375 0.0921875
3 0.5703125 0.74921875 0.04609375 0.0921875
3 0.43359375 0.84375 0.04609375 0.0921875
3 0.43359375 0.75 0.04609375 0.0921875
3 0.71015625 0.7515625 0.04609375 0.0921875
3 0.66328125 0.7515625 0.04609375 0.0921875
3 0.66171875 0.8421875 0.04609375 0.0921875
3 0.6171875 0.84296875 0.04609375 0.0921875
3 0.86328125 0.74921875 0.04609375 0.0921875
3 0.86484375 0.84296875 0.04609375 0.0921875
3 0.09140625 0.47578125 0.08828125 0.05859375
3 0.09140625 0.52734375 0.0875 0.04453125
3 0.090625 0.61796875 0.0875 0.04453125
3 0.090625 0.6625 0.0875 0.04453125
3 0.090625 0.70703125 0.0875 0.04453125
3 0.09140625 0.57421875 0.0875 0.04453125
3 0.8203125 0.1359375 0.05078125 0.07890625
3 0.865625 0.13515625 0.04296875 0.08203125
3 0.90859375 0.1359375 0.04140625 0.0796875
3 0.95078125 0.13515625 0.04453125 0.08046875
3 0.4556074921875 0.48449022812500003 0.4810814328125 0.4861555375 0.5017052125 0.465759771875 0.50244706875 0.39205130312500003 0.4580618890625 0.3936897390625 0.4556074921875 0.48449022812500003
3 0.7302060265625 0.48423615625 0.7556799671875 0.48590065156250006 0.7763037453125 0.4655057 0.777045603125 0.3917964171875 0.7326604234375 0.393434853125 0.7302060265625 0.48423615625
3 0.3199698703125 0.7948013031250001 0.345444625 0.7964657984375 0.3660675890625 0.7760700328125 0.3668102609375 0.7023615640624999 0.3224242671875 0.704 0.3199698703125 0.7948013031250001
3 0.45770114062499995 0.793109934375 0.4831758953125 0.7947744296875 0.503798859375 0.7743786640625 0.50454153125 0.7006701953125 0.4601563515625 0.70230863125 0.45770114062499995 0.793109934375
3 0.5024576546875 0.4621172640625 0.52332491875 0.48955374531249995 0.5478713359375 0.48697149843750004 0.5486669375 0.3929894140625 0.503570846875 0.39329723125 0.5024576546875 0.4621172640625
3 0.63938355 0.4591644953125 0.6602508140625 0.4866009765625 0.6847972312499999 0.48401872968750004 0.685592834375 0.39003664531250004 0.6404967421875 0.3903444625 0.63938355 0.4591644953125
3 0.776998371875 0.46083957656249996 0.7978656359375 0.48827605937499996 0.8224120515625 0.4856938109375 0.823206840625 0.3917117265625 0.7781115640625 0.39201954375 0.776998371875 0.46083957656249996
3 0.97890625 0.43984375 0.03828125 0.0921875
3 0.98125 0.53359375 0.0375 0.0953125
3 0.456359934375 0.577200325 0.5016889250000001 0.5792573296875 0.501307003125 0.5110887625 0.48622394062499996 0.4850423453125 0.45774918593749997 0.4838965796875 0.456359934375 0.577200325
3 0.594048859375 0.5790244296875 0.63937785 0.5810814328125 0.6389959281250001 0.5129128671875 0.6239128671875 0.4868656359375 0.5954381109375 0.48572068437500004 0.594048859375 0.5790244296875
3 0.3196783390625 0.887590390625 0.3650073296875 0.88964739375 0.3646254078125 0.821478828125 0.3495423453125 0.7954315953125 0.3210675890625 0.7942866453125 0.3196783390625 0.887590390625
3 0.45611645 0.8890537453125 0.5014454390624999 0.8911107484375 0.5010635171875 0.8229421828125 0.48598045624999997 0.7968949515625 0.45750488593750005 0.79575 0.45611645 0.8890537453125
3 0.7308949515625 0.5806938109375 0.776223940625 0.5827508140625001 0.7758420203124999 0.5145830625000001 0.7607589578125 0.48853583125 0.7322842015625 0.4873908796875 0.7308949515625 0.5806938109375
3 0.5930684046875 0.48456514687499996 0.6217662859375 0.4855187296875 0.6406449515625 0.4660781765625 0.6425057 0.39017426718750003 0.5936245921875 0.391637621875 0.5930684046875 0.48456514687499996
3 0.49992915312499997 0.5776726390625 0.547437296875 0.5775977203125 0.5492027687500001 0.4878037453125 0.5247833875000001 0.48837703593750004 0.50338599375 0.5080032578125 0.49992915312499997 0.5776726390625
3 0.6371351796875 0.578228828125 0.684643321875 0.5781547234375 0.6864087953125 0.4883607484375 0.6619894140625 0.48893322499999997 0.6405920203125001 0.5085602609375 0.6371351796875 0.578228828125
3 0.7742573296875 0.5793477203124999 0.8217654718749999 0.579273615625 0.8235309453124999 0.4894796421875 0.7991115640625 0.49005211718749997 0.77771416875 0.5096783390625 0.7742573296875 0.5793477203124999
3 0.3636612375 0.7744055375000001 0.3871156359375 0.7946840390625 0.40990716562499996 0.7966408796875 0.4102833875 0.7035757328125001 0.36500244375 0.7022076546875 0.3636612375 0.7744055375000001
3 0.5012964171875 0.773732084375 0.524751628125 0.7940114 0.547543159375 0.7959674265625 0.5479193812500001 0.7029022796875 0.5026384359375 0.7015342015625 0.5012964171875 0.773732084375
3 0.3640480453125 0.887998371875 0.4109462546875 0.8885447875000001 0.40942426718749997 0.796890065625 0.3884299671875 0.79697475625 0.3650920203125 0.8156897390625 0.3640480453125 0.887998371875
3 0.5031522796875 0.889557003125 0.5500504890625 0.8901034203125 0.548529315625 0.798448696875 0.5275342015625 0.7985333875 0.50419706875 0.817248371875 0.5031522796875 0.889557003125
3 0.9332214984375 0.8884071656250001 0.98011970625 0.88895276875 0.9785985343749999 0.7972980453125 0.9576034203124999 0.7973827359375 0.9342662859375 0.8160977203125 0.9332214984375 0.8884071656250001
3 0.71171875 0.8421875 0.04765625 0.090625
3 0.82265625 0.74921875 0.04140625 0.0921875
3 0.82109375 0.840625 0.040625 0.09140625
3 0.8878444625 0.796179153125 0.913165309375 0.7971441375 0.9332426703125 0.774426709375 0.9327605859375 0.7061522796874999 0.8910048859374999 0.7043656359375 0.8878444625 0.796179153125
3 0.9333485343750001 0.7753281765625 0.95513355 0.796073290625 0.9810741046875 0.7986449515625 0.980183225 0.7043338765625 0.9324845281249999 0.7041962546875 0.9333485343750001 0.7753281765625
3 0.886779315625 0.7995561890625 0.8867312703125 0.8873786640624999 0.9328819218750001 0.8891864828125 0.933762215625 0.816309446875 0.9174861562500001 0.798395765625 0.8896848531250001 0.7991799671875001 0.886779315625 0.7995561890625
0 0.44140625 0.1328125 0.03515625 0.084375
0 0.52421875 0.1234375 0.03828125 0.07890625
0 0.9609375 0.12890625 0.0359375 0.08359375
0 0.503125 0.22109375 0.03984375 0.08359375
0 0.590625 0.21484375 0.03046875 0.07421875
0 0.71484375 0.7375 0.03515625 0.10703125
0 0.865625 0.8453125 0.0375 0.078125