1 0.578125 0.5 0.84375 1
2 0.69765625 0.5 0.06796875 1
2 0.36484375 0.5 0.0265625 1
3 0.621875 0.5125 0.08046875 0.04453125
3 0.6234375 0.46484375 0.08046875 0.04453125
3 0.62265625 0.41953125 0.08046875 0.04453125
3 0.621875 0.28828125 0.08046875 0.04453125
3 0.6234375 0.1984375 0.08046875 0.04453125
3 0.62265625 0.24375 0.08046875 0.04453125
3 0.62265625 0.73203125 0.08046875 0.04453125
3 0.621875 0.68828125 0.08046875 0.04453125
3 0.62265625 0.6453125 0.08046875 0.04453125
3 0.621875 0.59921875 0.08046875 0.04453125
3 0.6234375 0.55703125 0.08046875 0.04453125
3 0.62265625 0.15546875 0.08046875 0.04453125
3 0.6234375 0.90859375 0.08046875 0.04453125
3 0.621875 0.8640625 0.08046875 0.04453125
3 0.621875 0.821875 0.08046875 0.04453125
3 0.621875 0.7765625 0.08046875 0.04453125
3 0.62109375 0.1125 0.08046875 0.04453125
3 0.61953125 0.95390625 0.08046875 0.04453125
3 0.6203125 0.0234375 0.08046875 0.04453125
3 0.6203125 0.0671875 0.08046875 0.04453125
3 0.62265625 0.33203125 0.08046875 0.03828125
3 0.76953125 0.3859375 0.0734375 0.0390625
3 0.77109375 0.6265625 0.0734375 0.0390625
3 0.77109375 0.5859375 0.0734375 0.0390625
3 0.771875 0.54140625 0.0734375 0.0390625
3 0.77109375 0.4640625 0.0734375 0.0390625
3 0.77109375 0.50390625 0.0734375 0.0390625
3 0.76953125 0.425 0.0734375 0.0390625
3 0.76953125 0.7453125 0.0734375 0.0390625
3 0.76875 0.70546875 0.0734375 0.0390625
3 0.76953125 0.66796875 0.0734375 0.0390625
3 0.76953125 0.78515625 0.0734375 0.0390625
3 0.76953125 0.82578125 0.0734375 0.0390625
3 0.76953125 0.34609375 0.0734375 0.0390625
3 0.7734375 0.22421875 0.0734375 0.0390625
3 0.77265625 0.1859375 0.0734375 0.0390625
3 0.76953125 0.14609375 0.0734375 0.0390625
3 0.76953125 0.0640625 0.0734375 0.0390625
3 0.7703125 0.10390625 0.0734375 0.0390625
3 0.77109375 0.02421875 0.0734375 0.0390625
3 0.77109375 0.86640625 0.0734375 0.0390625
3 0.771875 0.90703125 0.0734375 0.0390625
3 0.77109375 0.9453125 0.0734375 0.0390625
3 0.9640625 0.203125 0.071875 0.04296875
3 0.9640625 0.24609375 0.071875 0.04296875
3 0.9640625 0.28984375 0.071875 0.04296875
3 0.9640625 0.33203125 0.071875 0.04296875
3 0.9640625 0.378125 0.071875 0.04296875
3 0.9640625 0.6859375 0.071875 0.04296875
3 0.9640625 0.5984375 0.071875 0.04296875
3 0.9640625 0.55390625 0.071875 0.04296875
3 0.9640625 0.5109375 0.071875 0.04296875
3 0.9640625 0.4671875 0.071875 0.04296875
3 0.9640625 0.7296875 0.071875 0.04296875
3 0.9640625 0.42109375 0.071875 0.04296875
3 0.9640625 0.64140625 0.071875 0.04296875
3 0.9640625 0.865625 0.071875 0.04296875
3 0.9640625 0.81953125 0.071875 0.04296875
3 0.9640625 0.775 0.071875 0.0453125
3 0.9640625 0.46640625 0.071875 0.04296875
3 0.9640625 0.9046875 0.071875 0.04296875
3 0.9640625 0.9484375 0.071875 0.04296875
3 0.41875 0.39609375 0.078125 0.0390625
3 0.41875 0.4390625 0.07734375 0.0453125
3 0.42109375 0.48359375 0.07734375 0.0453125
3 0.42109375 0.53203125 0.07734375 0.0453125
3 0.41953125 0.57890625 0.07890625 0.04921875
3 0.4203125 0.6265625 0.075 0.0453125
3 0.42109375 0.315625 0.08046875 0.0453125
3 0.4203125 0.35703125 0.07890625 0.03828125
3 0.41953125 0.27109375 0.07734375 0.0453125
3 0.41875 0.228125 0.07734375 0.0453125
3 0.41953125 0.18203125 0.07734375 0.0453125
3 0.41953125 0.14296875 0.0765625 0.0359375
3 0.41796875 0.10234375 0.07734375 0.0453125
3 0.41875 0.0578125 0.078125 0.03984375
3 0.41875 0.02265625 0.07578125 0.03359375
3 0.41953125 0.671875 0.07734375 0.0453125
3 0.41953125 0.71640625 0.07890625 0.04296875
3 0.41875 0.76015625 0.07890625 0.04140625
3 0.41953125 0.80234375 0.07734375 0.04375
3 0.4171875 0.84765625 0.07578125 0.04375
3 0.4171875 0.8921875 0.07265625 0.04375
3 0.4171875 0.93515625 0.07421875 0.04140625
3 0.415625 0.97734375 0.075 0.0453125
3 0.3125 0.11015625 0.07890625 0.04453125
0 0.31875 0.4609375 0.078125 0.0375
3 0.3125 0.4171875 0.07734375 0.0453125
3 0.31171875 0.23828125 0.07734375 0.0421875
3 0.3125 0.19453125 0.0796875 0.0453125
3 0.31171875 0.15234375 0.0765625 0.0390625
3 0.31171875 0.3703125 0.07734375 0.0453125
3 0.3109375 0.325 0.07734375 0.0453125
3 0.3125 0.28046875 0.08046875 0.0421875
3 0.3109375 0.06953125 0.07734375 0.03984375
3 0.31171875 0.02890625 0.078125 0.040625
3 0.3140625 0.4640625 0.08046875 0.04921875
3 0.31015625 0.50703125 0.08203125 0.03828125
3 0.3125 0.63828125 0.07734375 0.0453125
3 0.3125 0.59296875 0.07734375 0.0453125
3 0.3109375 0.54921875 0.078125 0.04140625
3 0.31171875 0.54921875 0.07734375 0.0453125
3 0.3125 0.684375 0.07734375 0.0453125
3 0.3109375 0.73125 0.07734375 0.0453125
3 0.3125 0.7765625 0.07734375 0.0453125
3 0.3125 0.815625 0.078125 0.0359375
3 0.31328125 0.85546875 0.07734375 0.0453125
3 0.31328125 0.896875 0.07734375 0.03359375
3 0.3125 0.9421875 0.078125 0.0546875
3 0.31328125 0.984375 0.07421875 0.03125
3 0.77109375 0.26328125 0.0765625 0.03359375
2 0.77421875 0.3015625 0.0828125 0.04140625
2 0.6234375 0.37421875 0.084375 0.04765625
0 0.315625 0.06796875 0.08203125 0.03828125
0 0.4203125 0.059375 0.08828125 0.0359375
0 0.30859375 0.14609375 0.0796875 0.04296875
0 0.41875 0.18359375 0.090625 0.0375
0 0.3109375 0.19453125 0.08984375 0.04140625
0 0.3078125 0.27890625 0.08203125 0.0375
0 0.29921875 0.325 0.0875 0.04140625
0 0.4234375 0.3125 0.08359375 0.04609375
0 0.41953125 0.39921875 0.08984375 0.03828125
0 0.3171875 0.41171875 0.08359375 0.03828125
0 0.42734375 0.4859375 0.08671875 0.040625
0 0.3125 0.503125 0.0796875 0.03984375
0 0.30859375 0.54375 0.08125 0.0390625
0 0.31171875 0.59375 0.0828125 0.03984375
0 0.30078125 0.63359375 0.08828125 0.0390625
0 0.30703125 0.68046875 0.08203125 0.0390625
0 0.3125 0.7328125 0.0796875 0.040625
0 0.309375 0.77265625 0.07890625 0.0359375
0 0.31015625 0.8109375 0.0828125 0.0359375
0 0.31015625 0.85625 0.0859375 0.034375
0 0.31171875 0.89296875 0.078125 0.03515625
0 0.30859375 0.94140625 0.08203125 0.0375
0 0.41875 0.975 0.07734375 0.0421875
0 0.4203125 0.88671875 0.07265625 0.03671875
0 0.42734375 0.8390625 0.078125 0.0390625
0 0.4359375 0.5796875 0.0796875 0.03125
0 0.62421875 0.1984375 0.08125 0.03828125
0 0.62265625 0.4203125 0.0859375 0.03828125
0 0.621875 0.50703125 0.08828125 0.04296875
0 0.62734375 0.6828125 0.109375 0.046875
0 0.62265625 0.8640625 0.0859375 0.04140625
0 0.775 0.58203125 0.078125 0.0421875
0 0.7875 0.09765625 0.0953125 0.03984375
0 0.9640625 0.50390625 0.071875 0.04140625
0 0.765625 0.975 0.0765625 0.03046875