1 0.063767915625 0 0.061106678125 0.22878175937499998 0.1444381109375 0.2270219875 0.14175569999999998 0.7631498375 0.10129315937500001 0.7636327359374999 0.10232736093749999 0.9613412046875001 0.14273045625 0.961940553125 0.1433990234375 0.9991856671875 0.9991856671875 0.9983843640625001 0.9991856671875 0.28344136875000003 0.2684698703125 0.285822475 0.2692443 0.00044543906249999997 0.0654755703125 0 0.063767915625 0
2 0.696875 0.7328125 0.0625 0.53203125
2 0.36484375 0.734375 0.01953125 0.53125
3 0.1046875 0.09765625 0.07890625 0.04609375
3 0.10390625 0.17734375 0.078125 0.03828125
3 0.10546875 0.13828125 0.0796875 0.040625
3 0.1046875 0.053125 0.07890625 0.04609375
3 0.103125 0.2109375 0.0796875 0.03046875
3 0.10546875 0.01640625 0.08125 0.0328125
3 0.62265625 0.5265625 0.078125 0.04140625
3 0.62265625 0.56875 0.07734375 0.04296875
3 0.6234375 0.78828125 0.07734375 0.04296875
3 0.621875 0.6125 0.07734375 0.04296875
3 0.621875 0.7453125 0.07734375 0.04296875
3 0.6234375 0.6546875 0.07734375 0.04296875
3 0.6234375 0.7 0.07734375 0.04296875
3 0.625 0.95859375 0.07890625 0.02734375
3 0.625 0.92109375 0.07734375 0.04296875
3 0.62421875 0.8296875 0.08203125 0.03671875
3 0.62578125 0.98828125 0.07890625 0.02265625
3 0.76875 0.5265625 0.07734375 0.040625
3 0.7703125 0.565625 0.078125 0.03828125
3 0.77109375 0.64453125 0.07734375 0.04296875
3 0.77109375 0.684375 0.07734375 0.040625
3 0.77109375 0.72578125 0.07734375 0.03984375
3 0.76875 0.8453125 0.07734375 0.04296875
3 0.76953125 0.88515625 0.07734375 0.0421875
3 0.7703125 0.925 0.07734375 0.04296875
3 0.76953125 0.9671875 0.07734375 0.04296875
3 0.77109375 0.7625 0.078125 0.03359375
3 0.77109375 0.6046875 0.07734375 0.03984375
3 0.96484375 0.703125 0.06953125 0.04296875
3 0.9640625 0.83203125 0.07109375 0.04453125
3 0.96484375 0.878125 0.06953125 0.04296875
3 0.96484375 0.921875 0.06953125 0.04296875
3 0.96484375 0.96484375 0.06953125 0.04296875
3 0.96484375 0.78984375 0.06953125 0.0453125
3 0.96484375 0.74609375 0.06953125 0.04296875
3 0.62265625 0.48671875 0.07890625 0.0421875
3 0.76875 0.48671875 0.078125 0.040625
3 0.31328125 0.5296875 0.08125 0.040625
3 0.31328125 0.5671875 0.08125 0.040625
3 0.3125 0.609375 0.08125 0.040625
3 0.31328125 0.65 0.08125 0.040625
3 0.31328125 0.69453125 0.08125 0.040625
3 0.31171875 0.7359375 0.08125 0.040625
3 0.3109375 0.91328125 0.08125 0.040625
3 0.3109375 0.86953125 0.08125 0.040625
3 0.309375 0.828125 0.08125 0.040625
3 0.31328125 0.78125 0.08125 0.040625
3 0.31328125 0.95703125 0.08125 0.040625
3 0.3125 0.98984375 0.084375 0.0203125
3 0.31328125 0.4890625 0.08125 0.040625
3 0.41796875 0.64453125 0.08125 0.040625
3 0.41796875 0.60625 0.08125 0.040625
3 0.41796875 0.56484375 0.08125 0.040625
3 0.41875 0.5265625 0.08125 0.040625
3 0.41875 0.4875 0.08125 0.040625
3 0.4171875 0.7671875 0.08125 0.040625
3 0.41640625 0.81328125 0.08203125 0.05078125
3 0.41796875 0.72890625 0.08125 0.040625
3 0.41796875 0.68515625 0.08125 0.040625
3 0.415625 0.9453125 0.08125 0.040625
3 0.4171875 0.903125 0.0828125 0.04765625
3 0.415625 0.8578125 0.08125 0.040625
3 0.415625 0.98203125 0.08203125 0.03515625
0 0.10546875 0.0140625 0.0734375 0.02734375
0 0.1046875 0.17734375 0.08203125 0.04296875
0 0.10390625 0.215625 0.0828125 0.0328125
0 0.31484375 0.48203125 0.07109375 0.0328125
0 0.3171875 0.56796875 0.078125 0.0359375
0 0.31015625 0.6453125 0.07421875 0.03671875
0 0.3109375 0.69453125 0.078125 0.03984375
0 0.309375 0.7796875 0.0828125 0.03984375
0 0.30390625 0.821875 0.0921875 0.04140625
0 0.315625 0.91328125 0.08828125 0.03828125
0 0.31953125 0.95859375 0.07734375 0.04140625
0 0.309375 0.9875 0.071875 0.025
0 0.4203125 0.5625 0.0796875 0.04140625
0 0.4203125 0.684375 0.08515625 0.03984375
0 0.4203125 0.81328125 0.0921875 0.0421875
0 0.41953125 0.90078125 0.08671875 0.04140625
0 0.421875 0.98359375 0.090625 0.0328125
0 0.62109375 0.696875 0.0828125 0.0390625
0 0.625 0.91953125 0.08046875 0.04453125
0 0.7875 0.596875 0.09453125 0.03984375
2 0.77578125 0.80078125 0.09375 0.04453125
2 0.62578125 0.871875 0.08359375 0.046875
3 0.12578125 0.83359375 0.0453125 0.03671875
3 0.125 0.8765625 0.04453125 0.04921875
3 0.12578125 0.91953125 0.0453125 0.03671875
0 0.128125 0.83359375 0.0453125 0.03125
0 0.12734375 0.871875 0.04609375 0.0390625
0 0.12421875 0.91796875 0.040625 0.03828125