0 0.12421875 0.8609375 0.07890625 0.04453125
0 0.121875 0.68515625 0.10078125 0.04765625
0 0.12109375 0.1953125 0.07890625 0.03828125
0 0.1203125 0.50703125 0.08515625 0.03828125
0 0.12421875 0.41796875 0.08359375 0.03671875
0 0.46953125 0.5046875 0.0828125 0.03828125
0 0.284375 0.096875 0.09609375 0.04296875
2 0.578125 0.51328125 0.08125 0.0515625
0 0.27421875 0.58046875 0.08671875 0.0515625
0 0.27109375 0.98203125 0.10234375 0.034375
2 0.27421875 0.30078125 0.0953125 0.04609375
0 0.709375 0.396875 0.04609375 0.10859375
2 0.1265625 0.36953125 0.08671875 0.04375
1 0.5015625 0.4984375 0.996875 0.99453125