2 0.20078125 0.33984375 0.07109375 0.67890625
2 0.5234375 0.28125 0.028125 0.56171875
2 0.8390625 0.19296875 0.03125 0.3859375
3 0.46796875 0.14296875 0.08046875 0.04453125
3 0.578125 0.15234375 0.0796875 0.04453125
3 0.57890625 0.10703125 0.0796875 0.04453125
3 0.57890625 0.06328125 0.0796875 0.04453125
3 0.7765625 0.05703125 0.0796875 0.04453125
3 0.77734375 0.10234375 0.0796875 0.04453125
3 0.77734375 0.1453125 0.0796875 0.04453125
3 0.77890625 0.18984375 0.0796875 0.04453125
3 0.778125 0.234375 0.0796875 0.04453125
3 0.778125 0.27890625 0.0796875 0.04453125
3 0.77890625 0.321875 0.0796875 0.04453125
3 0.77890625 0.3671875 0.0796875 0.04453125
3 0.4671875 0.4515625 0.0796875 0.04453125
3 0.4671875 0.53984375 0.0796875 0.04453125
3 0.465625 0.49609375 0.0796875 0.04453125
3 0.5796875 0.41640625 0.0796875 0.04453125
3 0.5796875 0.371875 0.0796875 0.04453125
3 0.58046875 0.33046875 0.0796875 0.04453125
3 0.58046875 0.2859375 0.0796875 0.04453125
3 0.58046875 0.2421875 0.0796875 0.04453125
3 0.57890625 0.196875 0.0796875 0.04453125
3 0.46796875 0.1875 0.0796875 0.04453125
3 0.46796875 0.2296875 0.0796875 0.04453125
3 0.46796875 0.27578125 0.0796875 0.04453125
3 0.46875 0.3203125 0.0796875 0.04453125
3 0.46953125 0.365625 0.0796875 0.04453125
3 0.46796875 0.4078125 0.0796875 0.04453125
3 0.27734375 0.48203125 0.0796875 0.04453125
3 0.278125 0.528125 0.0796875 0.04453125
3 0.46796875 0.0546875 0.0796875 0.04453125
3 0.4671875 0.0984375 0.0796875 0.04453125
1 0.0020545609375 0 0.0008143328125 0.8984690546874999 0.7409869703124999 0.89231921875 0.7393387625 0.47514413749999995 0.770687296875 0.4770838765625 0.7714771984375 0.48699267031250004 1 0.48864169375 1 0 0.0020545609375 0
3 0.27109375 0.20703125 0.06953125 0.0421875
3 0.27265625 0.36484375 0.06953125 0.0421875
3 0.271875 0.4046875 0.06953125 0.0421875
3 0.271875 0.446875 0.06953125 0.0421875
3 0.271875 0.16640625 0.06953125 0.0421875
3 0.27109375 0.12734375 0.06953125 0.0421875
3 0.27265625 0.08671875 0.06953125 0.0421875
3 0.27265625 0.04609375 0.06953125 0.0421875
3 0.2734375 0.3296875 0.06875 0.034375
3 0.2734375 0.28984375 0.06953125 0.0421875
3 0.271875 0.2484375 0.06953125 0.0421875
3 0.27109375 0.6171875 0.06953125 0.0421875
3 0.27265625 0.66171875 0.06953125 0.0421875
3 0.46875 0.61796875 0.07265625 0.0421875
3 0.46875 0.6609375 0.07421875 0.04140625
3 0.58046875 0.6609375 0.075 0.04296875
3 0.58046875 0.61796875 0.07578125 0.04296875
3 0.5796875 0.4703125 0.08125 0.05859375
3 0.57890625 0.53046875 0.0796875 0.059375
3 0.12265625 0.27421875 0.0796875 0.04609375
3 0.121875 0.31953125 0.07890625 0.04296875
3 0.121875 0.36171875 0.0796875 0.04609375
3 0.1234375 0.4078125 0.0796875 0.04609375
3 0.12265625 0.45234375 0.0796875 0.04609375
3 0.12421875 0.49609375 0.0796875 0.04609375
3 0.12421875 0.5421875 0.0796875 0.04609375
3 0.12265625 0.14296875 0.0796875 0.04609375
3 0.12265625 0.184375 0.0796875 0.04609375
3 0.12265625 0.09609375 0.0796875 0.04609375
3 0.12265625 0.2296875 0.0796875 0.04609375
3 0.1234375 0.01484375 0.08125 0.0296875
3 0.121875 0.66015625 0.0796875 0.04609375
3 0.12265625 0.61640625 0.0796875 0.04609375
3 0.12265625 0.0515625 0.0796875 0.04609375
3 0.2734375 0.01328125 0.071875 0.02578125
3 0.46796875 0.01640625 0.0796875 0.03203125
3 0.7765625 0.01796875 0.0796875 0.0359375
2 0.57890625 0.01953125 0.08125 0.0390625
3 0.27890625 0.85 0.040625 0.08515625
3 0.5421875 0.85078125 0.04296875 0.0828125
3 0.58671875 0.85078125 0.0484375 0.08125
3 0.6328125 0.85078125 0.040625 0.08515625
3 0.67421875 0.85 0.040625 0.08515625
3 0.715625 0.84921875 0.040625 0.08515625
3 0.453125 0.8515625 0.040625 0.08515625
3 0.49765625 0.8515625 0.0453125 0.08515625
3 0.37109375 0.8515625 0.040625 0.08515625
3 0.4109375 0.85234375 0.040625 0.08515625
3 0.153125 0.84765625 0.040625 0.08515625
3 0.240625 0.85 0.0375 0.08515625
3 0.325 0.85078125 0.04765625 0.08359375
3 0.02421875 0.8484375 0.04765625 0.0875
3 0.06953125 0.84765625 0.040625 0.08515625
3 0.1109375 0.84765625 0.040625 0.08515625
0 0.12265625 0.0125 0.08515625 0.025
0 0.12109375 0.1828125 0.10390625 0.0421875
0 0.1203125 0.36484375 0.0796875 0.0359375
0 0.12265625 0.61171875 0.084375 0.04375
0 0.11640625 0.6609375 0.08359375 0.040625
0 0.2671875 0.5390625 0.08125 0.0390625
0 0.2703125 0.4828125 0.0953125 0.0453125
0 0.2734375 0.08125 0.08828125 0.04375
0 0.46640625 0.01328125 0.08046875 0.0265625
0 0.4671875 0.646875 0.0671875 0.03984375
0 0.4953125 0.8421875 0.04140625 0.10625
0 0.36484375 0.8421875 0.03671875 0.08125
0 0.3265625 0.8421875 0.04140625 0.08671875
0 0.1515625 0.85 0.03671875 0.0859375