1 0 0.9991799671875 0.9991856671875 0.994942996875 0.9991856671875 0.330106678125 0 0.3257271984375 0 0.327901465625 0 0.9991799671875
2 0.7296875 0.6625 0.065625 0.66640625
2 0.37890625 0.69296875 0.02265625 0.178125
2 0.0734375 0.6921875 0.021875 0.1828125
3 0.43125 0.36171875 0.11015625 0.06640625
3 0.1328125 0.43125 0.11015625 0.06640625
3 0.43046875 0.43203125 0.11015625 0.06640625
3 0.321875 0.4296875 0.11015625 0.06640625
3 0.321875 0.3609375 0.11015625 0.06640625
3 0.0375 0.36015625 0.075 0.0671875
3 0.0375 0.4296875 0.075 0.07109375
3 0.13203125 0.3625 0.11015625 0.06640625
3 0.63828125 0.43046875 0.11015625 0.06640625
3 0.63828125 0.3625 0.11015625 0.06640625
3 0.9734375 0.3640625 0.053125 0.06640625
3 0.8203125 0.4296875 0.11015625 0.06640625
3 0.82109375 0.36328125 0.11015625 0.06640625
3 0.9734375 0.43046875 0.053125 0.0703125
3 0.12578125 0.48828125 0.1015625 0.04296875
3 0.12578125 0.946875 0.1015625 0.04296875
3 0.1265625 0.90234375 0.1015625 0.04296875
3 0.1265625 0.8546875 0.1015625 0.04296875
3 0.1265625 0.80859375 0.1015625 0.04296875
3 0.12734375 0.5765625 0.1015625 0.04296875
3 0.4328125 0.48828125 0.10546875 0.04453125
3 0.128125 0.53359375 0.1015625 0.04296875
3 0.325 0.5328125 0.10234375 0.046875
3 0.32421875 0.57890625 0.103125 0.04609375
3 0.43046875 0.57890625 0.10625 0.0453125
3 0.43125 0.53359375 0.10625 0.04765625
3 0.3234375 0.4890625 0.10234375 0.046875
3 0.43125 0.8078125 0.1078125 0.046875
3 0.3234375 0.94609375 0.1078125 0.046875
3 0.43359375 0.89921875 0.1078125 0.046875
3 0.32265625 0.9 0.1078125 0.046875
3 0.43203125 0.85546875 0.1078125 0.046875
3 0.32265625 0.8546875 0.1078125 0.046875
3 0.32265625 0.80859375 0.1078125 0.046875
3 0.4328125 0.94765625 0.1078125 0.046875
3 0.3234375 0.984375 0.10859375 0.0296875
3 0.4328125 0.98515625 0.10546875 0.0296875
3 0.4375 0.6265625 0.09375 0.04296875
3 0.31875 0.62578125 0.09375 0.04296875
3 0.4390625 0.67109375 0.09375 0.04296875
3 0.43828125 0.715625 0.09375 0.04296875
3 0.43828125 0.76171875 0.09375 0.04296875
3 0.13125 0.62265625 0.09375 0.04296875
3 0.31796875 0.67109375 0.09375 0.04296875
3 0.31875 0.71875 0.09375 0.04296875
3 0.31875 0.7609375 0.09375 0.04296875
3 0.64453125 0.53359375 0.09375 0.04296875
3 0.13203125 0.76171875 0.09375 0.04296875
3 0.13125 0.71640625 0.09375 0.04296875
3 0.13046875 0.67109375 0.09375 0.04296875
3 0.6453125 0.9015625 0.09375 0.04296875
3 0.6453125 0.9484375 0.09375 0.04296875
3 0.6484375 0.671875 0.09375 0.04296875
3 0.64609375 0.6265625 0.09375 0.04296875
3 0.64609375 0.7171875 0.09375 0.04296875
3 0.64609375 0.76484375 0.09375 0.04296875
3 0.646875 0.5796875 0.09375 0.04296875
3 0.64453125 0.48828125 0.09375 0.04296875
3 0.64609375 0.81171875 0.09375 0.04296875
3 0.64765625 0.85625 0.09375 0.04296875
3 0.8140625 0.81015625 0.09375 0.04296875
3 0.81328125 0.76328125 0.09375 0.04296875
3 0.8125 0.7171875 0.09375 0.04296875
3 0.8125 0.671875 0.09375 0.04296875
3 0.81171875 0.625 0.09375 0.04296875
3 0.81328125 0.58046875 0.09375 0.04296875
3 0.8140625 0.53515625 0.09375 0.04296875
3 0.8109375 0.48828125 0.09375 0.04296875
3 0.81328125 0.94609375 0.09375 0.04296875
3 0.81484375 0.90078125 0.09375 0.04296875
3 0.81484375 0.85625 0.09375 0.04296875
3 0.81171875 0.9828125 0.0953125 0.03125
3 0.64609375 0.9859375 0.0953125 0.028125
3 0.9734375 0.490625 0.05234375 0.04140625
3 0.9734375 0.66875 0.05234375 0.04140625
3 0.9734375 0.71640625 0.05234375 0.04140625
3 0.9734375 0.76171875 0.05234375 0.04140625
3 0.9734375 0.80703125 0.05234375 0.04140625
3 0.9734375 0.853125 0.05234375 0.04296875
3 0.9734375 0.9 0.05234375 0.04140625
3 0.9734375 0.94609375 0.05234375 0.04140625
3 0.9734375 0.6234375 0.05234375 0.04765625
3 0.9734375 0.5765625 0.05234375 0.04140625
3 0.9734375 0.5359375 0.05234375 0.04140625
3 0.03125 0.6234375 0.059375 0.0421875
3 0.0296875 0.66875 0.059375 0.04375
3 0.03125 0.71640625 0.059375 0.0421875
3 0.0296875 0.76328125 0.059375 0.0421875
3 0.03828125 0.53125 0.0734375 0.04609375
3 0.03671875 0.57734375 0.0734375 0.04609375
3 0.03671875 0.4875 0.0734375 0.04609375
3 0.0375 0.80703125 0.071875 0.0453125
3 0.9734375 0.984375 0.053125 0.03125
3 0.03828125 0.984375 0.0765625 0.03046875
3 0.1265625 0.984375 0.0984375 0.03125
3 0.0359375 0.89921875 0.071875 0.0453125
3 0.0359375 0.94609375 0.071875 0.0453125
0 0.0359375 0.36171875 0.06640625 0.040625
0 0.034375 0.57578125 0.065625 0.03828125
0 0.125 0.5765625 0.08203125 0.03515625
0 0.03203125 0.6625 0.06171875 0.04453125
0 0.1296875 0.66640625 0.08125 0.03671875
0 0.0359375 0.7140625 0.05859375 0.0359375
0 0.12578125 0.7125 0.0875 0.040625
0 0.12734375 0.7984375 0.090625 0.03828125
0 0.03203125 0.85078125 0.06328125 0.03515625
0 0.1234375 0.853125 0.08359375 0.0375
0 0.11953125 0.89921875 0.08984375 0.0390625
0 0.03359375 0.984375 0.06171875 0.02890625
0 0.12421875 0.9859375 0.0875 0.028125
0 0.3203125 0.48515625 0.084375 0.03828125
0 0.415625 0.48515625 0.0875 0.0359375
0 0.3296875 0.5296875 0.0828125 0.0390625
0 0.425 0.53359375 0.0828125 0.03515625
0 0.428125 0.57265625 0.0875 0.04140625
0 0.32265625 0.621875 0.0859375 0.0421875
0 0.32109375 0.67265625 0.08671875 0.03984375
0 0.31953125 0.80234375 0.078125 0.04140625
0 0.3359375 0.896875 0.08203125 0.03984375
0 0.42265625 0.890625 0.0828125 0.0328125
0 0.42734375 0.94453125 0.09296875 0.0375
0 0.653125 0.3546875 0.08515625 0.040625
0 0.64765625 0.48515625 0.0875 0.0359375
0 0.65 0.71875 0.0734375 0.03984375
0 0.6484375 0.803125 0.075 0.03671875
0 0.7984375 0.84921875 0.08359375 0.03984375
0 0.80390625 0.6671875 0.0875 0.040625
0 0.8 0.5765625 0.0828125 0.03515625
0 0.80546875 0.53125 0.0875 0.03828125
0 0.815625 0.48515625 0.084375 0.03984375
0 0.975 0.76171875 0.05 0.0390625