0 0.021875 0.090625 0.03359375 0.07890625
0 0.109375 0.2796875 0.03984375 0.0953125
0 0.37890625 0.078125 0.0359375 0.078125
0 0.1984375 0.0859375 0.03828125 0.0796875
0 0.515625 0.0828125 0.03671875 0.08125
0 0.05234375 0.3859375 0.03515625 0.0828125
0 0.49765625 0.271875 0.03515625 0.07578125
0 0.46875 0.0796875 0.0375 0.084375
0 0.15 0.378125 0.0421875 0.08671875
0 0.27578125 0.284375 0.0484375 0.0796875
0 0.36328125 0.28125 0.04375 0.07578125
0 0.2859375 0.07734375 0.03671875 0.08125
0 0.24140625 0.08125 0.0375 0.0765625
0 0.153125 0.0828125 0.0390625 0.0765625
0 0.33125 0.078125 0.0375 0.07578125
0 0.4546875 0.27578125 0.0375 0.078125
0 0.1890625 0.278125 0.05234375 0.0828125
0 0.1046875 0.078125 0.03984375 0.0828125
0 0.1 0.38125 0.040625 0.0796875
0 0.32109375 0.27578125 0.05 0.08515625
0 0.41015625 0.37890625 0.03828125 0.07734375
0 0.321875 0.375 0.0421875 0.07890625
0 0.2390625 0.378125 0.03828125 0.08359375
0 0.215625 0.58828125 0.034375 0.08828125
0 0.19765625 0.37109375 0.040625 0.08203125
0 0.4296875 0.58828125 0.0359375 0.07890625
0 0.0796875 0.58671875 0.03828125 0.08203125
0 0.2140625 0.68125 0.03828125 0.078125
0 0.0390625 0.6703125 0.03828125 0.07890625
0 0.16875 0.67265625 0.03828125 0.07890625
0 0.171875 0.58515625 0.03671875 0.078125
0 0.5125 0.59296875 0.0421875 0.08203125
0 0.98828125 0.21640625 0.021875 0.0890625
0 0.259375 0.58671875 0.03671875 0.08125
0 0.82421875 0.125 0.0359375 0.07109375
0 0.745659609375 0.5598941374999999 0.745531759375 0.520468240625 0.664262215625 0.5200089578125 0.6635309453125 0.5574812703124999 0.745659609375 0.5598941374999999
0 0.7527027687500001 0.6476351796875 0.751194625 0.6109943 0.6654258953125 0.6119128671875 0.66212215 0.6467760593749999 0.7527027687500001 0.6476351796875
0 0.350140065625 0.9358273609375001 0.38738925156250004 0.9375545609374999 0.38882084687499996 0.8612744296875 0.3505447875 0.8606840390625001 0.350140065625 0.9358273609375001
1 0.0014747562500000001 0.0008591203125 0 0.9327418562500001 0.7557728015625 0.9284299671875 0.7663200328124999 0.4941115640625 0.9981384359375 0.4595162859375 0.9991856671875 0 0.0014747562500000001 0.0008591203125
0 0.02578125 0.89453125 0.03515625 0.0640625