1 0.7996840390625 0.1178241046875 0.7153509765625 0.1188045609375 0.7058078171875 0.35437215 0.7577744296875 0.3553371328125 0.7567776875 0.442723940625 0.746450325 0.44202442968750005 0.736737784375 0.44246416875000005 0.713001628125 0.445226384375 0.708718240625 0.505490228125 0.7264999999999999 0.6037084687500001 0.7467206843749999 0.763712540625 0.7662622156250001 0.9788949515625 0.9991856671875 0.9749299671875 0.9991856671875 0.0010977203125 0.9991856671875 0.0001962546875 0.8020056999999999 0 0.7996840390625 0.1178241046875
3 0.821875 0.16796875 0.04296875 0.09375
3 0.77890625 0.16796875 0.04296875 0.09375
3 0.865625 0.16796875 0.04296875 0.09375
3 0.909375 0.16953125 0.04296875 0.09375
3 0.95234375 0.16953125 0.04296875 0.09375
3 0.86796875 0.07421875 0.04296875 0.09375
3 0.82265625 0.0734375 0.04296875 0.09375
3 0.7359375 0.16796875 0.04296875 0.09375
3 0.91015625 0.07421875 0.04296875 0.09375
3 0.95390625 0.075 0.04296875 0.09375
3 0.8203125 0.3953125 0.04296875 0.09375
3 0.77734375 0.49140625 0.04296875 0.09375
3 0.95 0.3953125 0.04296875 0.09375
3 0.90625 0.39609375 0.04296875 0.09375
3 0.8640625 0.39609375 0.04296875 0.09375
3 0.90546875 0.490625 0.04296875 0.09375
3 0.86328125 0.490625 0.04296875 0.09375
3 0.81953125 0.490625 0.04296875 0.09375
3 0.77734375 0.39609375 0.04296875 0.09375
3 0.86171875 0.71640625 0.04296875 0.09375
3 0.81796875 0.71484375 0.04296875 0.09375
3 0.734375 0.49140625 0.04296875 0.09375
3 0.94921875 0.48984375 0.04296875 0.09375
3 0.96875 0.8109375 0.04296875 0.09375
3 0.92578125 0.8109375 0.04296875 0.09375
3 0.88203125 0.81171875 0.04296875 0.09375
3 0.94765625 0.71640625 0.04296875 0.09375
3 0.903125 0.7171875 0.04296875 0.09375
3 0.7734375 0.71484375 0.04296875 0.09375
3 0.828125 0.81171875 0.06328125 0.0953125
3 0.7576840390624999 0.861055375 0.7945097718749999 0.8593640062500001 0.795061075 0.765206840625 0.748809446875 0.7651856671874999 0.7576840390624999 0.861055375
3 0.9859375 0.71484375 0.028125 0.09140625
3 0.9875 0.16875 0.025 0.09140625
3 0.9875 0.07421875 0.025 0.09140625
0 0.9 0.36953125 0.04609375 0.09765625
0 0.8125 0.3703125 0.0453125 0.065625
0 0.7703125 0.71484375 0.0359375 0.08125
0 0.76640625 0.8140625 0.03125 0.0921875
0 0.90234375 0.709375 0.040625 0.08203125
0 0.9453125 0.715625 0.0359375 0.084375
0 0.98359375 0.71796875 0.0328125 0.09296875
0 0.87890625 0.81171875 0.03984375 0.07890625
0 0.92265625 0.81484375 0.040625 0.07734375
0 0.9671875 0.8140625 0.03515625 0.0875