0 0.74296875 0.73984375 0.07265625 0.0375
0 0.45859375 0.69140625 0.03125 0.08125
0 0.36796875 0.6890625 0.034375 0.0859375
0 0.20859375 0.89921875 0.0375 0.0984375
0 0.09453125 0.50703125 0.034375 0.08046875
0 0.34765625 0.87734375 0.0328125 0.07109375
0 0.3234375 0.51171875 0.03828125 0.0859375
0 0.23046875 0.50234375 0.03828125 0.06953125
0 0.1390625 0.69140625 0.03671875 0.08359375
0 0.12265625 0.97265625 0.0359375 0.05234375
0 0.41171875 0.50625 0.03828125 0.07890625
0 0.42265625 0.25546875 0.078125 0.03203125
0 0.3765625 0.02109375 0.03125 0.040625
0 0.13671875 0.5 0.028125 0.05390625
0 0.6515625 0.02265625 0.028125 0.04375
0 0.12265625 0.29375 0.0375 0.06875
0 0.73828125 0.43984375 0.09609375 0.04453125
0 0.01015625 0.4953125 0.0203125 0.06953125
0 0.20032573281250002 0.732084690625 0.236970684375 0.7793159609375 0.247557003125 0.780944625 0.2654723125 0.7662866453125 0.2662866453125 0.7516286640625001 0.236970684375 0.706840390625 0.216612378125 0.696254071875 0.20521172656250003 0.701140065625 0.196254071875 0.71416938125 0.1954397390625 0.7206840390625 0.20032573281250002 0.732084690625
0 0.03359375 0.98125 0.0421875 0.0359375
0 0.16953125 0.98125 0.03828125 0.03671875
0 0.44140625 0.9859375 0.03671875 0.028125
1 0.31087785 0 0.3032117265625 0.06950244375 0.26310423437499997 0.11105863125 0.2685073296875 0.25549674218749996 0.0033452765625 0.2524218234375 0 0.9991856671875 0.78246416875 0.9976579796875 0.7885504890624999 0.10442100937500001 0.67215309375 0.098334690625 0.6704666125000001 0 0.31087785 0