0 0.9875 0.36171875 0.02421875 0.08359375
0 0.89921875 0.36015625 0.0265625 0.0796875
0 0.94609375 0.36328125 0.03984375 0.08125
0 0.90390625 0.45390625 0.034375 0.08125
0 0.815625 0.459375 0.0421875 0.09609375
0 0.9015625 0.11875 0.034375 0.071875
0 0.78203125 0.3640625 0.01796875 0.071875
0 0.83984375 0.75078125 0.0359375 0.07109375
0 0.940625 0.1234375 0.0421875 0.07578125
0 0.85859375 0.36484375 0.03828125 0.08046875
0 0.9796875 0.45390625 0.03984375 0.0828125
0 0.93984375 0.03359375 0.03671875 0.06640625
0 0.96484375 0.74921875 0.03984375 0.07890625
0 0.88046875 0.96640625 0.0421875 0.0671875
0 0.89375 0.03359375 0.0375 0.0671875
0 0.81171875 0.1359375 0.03671875 0.07421875
1 0.76893078125 0.9991856671875 0.9991856671875 0.9991856671875 0.9981384359375 0.00116368125 0.7626547234375 0 0.76893078125 0.9991856671875