1 0.8955692187500001 0.787665309375 0.8832377843750001 0.78438355 0.8829780125 0.6286425078125 0.8999698703125001 0.62812785 0.9004047234374999 0 0.261498371875 0.0008143328125 0.26485912031250003 0.1768607484375 0.2679185671875 0.9991856671875 0.8977109125 0.9991856671875 0.8955692187500001 0.787665309375
3 0.48671875 0.1328125 0.04296875 0.09765625
3 0.52890625 0.134375 0.04296875 0.09765625
3 0.57421875 0.134375 0.04296875 0.09765625
3 0.615625 0.13671875 0.04296875 0.09765625
3 0.65859375 0.1359375 0.04296875 0.09765625
3 0.70234375 0.13671875 0.04296875 0.09765625
3 0.44296875 0.13203125 0.04296875 0.09765625
3 0.40078125 0.134375 0.04296875 0.09765625
3 0.35703125 0.13359375 0.04296875 0.09765625
3 0.31328125 0.134375 0.04296875 0.09765625
3 0.790625 0.04453125 0.03984375 0.0890625
3 0.87890625 0.13828125 0.04296875 0.09765625
3 0.8328125 0.1375 0.04296875 0.09765625
3 0.79140625 0.13828125 0.04296875 0.09765625
3 0.4875 0.04140625 0.04375 0.0828125
3 0.61640625 0.04140625 0.0421875 0.0828125
3 0.659375 0.04140625 0.04375 0.0828125
3 0.703125 0.04375 0.040625 0.08671875
3 0.83359375 0.04375 0.04140625 0.0875
3 0.56953125 0.1234375 0.04296875 0.08359375
3 0.87734375 0.04375 0.0421875 0.0875
3 0.40234375 0.04140625 0.0421875 0.0828125
3 0.57265625 0.04140625 0.0421875 0.0828125
3 0.3453125 0.04140625 0.0671875 0.0828125
3 0.28828125 0.04140625 0.05234375 0.08203125
3 0.27890625 0.1359375 0.02890625 0.09921875
3 0.31640625 0.36796875 0.04296875 0.07890625
3 0.61796875 0.3703125 0.04296875 0.07890625
3 0.66171875 0.3703125 0.04296875 0.07890625
3 0.7046875 0.3703125 0.04296875 0.07890625
3 0.7484375 0.3703125 0.04296875 0.07890625
3 0.7890625 0.36875 0.04296875 0.07890625
3 0.8328125 0.37109375 0.04296875 0.07890625
3 0.87578125 0.371875 0.04296875 0.07890625
3 0.359375 0.3671875 0.04296875 0.07890625
3 0.40234375 0.3671875 0.04296875 0.07890625
3 0.4453125 0.36875 0.04296875 0.07890625
3 0.4890625 0.3671875 0.04296875 0.07890625
3 0.53203125 0.36953125 0.04296875 0.07890625
3 0.57421875 0.36796875 0.04296875 0.07890625
3 0.61640625 0.4515625 0.04296875 0.07890625
3 0.575 0.44921875 0.04296875 0.07890625
3 0.53125 0.45078125 0.04296875 0.07890625
3 0.48828125 0.45 0.04296875 0.07890625
3 0.4453125 0.4484375 0.04296875 0.07890625
3 0.40234375 0.45 0.04296875 0.07890625
3 0.35859375 0.44921875 0.04296875 0.07890625
3 0.31640625 0.44765625 0.04296875 0.07890625
3 0.83203125 0.45234375 0.04296875 0.07890625
3 0.78984375 0.4515625 0.04296875 0.07890625
3 0.7453125 0.4515625 0.04296875 0.07890625
3 0.703125 0.4515625 0.04296875 0.07890625
3 0.6609375 0.4515625 0.04296875 0.07890625
3 0.33984375 0.66796875 0.04296875 0.07890625
3 0.2953125 0.75078125 0.04296875 0.07890625
3 0.296875 0.66875 0.04296875 0.07890625
3 0.87578125 0.45234375 0.04296875 0.07890625
3 0.42421875 0.66796875 0.04296875 0.07890625
3 0.425 0.75078125 0.04296875 0.07890625
3 0.38203125 0.6671875 0.04296875 0.07890625
3 0.38359375 0.7515625 0.04296875 0.07890625
3 0.3390625 0.75078125 0.04296875 0.07890625
3 0.55390625 0.75234375 0.04296875 0.07890625
3 0.5546875 0.66953125 0.04296875 0.07890625
3 0.5109375 0.7515625 0.04296875 0.07890625
3 0.4671875 0.7515625 0.04296875 0.07890625
3 0.5109375 0.66953125 0.04296875 0.07890625
3 0.46796875 0.66875 0.04296875 0.07890625
3 0.684375 0.75390625 0.04296875 0.07890625
3 0.6859375 0.67109375 0.04296875 0.07890625
3 0.6421875 0.75390625 0.04296875 0.07890625
3 0.640625 0.67109375 0.04296875 0.07890625
3 0.59765625 0.75234375 0.04296875 0.07890625
3 0.59765625 0.6703125 0.04296875 0.07890625
3 0.815625 0.6734375 0.04296875 0.07890625
3 0.8140625 0.75625 0.04296875 0.07890625
3 0.7703125 0.67265625 0.04296875 0.07890625
3 0.7703125 0.7546875 0.04296875 0.07890625
3 0.72734375 0.75390625 0.04296875 0.07890625
3 0.728125 0.67265625 0.04296875 0.07890625
3 0.85859375 0.675 0.04296875 0.07890625
3 0.8609375 0.75625 0.04296875 0.07890625
3 0.42421875 0.9671875 0.0421875 0.06484375
3 0.64609375 0.9671875 0.05859375 0.06484375
3 0.69921875 0.9671875 0.0421875 0.06484375
3 0.74140625 0.9671875 0.0421875 0.06484375
3 0.78515625 0.9671875 0.0421875 0.06484375
3 0.87109375 0.9671875 0.0421875 0.06484375
3 0.828125 0.9671875 0.0421875 0.06484375
3 0.38203125 0.9671875 0.0421875 0.06484375
3 0.296875 0.9671875 0.0421875 0.06484375
3 0.3390625 0.9671875 0.0421875 0.06484375
3 0.59921875 0.9671875 0.0421875 0.06484375
3 0.55625 0.9671875 0.0421875 0.06484375
3 0.51171875 0.9671875 0.0421875 0.06484375
3 0.4703125 0.9671875 0.0421875 0.06484375
3 0.28125 0.36796875 0.028125 0.07890625
3 0.28203125 0.446875 0.02890625 0.07578125
2 0.7453125 0.1078125 0.046875 0.215625
0 0.309375 0.13203125 0.040625 0.084375
0 0.3984375 0.0359375 0.0421875 0.071875
0 0.44375 0.03515625 0.03515625 0.06953125
0 0.4015625 0.12109375 0.040625 0.08203125
0 0.44609375 0.12578125 0.034375 0.0828125
0 0.57109375 0.13046875 0.0375 0.084375
0 0.61484375 0.128125 0.0328125 0.07734375
0 0.659375 0.128125 0.0296875 0.08203125
0 0.57265625 0.0390625 0.0359375 0.078125
0 0.615625 0.0421875 0.03203125 0.071875
0 0.65859375 0.04140625 0.0328125 0.07421875
0 0.70078125 0.0390625 0.0359375 0.07578125
0 0.8296875 0.14296875 0.04453125 0.08515625
0 0.87734375 0.12890625 0.03046875 0.06328125
0 0.28046875 0.365625 0.0234375 0.07109375
0 0.35625 0.365625 0.04296875 0.078125
0 0.4 0.36015625 0.034375 0.0828125
0 0.44609375 0.3625 0.03515625 0.08984375
0 0.490625 0.35859375 0.034375 0.0828125
0 0.53515625 0.3671875 0.028125 0.08203125
0 0.57890625 0.37265625 0.034375 0.08046875
0 0.61875 0.3671875 0.034375 0.078125
0 0.70625 0.3640625 0.0359375 0.07578125
0 0.74765625 0.36796875 0.0328125 0.0703125
0 0.7890625 0.3625 0.0359375 0.07890625
0 0.875 0.36796875 0.04296875 0.08203125
0 0.31875 0.4625 0.04453125 0.109375
0 0.403125 0.45234375 0.03671875 0.08359375
0 0.4890625 0.45703125 0.040625 0.0875
0 0.66015625 0.4515625 0.03984375 0.0828125
0 0.83125 0.4515625 0.03828125 0.08515625
0 0.34140625 0.74921875 0.0359375 0.08125
0 0.4671875 0.7484375 0.03828125 0.07734375
0 0.6828125 0.74296875 0.04296875 0.0796875
0 0.38046875 0.96484375 0.040625 0.0703125
0 0.6484375 0.965625 0.04375 0.06875
3 0.44375 0.0421875 0.04375 0.08359375
3 0.53125 0.0421875 0.0421875 0.084375