0 0.121875 0.396875 0.03359375 0.0765625
0 0.1671875 0.40078125 0.0359375 0.07890625
0 0.25859375 0.0828125 0.0328125 0.0765625
0 0.075 0.81796875 0.034375 0.08359375
0 0.12109375 0.81328125 0.03359375 0.075
0 0.03515625 0.39609375 0.03359375 0.07109375
0 0.0296875 0.71328125 0.034375 0.075
0 0.16328125 0.4921875 0.0390625 0.07890625
0 0.29140625 0.73046875 0.0375 0.0734375
0 0.159375 0.71484375 0.03515625 0.07421875
0 0.3328125 0.8171875 0.040625 0.084375
0 0.33203125 0.72578125 0.034375 0.07109375
0 0.03359375 0.8109375 0.0359375 0.07578125
0 0.1578125 0.81640625 0.03125 0.06640625
0 0.20546875 0.49296875 0.034375 0.07265625
1 0.4426172640625 0.9962019546875001 0.647765471875 0.978140065625 0.6515439734374999 0.49019543906249996 0.7908591203124999 0.48586400625000004 0.7919087953124999 0.42797638437499996 0.99825244375 0.42693892499999997 0.99535830625 0 0.006682410937499999 0.0032573296875 0.00154153125 0.9905521171875 0.4426172640625 0.9962019546875001