1 0.2201669375 0.5741522796874999 0.2518493484375 0.840495928125 0.25995032500000004 0.9991856671875 0.9991856671875 0.9991856671875 0.9991856671875 0.0003925078125 0.0802508140625 0 0.1624421828125 0.28602850156250004 0.2201669375 0.5741522796874999
2 0.17766368125 0.1286017921875 0.1775309453125 0.1426726390625 0.1796408796875 0.18669706875 0.18635830625 0.19466530937499998 0.1929218234375 0.203031759375 0.2065309453125 0.2020773609375 0.21460016249999997 0.185287459375 0.21466368125000002 0.1135399015625 0.20399104218750003 0.1051579796875 0.19579478749999998 0.10445846875 0.1818672640625 0.1068868078125 0.17662947812500002 0.1172565140625 0.17766368125 0.1286017921875
2 0.9141995109375 0.2211311078125 0.9233925078125 0.21011970624999998 0.9325537453124999 0.20011074843749999 0.9384910421875 0.1841311078125 0.9396579796875001 0.0706758953125 0.9352524437499999 0.0561229640625 0.9267271984375001 0.0430333875 0.9052662859374999 0.0447882734375 0.90623615625 0.216026059375 0.9141995109375 0.2211311078125
2 0.912295603125 0.5392565140625 0.9227825734374999 0.5265912046875 0.932262215625 0.5156799671875001 0.93547475625 0.5057923453125001 0.9363021171874999 0.3942776875 0.9325325734375 0.38251384375 0.9283330624999999 0.37369706874999997 0.9253273609375 0.3648379484375 0.9093379484374999 0.3583061890625 0.9040252437499999 0.5435187296875 0.912295603125 0.5392565140625
2 0.9058281765625 0.8593167749999999 0.9128583062500001 0.8593859937499999 0.920015471875 0.8513802937499999 0.9265464171875 0.8408355046875 0.9320602609374999 0.8217654718749999 0.9339210093749999 0.7066188921875 0.929521171875 0.6965407171875 0.9191083062500001 0.6815366453125 0.9029861562500001 0.6824218234375 0.9000382734375 0.8536807812499999 0.9058281765625 0.8593167749999999
3 0.321875 0.07421875 0.04140625 0.090625
3 0.58203125 0.17109375 0.04140625 0.090625
3 0.62421875 0.171875 0.04140625 0.090625
3 0.6671875 0.17421875 0.04140625 0.090625
3 0.71015625 0.17265625 0.04140625 0.090625
3 0.753125 0.17265625 0.04140625 0.090625
3 0.79765625 0.17265625 0.04140625 0.090625
3 0.840625 0.1734375 0.04140625 0.090625
3 0.8828125 0.1734375 0.04140625 0.090625
3 0.365625 0.16875 0.04140625 0.090625
3 0.409375 0.16875 0.04140625 0.090625
3 0.4515625 0.1703125 0.04140625 0.090625
3 0.4953125 0.17109375 0.04140625 0.090625
3 0.53984375 0.16953125 0.04140625 0.090625
3 0.4546875 0.0765625 0.04140625 0.090625
3 0.4109375 0.07578125 0.04140625 0.090625
3 0.2359375 0.16796875 0.04140625 0.090625
3 0.36484375 0.075 0.04140625 0.090625
3 0.278125 0.16796875 0.04140625 0.090625
3 0.3203125 0.16796875 0.04140625 0.090625
3 0.62734375 0.078125 0.04140625 0.090625
3 0.584375 0.0765625 0.04140625 0.090625
3 0.54140625 0.07578125 0.04140625 0.090625
3 0.4984375 0.0765625 0.04140625 0.090625
3 0.8 0.07890625 0.04140625 0.090625
3 0.75546875 0.07890625 0.04140625 0.090625
3 0.84140625 0.07890625 0.04140625 0.090625
3 0.71171875 0.07890625 0.04140625 0.090625
3 0.66796875 0.0796875 0.04140625 0.090625
3 0.32109375 0.48984375 0.04140625 0.090625
3 0.278125 0.48984375 0.04140625 0.090625
3 0.2796875 0.39609375 0.04140625 0.090625
3 0.8828125 0.08046875 0.04140625 0.090625
3 0.4921875 0.48984375 0.04375 0.090625
3 0.44921875 0.48984375 0.04140625 0.090625
3 0.40703125 0.4890625 0.04140625 0.090625
3 0.3640625 0.48984375 0.04140625 0.090625
3 0.53671875 0.48984375 0.04375 0.090625
3 0.7078125 0.49296875 0.04375 0.090625
3 0.665625 0.49296875 0.04375 0.090625
3 0.6203125 0.49140625 0.04375 0.090625
3 0.578125 0.49140625 0.04375 0.090625
3 0.5375 0.39765625 0.0421875 0.090625
3 0.49375 0.396875 0.04375 0.090625
3 0.45 0.39609375 0.04375 0.090625
3 0.40703125 0.39453125 0.04375 0.090625
3 0.3640625 0.39453125 0.04375 0.090625
3 0.3203125 0.396875 0.04375 0.090625
3 0.66484375 0.39921875 0.04375 0.090625
3 0.621875 0.39765625 0.04375 0.090625
3 0.57890625 0.396875 0.04375 0.090625
3 0.840625 0.4 0.04375 0.090625
3 0.7953125 0.49453125 0.04375 0.090625
3 0.7953125 0.40078125 0.04375 0.090625
3 0.7078125 0.39921875 0.04375 0.090625
3 0.2328125 0.490625 0.04375 0.090625
3 0.88203125 0.4921875 0.04375 0.090625
3 0.88671875 0.40078125 0.04375 0.090625
3 0.8375 0.49296875 0.04375 0.090625
3 0.83671875 0.721875 0.04375 0.090625
3 0.7921875 0.72109375 0.04375 0.090625
3 0.70625 0.721875 0.04375 0.090625
3 0.66328125 0.71953125 0.04375 0.090625
3 0.61953125 0.71953125 0.04375 0.090625
3 0.57578125 0.71875 0.04375 0.090625
3 0.83671875 0.81328125 0.04375 0.090625
3 0.87734375 0.81640625 0.04375 0.090625
3 0.88203125 0.7234375 0.04375 0.090625
3 0.6625 0.8125 0.04375 0.090625
3 0.703125 0.8140625 0.04375 0.090625
3 0.79140625 0.8140625 0.04375 0.090625
3 0.48984375 0.71640625 0.04375 0.090625
3 0.4671875 0.81171875 0.04375 0.090625
3 0.48828125 0.71796875 0.04375 0.090625
3 0.5328125 0.71875 0.04375 0.090625
3 0.534375 0.8109375 0.04375 0.090625
3 0.575 0.8125 0.04375 0.090625
3 0.61796875 0.81171875 0.04375 0.090625
3 0.2703125 0.715625 0.05 0.08984375
3 0.31796875 0.71484375 0.04375 0.090625
3 0.36015625 0.7140625 0.04375 0.090625
3 0.38359375 0.809375 0.04375 0.090625
3 0.403125 0.715625 0.04375 0.090625
3 0.42578125 0.80859375 0.04375 0.090625
3 0.4484375 0.7171875 0.04375 0.090625
3 0.32734375 0.81015625 0.0625 0.0953125
3 0.254998371875 0.8591897390625001 0.2954022796875 0.86006921875 0.2961498375 0.7630073296875 0.249426709375 0.7636058625000001 0.254998371875 0.8591897390625001
2 0.75 0.7203125 0.0453125 0.09375
2 0.74921875 0.81953125 0.04609375 0.09765625
2 0.753125 0.46640625 0.0453125 0.23046875
2 0.30049185624999997 0.0291962546875 0.2144828984375 0.02974755625 0.2135977203125 0.1219218234375 0.21441938125 0.120559446875 0.2983607484375 0.1195203578125 0.30049185624999997 0.0291962546875
2 0.361592834375 0.0491938109375 0.3566311078125 0.10116042343750001 0.6334666125 0.11755863124999999 0.637962540625 0.10497801250000001 0.650723940625 0.0968135171875 0.6645130296875 0.08786400625 0.70104153125 0.052990228125000004 0.683487784375 0.02081921875 0.6724600984375 0.023894137500000003 0.6542866453125 0.034370521875 0.631934853125 0.0507842015625 0.62610260625 0.060884364062499995 0.3610203578125 0.048859934375000004 0.361592834375 0.0491938109375
2 0.184984528125 0.3619324109375 0.2142923453125 0.5015887625000001 0.2187508140625 0.442909609375 0.25877280156250004 0.441929153125 0.2579934859375 0.3516368078125 0.21471661250000001 0.352214984375 0.1955879484375 0.3550561890625 0.1870635171875 0.36126954375000003 0.184984528125 0.3619324109375
0 0.75859375 0.08359375 0.03828125 0.078125
0 0.3125 0.3671875 0.046875 0.0703125
0 0.40234375 0.38671875 0.05 0.07109375
0 0.5328125 0.39765625 0.0390625 0.08203125
0 0.6203125 0.39765625 0.03671875 0.0828125
0 0.66640625 0.403125 0.03984375 0.08671875
0 0.6625 0.490625 0.03984375 0.08359375
0 0.70625 0.4953125 0.0421875 0.07421875
0 0.2703125 0.71171875 0.03671875 0.08203125
0 0.403125 0.70859375 0.0390625 0.08671875
0 0.44453125 0.715625 0.03828125 0.0859375
0 0.53046875 0.7140625 0.0390625 0.07890625
0 0.659375 0.71640625 0.03984375 0.08203125
0 0.78984375 0.7296875 0.0375 0.08125
0 0.83125 0.7296875 0.0375 0.07734375
0 0.8328125 0.81953125 0.04140625 0.08359375
0 0.65546875 0.81484375 0.03671875 0.07265625
0 0.61953125 0.8125 0.03828125 0.0828125
0 0.57734375 0.81640625 0.03828125 0.0859375
0 0.534375 0.8078125 0.04453125 0.07890625
0 0.46953125 0.81328125 0.03671875 0.0875
0 0.42265625 0.8109375 0.040625 0.07734375
0 0.37890625 0.81015625 0.03984375 0.0796875
0 0.2671875 0.8109375 0.028125 0.0890625
0 0.4875 0.71875 0.04140625 0.08828125
3 0.50078125 0.81015625 0.02109375 0.0921875