1 0.04935830625 0 0.047295603125 0.0566482078125 0.9991856671875 0.0575814328125 0.9991856671875 0 0.04935830625 0
1 0.048870521875 0.3216824109375 0.050906351562499993 0.3206644953125 0.0637312703125 0.321395765625 0.0718216609375 0.3256213359375 0.084873778125 0.3309340390625 0.09413599375000001 0.34194543906249997 0.0953184046875 0.5284519546875 0.08853175937499999 0.5434128671875 0.07277524375 0.55198615625 0.0523745921875 0.5558241046875 0.037392507812499996 0.5565130296875 0.0346938109375 0.6800048859375 0.041373778124999996 0.678732084375 0.0592825734375 0.6799087953125 0.0803355046875 0.6862394140625 0.08711156406250001 0.693523615625 0.0924397390625 0.7029128671875 0.09107166093749999 0.8616441375000001 0.08352198749999999 0.8727776875 0.0713811078125 0.8819071656249999 0.059240228125 0.8835879484375001 0.048934039062500004 0.886021171875 0.03833631875 0.8839641687500001 0.038076546875 0.9988517921875 0.9991856671875 0.9797915312500001 0.9991856671875 0.1490447875 0.047799675 0.1479315953125 0.048870521875 0.3216824109375
2 0.54609375 0.78359375 0.9046875 0.01953125
2 0.5484375 0.45234375 0.903125 0.0203125
3 0.59296875 0.1890625 0.04609375 0.0796875
3 0.6390625 0.19140625 0.0453125 0.07890625
3 0.18359375 0.190625 0.0453125 0.07890625
3 0.22890625 0.1890625 0.0453125 0.07890625
3 0.27421875 0.1890625 0.0453125 0.07890625
3 0.3203125 0.18984375 0.0453125 0.07890625
3 0.36328125 0.19140625 0.0453125 0.07890625
3 0.41171875 0.19140625 0.0453125 0.07890625
3 0.4578125 0.190625 0.0453125 0.07890625
2 0.54921875 0.190625 0.0453125 0.07890625
3 0.50234375 0.18984375 0.0453125 0.07890625
3 0.77578125 0.19453125 0.0453125 0.07890625
3 0.73203125 0.19296875 0.0453125 0.07890625
3 0.821875 0.19140625 0.0453125 0.07890625
3 0.684375 0.19296875 0.0453125 0.07890625
3 0.13828125 0.18984375 0.0453125 0.07890625
3 0.89609375 0.39375 0.0453125 0.07890625
3 0.95625 0.1921875 0.0453125 0.07890625
3 0.91171875 0.190625 0.0453125 0.07890625
3 0.86796875 0.190625 0.0453125 0.07890625
3 0.303125 0.39140625 0.0453125 0.07890625
3 0.26015625 0.39296875 0.0453125 0.07890625
3 0.21328125 0.39375 0.0453125 0.07890625
3 0.12265625 0.39296875 0.0453125 0.07890625
3 0.1671875 0.3921875 0.0453125 0.07890625
3 0.71171875 0.3953125 0.0453125 0.07890625
3 0.75859375 0.39375 0.0453125 0.07890625
3 0.803125 0.39296875 0.0453125 0.07890625
3 0.8515625 0.39375 0.0453125 0.07890625
3 0.8484375 0.51640625 0.0453125 0.07890625
3 0.8953125 0.515625 0.0453125 0.07890625
3 0.35078125 0.39296875 0.0453125 0.07890625
3 0.803125 0.5171875 0.0453125 0.07890625
3 0.25625 0.51015625 0.0453125 0.07890625
3 0.303125 0.51015625 0.0453125 0.07890625
3 0.35 0.50859375 0.0453125 0.07890625
3 0.57734375 0.3953125 0.0453125 0.08671875
3 0.621875 0.39453125 0.0453125 0.08671875
3 0.53125 0.3953125 0.0453125 0.08671875
3 0.48671875 0.39609375 0.0453125 0.08671875
3 0.4421875 0.3953125 0.0453125 0.08671875
3 0.440625 0.39453125 0.0453125 0.08671875
3 0.39609375 0.3953125 0.0453125 0.08671875
3 0.93984375 0.5125 0.0453125 0.08671875
3 0.940625 0.396875 0.0453125 0.08671875
3 0.66953125 0.39453125 0.0453125 0.08671875
3 0.53125 0.5109375 0.0453125 0.08671875
3 0.5765625 0.51015625 0.0453125 0.08671875
3 0.62109375 0.5125 0.0453125 0.08671875
3 0.6671875 0.51171875 0.0453125 0.08671875
3 0.71328125 0.5109375 0.0453125 0.08671875
3 0.7578125 0.5125 0.0453125 0.08671875
3 0.2109375 0.51015625 0.0453125 0.08671875
3 0.34765625 0.5109375 0.0453125 0.08671875
3 0.39296875 0.5109375 0.0453125 0.08671875
3 0.4375 0.509375 0.0453125 0.08671875
3 0.48515625 0.5109375 0.0453125 0.08671875
3 0.62265625 0.728125 0.0453125 0.08671875
3 0.6671875 0.72734375 0.0453125 0.08671875
3 0.1203125 0.50859375 0.0453125 0.08671875
3 0.1671875 0.509375 0.0453125 0.08671875
3 0.1640625 0.72109375 0.0453125 0.08671875
3 0.2109375 0.72109375 0.0453125 0.08671875
3 0.2546875 0.721875 0.0453125 0.08671875
3 0.3015625 0.7234375 0.0453125 0.08671875
3 0.3453125 0.72578125 0.0453125 0.08671875
3 0.39375 0.7265625 0.0453125 0.08671875
3 0.43828125 0.72578125 0.0453125 0.08671875
3 0.48515625 0.72578125 0.0453125 0.08671875
3 0.896875 0.72890625 0.0453125 0.08671875
3 0.85 0.72734375 0.0453125 0.08671875
3 0.80546875 0.7265625 0.0453125 0.08671875
3 0.759375 0.728125 0.0453125 0.08671875
3 0.71328125 0.72734375 0.0453125 0.08671875
3 0.11875 0.72109375 0.0453125 0.08671875
3 0.71171875 0.8390625 0.0453125 0.08671875
3 0.75703125 0.840625 0.0453125 0.08671875
3 0.8015625 0.8375 0.0453125 0.08671875
3 0.84765625 0.83984375 0.0453125 0.08671875
3 0.89453125 0.840625 0.0453125 0.08671875
3 0.9390625 0.84140625 0.0453125 0.08671875
3 0.9421875 0.72734375 0.0453125 0.08671875
3 0.2078125 0.83828125 0.0453125 0.08671875
3 0.25390625 0.8375 0.0453125 0.08671875
3 0.29765625 0.8375 0.0453125 0.08671875
3 0.34140625 0.8390625 0.0453125 0.08671875
3 0.390625 0.83984375 0.0453125 0.08671875
3 0.43359375 0.83828125 0.0453125 0.08671875
3 0.48203125 0.83828125 0.0453125 0.08671875
3 0.57421875 0.8390625 0.0453125 0.08671875
3 0.6203125 0.840625 0.0453125 0.08671875
3 0.66640625 0.8390625 0.0453125 0.08671875
3 0.11875 0.83515625 0.0453125 0.08671875
3 0.1625 0.83828125 0.0453125 0.08671875
3 0.98125 0.72578125 0.0375 0.0859375
3 0.98203125 0.84140625 0.03359375 0.08984375
3 0.98203125 0.396875 0.03359375 0.08359375
3 0.98125 0.5125 0.0375 0.090625
3 0.990625 0.19140625 0.01875 0.08125
3 0.98984375 0.0234375 0.0171875 0.046875
3 0.95859375 0.0234375 0.04375 0.046875
3 0.9125 0.0265625 0.04453125 0.053125
3 0.5953125 0.0265625 0.04453125 0.053125
3 0.6390625 0.0265625 0.04453125 0.053125
3 0.6890625 0.0265625 0.04453125 0.053125
3 0.73046875 0.0265625 0.04453125 0.053125
3 0.775 0.0265625 0.04453125 0.053125
3 0.82109375 0.0265625 0.04453125 0.053125
3 0.865625 0.0265625 0.04453125 0.053125
3 0.22890625 0.0265625 0.04453125 0.053125
3 0.31953125 0.0265625 0.04453125 0.053125
3 0.3671875 0.0265625 0.04453125 0.053125
3 0.41328125 0.0265625 0.04453125 0.053125
3 0.45703125 0.0265625 0.04453125 0.053125
3 0.2765625 0.0265625 0.04453125 0.053125
3 0.5015625 0.0265625 0.04453125 0.053125
2 0.55 0.0265625 0.04453125 0.053125
3 0.084375 0.025 0.06796875 0.04921875
3 0.13984375 0.0265625 0.04453125 0.053125
3 0.184375 0.0265625 0.04453125 0.053125
3 0.0828125 0.190625 0.06953125 0.0796875
2 0.53125 0.725 0.04453125 0.0828125
2 0.53046875 0.83671875 0.04296875 0.08984375
0 0.91171875 0.0265625 0.0359375 0.053125
0 0.82109375 0.0296875 0.03359375 0.05859375
0 0.72890625 0.0234375 0.03203125 0.04609375
0 0.6390625 0.02578125 0.040625 0.0515625
0 0.59296875 0.0234375 0.03125 0.046875
0 0.5015625 0.0203125 0.0390625 0.03828125
0 0.4578125 0.021875 0.03671875 0.040625
0 0.41484375 0.025 0.03515625 0.046875
0 0.36875 0.03046875 0.034375 0.05859375
0 0.32265625 0.021875 0.03515625 0.04375
0 0.2765625 0.0234375 0.03359375 0.046875
0 0.23046875 0.025 0.03671875 0.046875
0 0.18359375 0.0234375 0.0296875 0.04453125
0 0.07890625 0.0234375 0.0359375 0.046875
0 0.13984375 0.02265625 0.0328125 0.0453125
0 0.1828125 0.1921875 0.04375 0.08671875
0 0.22734375 0.18515625 0.03828125 0.08515625
0 0.27578125 0.18515625 0.04140625 0.08203125
0 0.31875 0.1796875 0.0375 0.07734375
0 0.36640625 0.17421875 0.03984375 0.07890625
0 0.45546875 0.18515625 0.0421875 0.08203125
0 0.63828125 0.1890625 0.04453125 0.08671875
0 0.8671875 0.18515625 0.03984375 0.09609375
0 0.9578125 0.184375 0.040625 0.0921875
0 0.1671875 0.39453125 0.0375 0.08828125
0 0.2125 0.39375 0.034375 0.09296875
0 0.25703125 0.39140625 0.0390625 0.09609375
0 0.30234375 0.3890625 0.040625 0.096875
0 0.39375 0.39375 0.03828125 0.09296875
0 0.44296875 0.39453125 0.03984375 0.09296875
0 0.4890625 0.403125 0.03828125 0.0890625
0 0.71171875 0.39765625 0.04140625 0.10078125
0 0.8484375 0.39296875 0.04453125 0.096875
0 0.93984375 0.51484375 0.03984375 0.09140625
0 0.66953125 0.50546875 0.0421875 0.09375
0 0.6234375 0.4875 0.03671875 0.084375
0 0.53671875 0.496875 0.0359375 0.08203125
0 0.440625 0.50078125 0.040625 0.0921875
0 0.39609375 0.49375 0.034375 0.08359375
0 0.3484375 0.50703125 0.040625 0.08828125
0 0.30546875 0.50546875 0.040625 0.0875
0 0.25703125 0.503125 0.03671875 0.08359375
0 0.21328125 0.5 0.03828125 0.08203125
0 0.16875 0.50234375 0.03671875 0.08203125
0 0.11796875 0.49765625 0.040625 0.07890625
0 0.11328125 0.72265625 0.0328125 0.09375
0 0.165625 0.71640625 0.03828125 0.0890625
0 0.21640625 0.72265625 0.03671875 0.0828125
0 0.3 0.72421875 0.0375 0.08359375
0 0.39140625 0.72578125 0.03359375 0.084375
0 0.4359375 0.721875 0.04375 0.0859375
0 0.57734375 0.72421875 0.03828125 0.0921875
0 0.66875 0.73125 0.040625 0.08671875
0 0.94296875 0.8421875 0.03671875 0.09375
0 0.80078125 0.840625 0.0453125 0.08828125
0 0.7140625 0.83515625 0.03828125 0.08359375
0 0.6671875 0.83125 0.0390625 0.0828125
0 0.6203125 0.82734375 0.0359375 0.08515625
0 0.575 0.82890625 0.03125 0.07890625
0 0.48125 0.8375 0.0375 0.0796875
0 0.43671875 0.81796875 0.03515625 0.08125
0 0.38671875 0.834375 0.03515625 0.0859375
0 0.3453125 0.83984375 0.03984375 0.08828125
0 0.296875 0.82890625 0.034375 0.0828125
0 0.2515625 0.8296875 0.03984375 0.08203125
0 0.20703125 0.83046875 0.03828125 0.084375
0 0.16484375 0.825 0.0390625 0.0875
0 0.11484375 0.83359375 0.040625 0.08984375