0 0.48828125 0.74375 0.03984375 0.08046875
0 0.52109375 0.5265625 0.03984375 0.08515625
0 0.54375 0.83046875 0.03515625 0.08671875
0 0.46796875 0.53359375 0.03515625 0.08125
0 0.7140625 0.0875 0.03671875 0.0859375
0 0.92734375 0.0890625 0.03671875 0.0796875
0 0.95390625 0.5359375 0.03125 0.06171875
0 0.6984375 0.52734375 0.0390625 0.08203125
0 0.63046875 0.74375 0.0390625 0.08671875
0 0.590625 0.7421875 0.03671875 0.078125
0 0.7125 0.18046875 0.040625 0.0765625
0 0.57890625 0.08515625 0.0390625 0.08046875
0 0.5375 0.17109375 0.03671875 0.08125
0 0.84375 0.8234375 0.04140625 0.08671875
0 0.67109375 0.1703125 0.03359375 0.084375
0 0.67109375 0.08515625 0.03671875 0.078125
0 0.7796875 0.5265625 0.040625 0.0734375
0 0.75859375 0.084375 0.03828125 0.090625
0 0.671875 0.74765625 0.0359375 0.07578125
0 0.8671875 0.39140625 0.03984375 0.08515625
0 0.521875 0.38828125 0.03515625 0.071875
1 0.44351547187499996 0.109820846875 0.2801856671875 0.1107980453125 0.28959202031250003 0.9991856671875 0.9991856671875 0.9991856671875 0.9981384359375 0.002326546875 0.44424755625 0.0027671015625 0.44351547187499996 0.109820846875