1 0.9998428338762215 0 0.707742671009772 0 0.7334348534201955 0.17324674267100978 0.7530138436482086 0.35114332247557006 0.7663208469055375 0.5184796416938111 0.7680228013029315 0.9975781758957656 0.9998428338762215 0.9967882736156353 0.9998428338762215 0
3 0.81640625 0.2140625 0.04296875 0.09453125
3 0.8609375 0.21484375 0.04296875 0.09453125
3 0.903125 0.21640625 0.04296875 0.09453125
3 0.88125 0.31015625 0.04296875 0.09453125
3 0.9265625 0.31171875 0.04296875 0.09453125
3 0.9671875 0.31171875 0.04296875 0.09453125
3 0.94609375 0.215625 0.04296875 0.09453125
3 0.77421875 0.215625 0.04296875 0.09453125
3 0.94375 0.5359375 0.04296875 0.09453125
3 0.9 0.53671875 0.04296875 0.09453125
3 0.90078125 0.6328125 0.04296875 0.09453125
3 0.85703125 0.6328125 0.04296875 0.09453125
3 0.815625 0.63359375 0.04296875 0.09453125
3 0.94296875 0.63203125 0.04296875 0.09453125
3 0.94609375 0.8609375 0.04296875 0.09453125
3 0.9828125 0.53671875 0.034375 0.0953125
3 0.81484375 0.86015625 0.04296875 0.09453125
3 0.86015625 0.86015625 0.04296875 0.09453125
3 0.90234375 0.8609375 0.04296875 0.09453125
3 0.9828125 0.6328125 0.034375 0.09609375
3 0.7828125 0.8625 0.02578125 0.09453125
3 0.8265625 0.31171875 0.0671875 0.09296875
3 0.7554519546875 0.35873534218750003 0.796248371875 0.35789250781250004 0.7957768734374999 0.265315146875 0.7491856671875 0.2646579796875 0.7554519546875 0.35873534218750003
3 0.846875 0.53515625 0.06328125 0.0921875
3 0.769793159375 0.58388029375 0.8127255703125 0.586870521875 0.8156522796875001 0.48854071718750003 0.7614006515625 0.48859934843749997 0.769793159375 0.58388029375
3 0.768684853125 0.6809535828125 0.7927548859375 0.6790716609375 0.7950871328125 0.5851001625000001 0.7681864828125 0.58631921875 0.768684853125 0.6809535828125
3 0.859375 0.9546875 0.04375 0.090625
3 0.98359375 0.9546875 0.0328125 0.090625
3 0.9453125 0.9546875 0.04375 0.090625
3 0.81875 0.9546875 0.04375 0.090625
3 0.98515625 0.86015625 0.02890625 0.09453125
3 0.78515625 0.9546875 0.02578125 0.0875
3 0.98515625 0.215625 0.0296875 0.09453125
3 0.77734375 0.0171875 0.040625 0.03359375
3 0.98515625 0.0171875 0.0296875 0.034375
3 0.81796875 0.0171875 0.040625 0.03359375
3 0.86171875 0.0171875 0.040625 0.03359375
3 0.90390625 0.0171875 0.040625 0.03359375
3 0.9484375 0.0171875 0.040625 0.03359375
3 0.7202019546875 0.034799675 0.7581245921875001 0.0336074921875 0.7567035828125 0 0.7120635171874999 0.001653909375 0.7202019546875 0.034799675
0 0.7703125 0.209375 0.03359375 0.08203125
0 0.903125 0.2109375 0.03984375 0.0890625
0 0.9453125 0.21640625 0.0359375 0.0875
0 0.9828125 0.2203125 0.034375 0.103125
0 0.76640625 0.31171875 0.03203125 0.0859375
0 0.8796875 0.3109375 0.03359375 0.08203125
0 0.925 0.31171875 0.03359375 0.078125
0 0.96875 0.31328125 0.0328125 0.08359375
0 0.89609375 0.5265625 0.0421875 0.0875
0 0.9421875 0.53203125 0.0390625 0.0828125
0 0.80859375 0.63046875 0.03828125 0.07890625
0 0.90234375 0.621875 0.04140625 0.0875
0 0.9453125 0.625 0.0390625 0.0796875
0 0.7828125 0.86484375 0.02421875 0.07734375
0 0.85859375 0.865625 0.03515625 0.08046875
0 0.9 0.86015625 0.03984375 0.08671875
0 0.94765625 0.86328125 0.0359375 0.08203125
0 0.9859375 0.859375 0.028125 0.0875
0 0.81640625 0.95234375 0.040625 0.0875
0 0.90234375 0.953125 0.03671875 0.0828125
0 0.98515625 0.953125 0.0296875 0.08671875