0 0.5546875 0.884375 0.0328125 0.08203125
0 0.96796875 0.20625 0.0640625 0.03515625
0 0.6515625 0.87890625 0.03828125 0.0828125
0 0.6015625 0.8796875 0.03359375 0.084375
0 0.825 0.87578125 0.03671875 0.07890625
0 0.95703125 0.775 0.0328125 0.07578125
0 0.78203125 0.78515625 0.03203125 0.08125
0 0.8703125 0.7828125 0.0328125 0.0734375
0 0.91171875 0.8796875 0.034375 0.08046875
0 0.5234375 0.5890625 0.03203125 0.08046875
0 0.65625 0.5828125 0.03515625 0.0765625
0 0.87890625 0.578125 0.03828125 0.0734375
0 0.73984375 0.87734375 0.0390625 0.08203125
0 0.609375 0.77578125 0.04140625 0.0953125
0 0.69765625 0.78046875 0.034375 0.075
0 0.7 0.58515625 0.03515625 0.075
0 0.828125 0.778125 0.03671875 0.07421875
0 0.6984375 0.87265625 0.0375 0.0765625
0 0.74296875 0.58125 0.034375 0.0765625
0 0.78515625 0.5796875 0.03515625 0.0765625
0 0.82890625 0.578125 0.0390625 0.07109375
0 0.4859375 0.88671875 0.03515625 0.08671875
0 0.60546875 0.57578125 0.03046875 0.07890625
0 0.4890625 0.209375 0.08359375 0.03671875
0 0.9890625 0.76953125 0.0203125 0.0765625
0 0.97265625 0.5828125 0.03828125 0.0828125
0 0.47734375 0.253125 0.078125 0.03828125
0 0.68203125 0.25390625 0.07421875 0.034375
0 0.14140625 0.49375 0.0296875 0.0609375
0 0.47734375 0.296875 0.08359375 0.0375
0 0.96953125 0.29375 0.0609375 0.03359375
0 0.1640625 0.1203125 0.0703125 0.03515625
0 0.01015625 0.49375 0.01875 0.05078125
0 0.76875 0.2546875 0.071875 0.03671875
0 0.1796875 0.4921875 0.03359375 0.0625
0 0.0609375 0.4921875 0.03125 0.0734375
0 0.18125 0.17421875 0.071875 0.03359375
1 0.71796875 0.1703125 0.5640625 0.33046875
1 0.7265625 0.76953125 0.546875 0.4515625
1 0.1125 0.26640625 0.225 0.5265625