1 0.36171875 0.26484375 0.72265625 0.5265625
1 0.96015625 0.48828125 0.078125 0.9765625
3 0.96875 0.01640625 0.059375 0.0328125
3 0.96953125 0.05234375 0.059375 0.046875
3 0.96953125 0.09453125 0.05859375 0.04375
3 0.96953125 0.13359375 0.05625 0.04375
3 0.9703125 0.17265625 0.05703125 0.03671875
3 0.9703125 0.209375 0.05703125 0.04375
3 0.96875 0.25234375 0.06015625 0.04765625
3 0.9703125 0.2921875 0.0578125 0.04765625
3 0.975 0.58515625 0.0453125 0.08203125
3 0.97890625 0.78984375 0.03984375 0.09609375
3 0.97890625 0.88203125 0.040625 0.09609375
0 0.97109375 0.21015625 0.0578125 0.03984375
0 0.96953125 0.253125 0.06015625 0.04296875
0 0.971875 0.2953125 0.05625 0.046875
0 0.98125 0.8875 0.0375 0.08828125
3 0.66796875 0.1234375 0.06875 0.03203125
3 0.66953125 0.16640625 0.07890625 0.03984375
3 0.09375 0.17578125 0.04140625 0.08671875
3 0.21796875 0.1625 0.04609375 0.08515625
3 0.6703125 0.0515625 0.09140625 0.05078125
3 0.7144438109375 0.025230456249999998 0.716495928125 0 0.624549675 0.00005293125 0.62714739375 0.0019666125 0.6261188921875 0.0276587953125 0.7144438109375 0.025230456249999998
3 0.714921009375 0.1111115640625 0.7198200328125 0.0784006515625 0.6325333875 0.07357654687500001 0.63456921875 0.11061889218750001 0.714921009375 0.1111115640625
3 0.45548534218750003 0.12622719843750002 0.455092834375 0.2144780125 0.49390065156249996 0.21616938125 0.5002890875 0.124901465625 0.45385260625 0.1258078171875 0.45548534218750003 0.12622719843750002
3 0.414206840625 0.12571254062499998 0.41672475625 0.21766449531249998 0.45984364843750003 0.2156547234375 0.45567589531249997 0.1272923453125 0.41053257343749994 0.122059446875 0.414206840625 0.12571254062499998
3 0.36685749218749997 0.20913355 0.41633794843749994 0.2147801296875 0.414688925 0.12220846875 0.414090390625 0.1209837140625 0.35853908749999996 0.12277035781250001 0.36685749218749997 0.20913355
3 0.3353021171875 0.2193184046875 0.3732728015625 0.214387621875 0.3677964171875 0.12440309375 0.36080863124999996 0.12140797968749999 0.33147475625 0.125262215625 0.3353021171875 0.2193184046875
3 0.2895545609375 0.20547557031250002 0.33619869687500004 0.209118078125 0.3337117265625 0.1178925078125 0.330917753125 0.11933469062499999 0.2926824109375 0.12074511406249999 0.2895545609375 0.20547557031250002
3 0.23839902343750002 0.206090390625 0.290545603125 0.209929153125 0.2926563515625 0.119976384375 0.2906628671875 0.11948859999999999 0.240381921875 0.1223827359375 0.23839902343750002 0.206090390625
3 0.15990309375 0.209393321875 0.1995171015625 0.21001954375 0.1958534203125 0.12128583125 0.1547231265625 0.12486400625 0.15990309375 0.209393321875
3 0.11384202031249999 0.2164397390625 0.1550944625 0.21482247499999998 0.1530741046875 0.1290366453125 0.113476384375 0.128177525 0.11384202031249999 0.2164397390625
3 0.0350333875 0.2274087953125 0.08197964218750001 0.22053745937499997 0.07805048906249999 0.1349006515625 0.031215798437499997 0.12985830625 0.0350333875 0.2274087953125
3 0.004061075 0.14548208437500001 0.0001327359375 0.2182312703125 0.0366343640625 0.2125114 0.032769543750000005 0.1363102609375 0.0036425078125 0.141437296875 0.004061075 0.14548208437500001
3 0 0.2810773609375 0.0007744296874999999 0.3589478828125 0.0229666125 0.3570447875 0.022759771875 0.281978828125 0 0.28093403906250003 0 0.2810773609375
3 0.0218061125 0.278223996875 0.0250187296875 0.3536245921875 0.0640545609375 0.35315309375 0.0595162859375 0.26628583125 0.0218061125 0.278223996875
3 0.070145765625 0.34851384375 0.1105447875 0.3461758953125 0.1079894140625 0.261190553125 0.0680993484375 0.2615830625 0.070145765625 0.34851384375
3 0.1328125 0.30546875 0.04609375 0.0890625
3 0.22265625 0.30390625 0.040625 0.08671875
3 0.26640625 0.3046875 0.04375 0.09140625
3 0.309375 0.30390625 0.04375 0.0921875
3 0.3546875 0.3046875 0.0421875 0.090625
3 0.39609375 0.30078125 0.040625 0.09453125
3 0.4390625 0.3 0.0390625 0.09140625
3 0.4796875 0.3 0.04453125 0.08984375
3 0.04765625 0.4921875 0.03828125 0.05
3 0.08671875 0.4921875 0.0375 0.0453125
3 0.12421875 0.49296875 0.0359375 0.05234375
3 0.16015625 0.4953125 0.040625 0.05625
3 0.2390625 0.49375 0.0359375 0.05390625
3 0.278125 0.4921875 0.03203125 0.05859375
3 0.31484375 0.49296875 0.03515625 0.0578125
3 0.35078125 0.49296875 0.03359375 0.0578125
3 0.39140625 0.49140625 0.04140625 0.06484375
3 0.428125 0.49296875 0.03125 0.0609375
3 0.4609375 0.49296875 0.03203125 0.0609375
3 0.4984375 0.49375 0.0359375 0.0625
3 0.565625 0.4921875 0.034375 0.05625
3 0.6 0.49140625 0.0359375 0.059375
3 0.63828125 0.4890625 0.0359375 0.0578125
3 0.678125 0.48984375 0.03125 0.059375
0 0.09765625 0.1734375 0.0375 0.0890625
0 0.38828125 0.18125 0.0375 0.071875
0 0.396875 0.3015625 0.03046875 0.06875
0 0.4828125 0.30546875 0.03359375 0.06015625
0 0.26953125 0.30078125 0.03125 0.0859375
0 0.31484375 0.49140625 0.02734375 0.05703125
0 0.3890625 0.49140625 0.03359375 0.0625
0 0.4625 0.49296875 0.0234375 0.0578125
0 0.50234375 0.496875 0.02734375 0.0578125
0 0.5640625 0.4921875 0.02890625 0.059375
0 0.64140625 0.49375 0.0265625 0.059375
0 0.68125 0.4921875 0.03203125 0.06171875
3 0.67734375 0.20859375 0.0875 0.04453125
2 0.6376229640625 0.237683225 0.640984528125 0.2551465796875 0.6520700328125 0.262934853125 0.7252434859375 0.26047475625 0.7218346906249999 0.230112378125 0.6407459281250001 0.2332882734375 0.6376229640625 0.237683225
2 0.502293159375 0.12885667812499998 0.5054535828125 0.3510008140625 0.50779153125 0.3513395765625 0.5185008140625 0.344543159375 0.5239079796875 0.3373754078125 0.5244381109375 0.2646156359375 0.523590390625 0.1861091203125 0.5219576546875 0.1468078171875 0.5059886 0.12475814375000001 0.502293159375 0.12885667812499998
2 0.7059242671875 0.44766530937500004 0.70185830625 0.5211245921875001 0.7197402281249999 0.5224291531249999 0.7245276875 0.443694625 0.7202809453125 0.4421091203125 0.7135057 0.4458574921875 0.7059242671875 0.44766530937500004
3 0.0140625 0.49140625 0.028125 0.0515625
2 0.9295260593749999 0.543376221875 0.932245928125 0.6007605859375 0.9364820843749999 0.6206156359375 0.9408827359374999 0.6256571656250001 0.951427525 0.629490228125 0.9517133546875 0.5438371328125 0.93105293125 0.5469600984375 0.9295260593749999 0.543376221875
2 0.9251897390625 0.3255578171875 0.931376221875 0.3381547234375 0.9364185671874999 0.3478990234375 0.94752524375 0.347909609375 0.99879723125 0.3468387625 0.9991856671875 0.32341042343750004 0.9266213359375 0.32496416875 0.9251897390625 0.3255578171875