1 0 0.587442996875 0.004326546875 0.604907165625 0.015364006250000001 0.641487784375 0.026370521875000004 0.681515471875 0.040319218750000003 0.7317434859375 0.0517703578125 0.772454396875 0.0662231265625 0.8285244296875 0.0747109125 0.876701140625 0.0829438109375 0.9266742671875001 0.0894226390625 0.980723940625 0.0950268734375 0.9991856671875 0.9991856671875 0.9991856671875 0.9991856671875 0 0.0017972312500000001 0.0032548859375000003 0 0.5695716609375 0 0.587442996875
3 0.5171875 0.44375 0.10390625 0.046875
3 0.51640625 0.490625 0.10390625 0.046875
3 0.5171875 0.5359375 0.10390625 0.046875
3 0.51640625 0.58203125 0.10390625 0.046875
3 0.4125 0.30625 0.10390625 0.046875
3 0.41171875 0.3515625 0.10390625 0.046875
3 0.41015625 0.584375 0.10390625 0.046875
3 0.4109375 0.5375 0.10390625 0.046875
3 0.41015625 0.490625 0.10390625 0.046875
3 0.4125 0.4453125 0.10390625 0.046875
3 0.41328125 0.396875 0.10390625 0.046875
3 0.4140625 0.07734375 0.10390625 0.046875
3 0.41328125 0.03046875 0.10390625 0.046875
3 0.51640625 0.03125 0.10390625 0.046875
3 0.515625 0.07578125 0.10390625 0.046875
3 0.51640625 0.3078125 0.10390625 0.046875
3 0.5171875 0.3515625 0.10390625 0.046875
3 0.51640625 0.39765625 0.10390625 0.046875
3 0.21484375 0.16953125 0.10390625 0.046875
3 0.21484375 0.12265625 0.10390625 0.046875
3 0.4109375 0.8125 0.10390625 0.046875
3 0.5171875 0.8578125 0.10390625 0.046875
3 0.4109375 0.85703125 0.10390625 0.046875
3 0.515625 0.81171875 0.10390625 0.046875
3 0.1125 0.07421875 0.10390625 0.046875
3 0.11015625 0.16953125 0.10390625 0.046875
3 0.1109375 0.12109375 0.10390625 0.046875
3 0.215625 0.03046875 0.10390625 0.046875
3 0.21484375 0.0765625 0.10390625 0.046875
3 0.71484375 0.53515625 0.10390625 0.046875
3 0.715625 0.490625 0.10390625 0.046875
3 0.71640625 0.44453125 0.10390625 0.046875
3 0.11015625 0.0296875 0.10390625 0.046875
3 0.71640625 0.40078125 0.10390625 0.046875
3 0.82109375 0.396875 0.10390625 0.046875
3 0.82265625 0.4453125 0.10390625 0.046875
3 0.82109375 0.5828125 0.10390625 0.046875
3 0.821875 0.5328125 0.10390625 0.046875
3 0.715625 0.81171875 0.10390625 0.046875
3 0.81953125 0.81171875 0.10390625 0.046875
3 0.7140625 0.58359375 0.10390625 0.046875
3 0.715625 0.30703125 0.10390625 0.046875
3 0.81875 0.30625 0.10390625 0.046875
3 0.715625 0.90546875 0.10390625 0.046875
3 0.8203125 0.90546875 0.10390625 0.046875
3 0.71484375 0.86015625 0.10390625 0.046875
3 0.82109375 0.85859375 0.10390625 0.046875
3 0.71953125 0.03046875 0.10390625 0.046875
3 0.82265625 0.03125 0.10390625 0.046875
3 0.71796875 0.07578125 0.10390625 0.046875
3 0.821875 0.07734375 0.10390625 0.046875
3 0.515625 0.9046875 0.103125 0.04453125
3 0.41171875 0.9046875 0.103125 0.04453125
3 0.52265625 0.26015625 0.090625 0.0453125
3 0.403125 0.16796875 0.090625 0.0453125
3 0.52265625 0.16796875 0.090625 0.0453125
3 0.40546875 0.2140625 0.090625 0.0453125
3 0.52421875 0.2140625 0.090625 0.0453125
3 0.40546875 0.26015625 0.090625 0.0453125
3 0.215625 0.21484375 0.090625 0.0453125
3 0.40546875 0.125 0.090625 0.0453125
3 0.52421875 0.1234375 0.090625 0.0453125
3 0.5234375 0.62890625 0.090625 0.0453125
3 0.2140625 0.35 0.08828125 0.03984375
3 0.21484375 0.30703125 0.090625 0.0453125
3 0.2140625 0.26015625 0.090625 0.0453125
3 0.40390625 0.7203125 0.090625 0.0453125
3 0.40390625 0.67421875 0.090625 0.0453125
3 0.5203125 0.6734375 0.090625 0.0453125
3 0.4078125 0.628125 0.090625 0.0453125
3 0.52265625 0.76640625 0.090625 0.0453125
3 0.4046875 0.76484375 0.090625 0.0453125
3 0.521875 0.7203125 0.090625 0.0453125
3 0.709375 0.67421875 0.090625 0.0453125
3 0.71015625 0.71953125 0.090625 0.0453125
3 0.82734375 0.72109375 0.090625 0.0453125
3 0.82734375 0.765625 0.090625 0.0453125
3 0.709375 0.76640625 0.090625 0.0453125
3 0.82890625 0.26015625 0.090625 0.0453125
3 0.70703125 0.6296875 0.090625 0.0453125
3 0.82734375 0.6296875 0.090625 0.0453125
3 0.82734375 0.67421875 0.090625 0.0453125
3 0.71171875 0.16953125 0.090625 0.0453125
3 0.828125 0.16953125 0.090625 0.0453125
3 0.82890625 0.21484375 0.090625 0.0453125
3 0.709375 0.21640625 0.090625 0.0453125
3 0.7109375 0.259375 0.090625 0.0453125
3 0.7109375 0.12421875 0.090625 0.0453125
3 0.82734375 0.1234375 0.090625 0.0453125
3 0.10741123749999999 0.6154943 0.0935578171875 0.5750741046875001 0.0077508140625 0.6029771984375001 0.0189535828125 0.64675814375 0.10741123749999999 0.6154943
3 0.1209674265625 0.6603355046875 0.1089592828125 0.617826546875 0.01913355 0.6448387624999999 0.034073290625 0.6847972312499999 0.1209674265625 0.6603355046875
3 0.0069454390625 0.6025105859375001 0.0919356671875 0.5731661234375001 0.0770065140625 0.5311824109375001 0.0002174265625 0.5625097718750001 0 0.5749894140625 0.0069454390625 0.6025105859375001
3 0.0761107484375 0.530901465625 0.0622255703125 0.489129478125 0.002921009375 0.514773615625 0 0.560712540625 0.0761107484375 0.530901465625
3 0.13333631875000002 0.7031034203125001 0.120055375 0.658728828125 0.0330879484375 0.6862443 0.0462565140625 0.7285675890625 0.13333631875000002 0.7031034203125001
3 0.14686074843750002 0.75183631875 0.13205293125 0.7020276875 0.0444120515625 0.7291612375 0.05746416875 0.774442996875 0.14686074843750002 0.75183631875
3 0.1563241046875 0.8013273609375 0.14655293125 0.7505056999999999 0.0551742671875 0.7750048859375 0.055645765624999996 0.7749731265625 0.066816775 0.818562703125 0.1563241046875 0.8013273609375
3 0.16634446249999998 0.8467467421875 0.15690227968749998 0.800298859375 0.0700504890625 0.8197931593750001 0.0706547234375 0.8207263843750001 0.07904723125 0.8655936484375 0.16634446249999998 0.8467467421875
3 0.172876221875 0.8926376218750001 0.1655333875 0.8450920203125 0.0787190546875 0.8618346906250001 0.0862255703125 0.9096824109374999 0.172876221875 0.8926376218750001
3 0.17915309375 0.9398208468749999 0.17257899062499998 0.891104234375 0.0871962546875 0.9087907171875 0.084873778125 0.90889739375 0.091082246875 0.9537060265624999 0.17915309375 0.9398208468749999
3 0.1839771984375 0.9872337140624999 0.1787605859375 0.94194136875 0.089576546875 0.95678583125 0.0956465796875 0.9991856671875 0.1839771984375 0.9872337140624999
3 0.061096090625 0.4884771984375 0.0475130296875 0.445873778125 0 0.4709552125 0.001070846875 0.5147255703125 0.061096090625 0.4884771984375
3 0.41171875 0.94921875 0.10390625 0.04453125
3 0.51640625 0.94921875 0.10390625 0.04375
3 0.41015625 0.9859375 0.10234375 0.028125
3 0.51640625 0.98671875 0.10390625 0.0265625
3 0.71640625 0.95078125 0.1046875 0.04140625
3 0.821875 0.9515625 0.1046875 0.04296875
3 0.7140625 0.98671875 0.10390625 0.0265625
3 0.8203125 0.98671875 0.10625 0.0265625
3 0.82109375 0.490625 0.10625 0.04140625
0 0.1171875 0.02578125 0.08828125 0.0375
0 0.20625 0.07109375 0.0984375 0.03515625
0 0.109375 0.11953125 0.08515625 0.0359375
0 0.11328125 0.17109375 0.0828125 0.03671875
0 0.21328125 0.1703125 0.0828125 0.03671875
0 0.2015625 0.34609375 0.08828125 0.04140625
0 0.5078125 0.30390625 0.0921875 0.04296875
0 0.51640625 0.2125 0.08515625 0.0375
0 0.5140625 0.071875 0.0875 0.03828125
0 0.50859375 0.02578125 0.0796875 0.04140625
0 0.725 0.02890625 0.08515625 0.0359375
0 0.81796875 0.07578125 0.0859375 0.034375
0 0.8203125 0.11953125 0.07734375 0.0296875
0 0.7140625 0.1203125 0.08984375 0.03203125
0 0.8375 0.1671875 0.08515625 0.03046875
0 0.7109375 0.2109375 0.0890625 0.03671875
0 0.70703125 0.25546875 0.08984375 0.03828125
0 0.8203125 0.2125 0.071875 0.03125
0 0.82265625 0.2578125 0.084375 0.040625
0 0.703125 0.39765625 0.0859375 0.03828125
0 0.81484375 0.44296875 0.0875 0.04140625
0 0.81171875 0.48828125 0.08203125 0.03515625
0 0.82890625 0.5296875 0.09296875 0.0421875
0 0.81796875 0.625 0.08046875 0.03828125
0 0.82578125 0.671875 0.0828125 0.03671875
2 0.7640625 0.34765625 0.21171875 0.04765625
2 0.46328125 0.1921875 0.0203125 0.17734375
2 0.4625 0.69921875 0.0203125 0.17890625
2 0.7671875 0.69765625 0.01953125 0.17421875
2 0.157262215625 0.4206482078125 0.16529478749999998 0.42698859999999994 0.17471579843750001 0.4357157984375 0.18704723125 0.43905537499999997 0.20166368124999998 0.4426074921875 0.21232573281249997 0.4396229640625 0.223512215625 0.432698696875 0.23460260625 0.4184161234375 0.24469706875 0.4053102609375 0.24985586249999997 0.3925333875 0.2484771984375 0.3861188921875 0.238701140625 0.37631026093750003 0.229582246875 0.369651465625 0.1624161234375 0.3670065140625 0.1629462546875 0.212887621875 0.15989739375 0.20536970625 0.15492996718750002 0.1971522796875 0.0632166125 0.1972426703125 0.157262215625 0.4206482078125
2 0.76796875 0.190625 0.0171875 0.17578125