0 0.209375 0.71953125 0.02890625 0.078125
0 0.16171875 0.71953125 0.0375 0.08671875
0 0.11484375 0.71640625 0.03671875 0.08359375
0 0.34296875 0.72578125 0.03515625 0.08046875
0 0.29609375 0.72265625 0.03515625 0.078125
0 0.06953125 0.715625 0.03828125 0.08203125
0 0.16328125 0.93125 0.03671875 0.08359375
0 0.2140625 0.93203125 0.03828125 0.08828125
0 0.38984375 0.72734375 0.0359375 0.07578125
0 0.25390625 0.71796875 0.0359375 0.08359375
0 0.25 0.5546875 0.03984375 0.0921875
0 0.30078125 0.54453125 0.0390625 0.0859375
0 0.2578125 0.94453125 0.02890625 0.084375
0 0.43125 0.72734375 0.0421875 0.08671875
0 0.121875 0.53671875 0.0390625 0.084375
0 0.4328125 0.55 0.0328125 0.07265625
0 0.2140625 0.3359375 0.034375 0.078125
0 0.16640625 0.33046875 0.03828125 0.07890625
0 0.07265625 0.33125 0.03359375 0.07578125
0 0.16640625 0.534375 0.0375 0.0578125
0 0.1203125 0.925 0.04296875 0.10703125
0 0.16796875 0.22890625 0.03671875 0.08125
0 0.07734375 0.21953125 0.03828125 0.096875
0 0.440625 0.35234375 0.0421875 0.0671875
2 0.03046875 0.53203125 0.05390625 0.09921875
0 0.121875 0.32578125 0.0359375 0.08515625
0 0.30234375 0.3578125 0.03984375 0.0546875
2 0.03125 0.93515625 0.05390625 0.11875
0 0.75 0.7875 0.07890625 0.03671875
0 0.35234375 0.53359375 0.040625 0.0734375
0 0.7296875 0.69609375 0.065625 0.03984375
2 0.0328125 0.21953125 0.05546875 0.10234375
0 0.44140625 0.02890625 0.034375 0.0546875
0 0.12265625 0.0140625 0.02890625 0.02734375
0 0.1703125 0.02421875 0.03203125 0.04765625
0 0.390625 0.53046875 0.03671875 0.07578125
2 0.0328125 0.32578125 0.05234375 0.0984375
0 0.74375 0.74609375 0.06171875 0.04140625
0 0.7296875 0.47421875 0.075 0.0375
0 0.74296875 0.42890625 0.08359375 0.04296875
0 0.70859375 0.83203125 0.09140625 0.04609375
0 0.0328125 0.021875 0.0359375 0.04375
2 0.0265625 0.7078125 0.05 0.08671875
0 0.7390625 0.05859375 0.1 0.04453125
0 0.7359375 0.1890625 0.09296875 0.0453125
0 0.73359375 0.521875 0.08515625 0.04375
1 0.5091995109375 0.27405863125 0.50835830625 0.184700325 0.56010260625 0.1838338765625 0.570390065625 0.22673534218750002 0.5752589578125 0.3634324109375 0.5427296421875 0.3935537453125 0.5136750812499999 0.38900977187499997 0.5044991859375 0.295190553125 0.0017614000000000002 0.29390309375 0.00013925156250000001 0.58825244375 0.5136311078125 0.582592834375 0.5190635171875 0.4482328984375 0.5329006515625 0.448320846875 0.5309796421875 0.5883452765625 0.687012215625 0.5933420203125 0.791206840625 0.5860423453125 0.7787662859375 0.31484446250000003 0.6892434859375001 0.3145798046875 0.6867475562500001 0.27855863125 0.7825228015625 0.279082246875 0.7810399015625 0 0.5879804562500001 0.00126954375 0.5745032578125 0.0425545609375 0.543332246875 0.062978828125 0.5125032578125001 0.05917100937500001 0.508862378125 0.0035065140624999996 0.00125244375 0.000626221875 0 0.2673786640625 0.5091995109375 0.27405863125
1 0 0.9795504890625001 0.2790993484375 0.9876718234374999 0.275798859375 0.9007524437500001 0.7806408796875 0.9083770359375001 0.7724218234375 0.6739503250000001 0.00125244375 0.6690048859375 0 0.9795504890625001