0 0.51484375 0.92421875 0.02734375 0.078125
0 0.23046875 0.69609375 0.0671875 0.0390625
0 0.2515625 0.78671875 0.08203125 0.0375
0 0.23984375 0.0578125 0.1015625 0.04375
0 0.2140625 0.8328125 0.11640625 0.04921875
0 0.221875 0.4765625 0.06328125 0.0390625
0 0.2421875 0.428125 0.084375 0.0421875
0 0.22421875 0.51640625 0.05234375 0.034375
0 0.2421875 0.1859375 0.09765625 0.04609375
0 0.97421875 0.45390625 0.0515625 0.03828125
0 0.24453125 0.746875 0.0625 0.0421875
0 0.9734375 0.54296875 0.053125 0.0390625
0 0.9671875 0.12421875 0.02109375 0.04296875
0 0.971875 0.3609375 0.05625 0.034375
0 0.97109375 0.2671875 0.0578125 0.0375
0 0.971875 0.225 0.05546875 0.034375
1 0 0.1891547234375 0.033376221875 0.1829991859375 0.053491042187500004 0.18538273593750001 0.0681368078125 0.21896009843750003 0.072298859375 0.3717589578125 0.04830863125 0.38902687343750003 0.018245928124999998 0.3935065140625 0.0061074921875 0.36912703593749996 0.00027850156250000004 0.37254071718750004 0.0016807812500000002 0.44597394062499995 0.033262215625 0.44794136875 0.032679153125 0.471740228125 0.022407165625 0.9078135171874999 0.1733713359375 0.9080146578124999 0.2790993484375 0.9023395765625001 0.275346090625 0.6726351796875 0.186671009375 0.673104234375 0.1874657984375 0.59140309375 0.2776286640625 0.5908021171875 0.2846555375 0 0.080828990625 0.0006628671874999999 0.080683225 0.0383387625 0.0439006515625 0.0635716609375 0.017 0.063026059375 0.0108021171875 0.0522052125 0.010179153125 0.0013574921875 0.0005675890625 0.000665309375 0 0.1891547234375
1 0.9609375 0.54140625 0.078125 0.9171875