1 0.405915309375 0.0005301296875 0 0 0.0011555375 0.9940260593750001 0.3992296421875 0.9991856671875 0.40309446250000003 0.0013574921875 0.405915309375 0.0005301296875
1 0.5630871328125 0.9991856671875 0.9991856671875 0.9991856671875 0.9991856671875 0.8579381109374999 0.563437296875 0.8583037453125 0.5630871328125 0.9991856671875
3 0.72265625 0.91171875 0.04609375 0.090625
3 0.67734375 0.91171875 0.046875 0.09140625
3 0.11875 0.2203125 0.04609375 0.090625
3 0.1609375 0.22109375 0.04609375 0.090625
3 0.903125 0.9140625 0.04609375 0.090625
3 0.85859375 0.91171875 0.04609375 0.090625
3 0.81328125 0.9109375 0.04609375 0.090625
3 0.76796875 0.9125 0.04609375 0.090625
3 0.58828125 0.91328125 0.04609375 0.090625
3 0.63203125 0.9125 0.04453125 0.090625
3 0.94921875 0.9140625 0.04609375 0.090625
3 0.0328125 0.21953125 0.040625 0.08984375
3 0.0296875 0.31171875 0.04609375 0.090625
3 0.0734375 0.2203125 0.04609375 0.090625
3 0.0734375 0.31171875 0.04609375 0.090625
3 0.11640625 0.3125 0.04609375 0.090625
3 0.16015625 0.31328125 0.04609375 0.090625
3 0.33359375 0.31328125 0.04609375 0.090625
3 0.33515625 0.22109375 0.04609375 0.090625
3 0.29140625 0.22109375 0.04609375 0.090625
3 0.2921875 0.31484375 0.04609375 0.090625
3 0.334375 0.5421875 0.04609375 0.090625
3 0.2890625 0.54140625 0.04609375 0.090625
3 0.375 0.31484375 0.04609375 0.090625
3 0.38046875 0.22265625 0.04609375 0.090625
3 0.115625 0.53984375 0.04609375 0.090625
3 0.15703125 0.54140625 0.04609375 0.090625
3 0.2015625 0.540625 0.04609375 0.090625
3 0.3765625 0.5421875 0.0453125 0.08828125
3 0.2015625 0.3140625 0.04609375 0.090625
3 0.20625 0.2203125 0.04609375 0.090625
3 0.02890625 0.5390625 0.04609375 0.090625
3 0.07265625 0.540625 0.04609375 0.090625
2 0.2453125 0.28125 0.040625 0.17421875
2 0.24609375 0.60703125 0.04453125 0.21015625
3 0.02890625 0.63359375 0.04140625 0.0953125
3 0.33359375 0.6375 0.04140625 0.0953125
3 0.28984375 0.6375 0.04140625 0.0953125
3 0.07265625 0.634375 0.04140625 0.0953125
3 0.11640625 0.63359375 0.04140625 0.0953125
3 0.15859375 0.6359375 0.04140625 0.0953125
3 0.20234375 0.63671875 0.04140625 0.0953125
3 0.37734375 0.6375 0.04140625 0.0953125
3 0.1625 0.8703125 0.0421875 0.084375
3 0.33359375 0.8671875 0.0421875 0.084375
3 0.37734375 0.86875 0.0421875 0.084375
3 0.1171875 0.8671875 0.0421875 0.084375
3 0.075 0.86796875 0.0421875 0.084375
3 0.03203125 0.86796875 0.0421875 0.084375
3 0.20625 0.86953125 0.0421875 0.084375
3 0.246875 0.86875 0.0421875 0.084375
3 0.2890625 0.8671875 0.0421875 0.084375
3 0.203125 0.9546875 0.0421875 0.084375
3 0.16015625 0.95234375 0.0421875 0.084375
3 0.11796875 0.953125 0.0421875 0.084375
3 0.075 0.9515625 0.0421875 0.084375
3 0.03203125 0.95234375 0.0421875 0.084375
3 0.3765625 0.95546875 0.0421875 0.084375
3 0.3328125 0.9546875 0.0421875 0.084375
3 0.290625 0.95546875 0.0421875 0.084375
3 0.2453125 0.95390625 0.0421875 0.084375
3 0.034375 0.01875 0.0421875 0.0375
3 0.07890625 0.01953125 0.0421875 0.0375
3 0.1203125 0.01875 0.0421875 0.0375
3 0.2984375 0.01875 0.0421875 0.0375
3 0.3375 0.01875 0.0421875 0.0375
3 0.3796875 0.01953125 0.0421875 0.0375
3 0.20703125 0.01875 0.0421875 0.0375
3 0.1640625 0.01875 0.0421875 0.0375
2 0.25 0.04375 0.05 0.0875
0 0.1640625 0.0171875 0.040625 0.034375
0 0.20390625 0.0171875 0.03671875 0.034375
0 0.02890625 0.21484375 0.03828125 0.07890625
0 0.16015625 0.21796875 0.040625 0.08203125
0 0.2890625 0.22578125 0.03671875 0.07578125
0 0.3328125 0.228125 0.0375 0.07421875
0 0.33125 0.32265625 0.03515625 0.08359375
0 0.1578125 0.315625 0.03515625 0.075
0 0.11953125 0.3140625 0.03515625 0.0796875
0 0.078125 0.3140625 0.0359375 0.08359375
0 0.03203125 0.309375 0.0390625 0.0828125
0 0.07421875 0.5390625 0.03515625 0.0828125
0 0.11484375 0.540625 0.034375 0.0765625
0 0.15703125 0.540625 0.0328125 0.075
0 0.20078125 0.54140625 0.03671875 0.08359375
0 0.071875 0.63046875 0.0375 0.08125
0 0.115625 0.62890625 0.0328125 0.0796875
0 0.15859375 0.628125 0.034375 0.07578125
0 0.33046875 0.64296875 0.04140625 0.08046875
0 0.375 0.628125 0.03359375 0.059375
0 0.03359375 0.8640625 0.03515625 0.07890625
0 0.1203125 0.86953125 0.03671875 0.08671875
0 0.1609375 0.9515625 0.03671875 0.08203125
0 0.246875 0.86796875 0.03671875 0.07734375
0 0.2890625 0.86328125 0.0359375 0.08515625
0 0.37421875 0.86484375 0.0421875 0.08828125
0 0.33203125 0.953125 0.03984375 0.07890625
0 0.6296875 0.9015625 0.03828125 0.0796875
0 0.90234375 0.91015625 0.04140625 0.08828125
0 0.08046875 0.8703125 0.03359375 0.084375