1 0 0.9981669375 0.9991856671875 0.9984055375 0.9991856671875 0.8275439734375001 0.0024967421875 0.8314039093750001 0 0.9981669375
3 0.21875 0.86171875 0.10390625 0.0625
3 0.21953125 0.92734375 0.10390625 0.06875
3 0.32109375 0.92890625 0.10234375 0.06640625
3 0.321875 0.86171875 0.10390625 0.0625
3 0.52421875 0.86328125 0.0984375 0.06328125
3 0.628125 0.86171875 0.10546875 0.0640625
3 0.8265625 0.86015625 0.0984375 0.06328125
3 0.92578125 0.8625 0.0984375 0.06328125
3 0.62734375 0.928125 0.10390625 0.06796875
3 0.52578125 0.928125 0.09921875 0.0703125
3 0.8265625 0.93046875 0.09921875 0.0703125
3 0.925 0.93046875 0.09921875 0.0703125
3 0.82578125 0.98203125 0.0953125 0.0359375
3 0.9234375 0.98125 0.096875 0.0375
3 0.525 0.98125 0.09921875 0.0375
3 0.6265625 0.98125 0.1 0.0375
3 0.321875 0.98203125 0.103125 0.0359375
3 0.215625 0.98125 0.103125 0.0375
3 0.0359375 0.86171875 0.071875 0.0625
3 0.0359375 0.9265625 0.071875 0.06796875
3 0.03671875 0.98046875 0.06875 0.03671875
0 0.2234375 0.85234375 0.08125 0.0359375
0 0.3171875 0.8515625 0.09140625 0.0421875
0 0.31875 0.98359375 0.08671875 0.03203125
0 0.0296875 0.975 0.0546875 0.0421875
0 0.53671875 0.86171875 0.07421875 0.040625
0 0.81640625 0.98203125 0.0796875 0.0359375
0 0.9171875 0.98125 0.09140625 0.0375