0 0.46953125 0.2078125 0.0734375 0.03671875
0 0.021875 0.5921875 0.03359375 0.08203125
0 0.38046875 0.57890625 0.03515625 0.08046875
0 0.496875 0.7703125 0.03515625 0.0765625
0 0.51796875 0.5828125 0.0328125 0.0796875
0 0.196875 0.58671875 0.04296875 0.078125
0 0.05234375 0.88515625 0.0375 0.0875
0 0.28359375 0.784375 0.0328125 0.078125
0 0.46796875 0.5796875 0.03984375 0.0828125
0 0.45546875 0.775 0.03515625 0.07734375
0 0.55234375 0.1640625 0.08046875 0.03828125
0 0.1515625 0.8765625 0.0390625 0.0859375
0 0.36328125 0.78203125 0.04453125 0.0765625
0 0.1078125 0.775 0.0421875 0.09765625
0 0.2828125 0.57578125 0.0390625 0.0828125
0 0.15546875 0.58203125 0.0390625 0.07421875
0 0.24375 0.58359375 0.0375 0.08203125
0 0.328125 0.5765625 0.03984375 0.08359375
0 0.19453125 0.77734375 0.04140625 0.08125
0 0.1046875 0.578125 0.0390625 0.08203125
0 0.3265625 0.77734375 0.03515625 0.078125
0 0.3234375 0.8765625 0.03828125 0.08125
0 0.409375 0.878125 0.03828125 0.0765625
0 0.10078125 0.8796875 0.0390625 0.08671875
0 0.178125 0.25234375 0.0828125 0.03984375
0 0.1984375 0.871875 0.040625 0.084375
0 0.2359375 0.87734375 0.04453125 0.08203125
0 0.9875 0.7140625 0.025 0.0875
0 0.01640625 0.209375 0.03125 0.040625
0 0.26796875 0.253125 0.0828125 0.03828125
0 0.47421875 0.2921875 0.0859375 0.0421875
0 0.8234375 0.6234375 0.04296875 0.07734375
1 0.0020830625 0 0 0.9991856671875 0.999062703125 0.9991856671875 0.9979951140625 0.35892915312499996 0.6552117265625 0.3636824109375 0.6549560265625 0.3164258953125 0.6619128671875 0 0.0020830625 0