1 0.0037801296875 0 0.0036425078125 0.000362378125 0.0054609125 0.9963819218750001 0.4532426703125 0.9977703578125 0.45426628593749996 0.9753338765624999 0.9991856671875 0.9739609124999999 0.9991856671875 0.4725301296875 0.6647198703125 0.47763517968749997 0.6641050484375 0.43064169375 0.7524462546875 0.4278851796875 0.7557328984375 0.4065244296875 0.7669039093750001 0.3998444625 0.7696978828125001 0 0.0037801296875 0
2 0.34609375 0.13828125 0.04375 0.1765625
2 0.21796875 0.78203125 0.0421875 0.15703125
3 0.04296875 0.09296875 0.0453125 0.08515625
3 0.0859375 0.08984375 0.046875 0.09296875
3 0.12734375 0.090625 0.040625 0.08671875
3 0.17265625 0.08984375 0.046875 0.090625
3 0.215625 0.0890625 0.04296875 0.0890625
3 0.25859375 0.090625 0.0390625 0.08671875
3 0.30546875 0.0890625 0.0453125 0.0859375
3 0.3890625 0.0875 0.0375 0.090625
3 0.43203125 0.0875 0.0390625 0.0875
3 0.4734375 0.0890625 0.03828125 0.08515625
3 0.51328125 0.08984375 0.04375 0.0828125
3 0.04296875 0.18046875 0.05078125 0.0921875
3 0.08828125 0.1796875 0.04453125 0.09296875
3 0.13203125 0.17890625 0.04140625 0.09375
3 0.1734375 0.1765625 0.04296875 0.0921875
3 0.21640625 0.17734375 0.0421875 0.0859375
3 0.259375 0.178125 0.04609375 0.0875
3 0.30390625 0.1765625 0.0421875 0.0890625
3 0.390625 0.17734375 0.040625 0.0890625
3 0.4328125 0.17578125 0.040625 0.090625
3 0.47265625 0.178125 0.04375 0.08984375
3 0.5171875 0.1765625 0.04140625 0.0953125
0 0.078125 0.08671875 0.0390625 0.08046875
0 0.171875 0.0875 0.03671875 0.0765625
0 0.21796875 0.08828125 0.03125 0.08203125
0 0.2578125 0.0828125 0.0375 0.0765625
0 0.43046875 0.0921875 0.0359375 0.07578125
0 0.51484375 0.09375 0.0390625 0.0796875
0 0.03828125 0.17265625 0.0359375 0.07421875
0 0.1703125 0.175 0.03203125 0.0765625
0 0.21796875 0.18203125 0.03359375 0.071875
3 0.34609375 0.83046875 0.04375 0.0921875
3 0.0859375 0.740625 0.046875 0.09140625
3 0.0421875 0.8328125 0.04765625 0.09375
3 0.196875 0.53125 0.04453125 0.090625
3 0.0234375 0.52734375 0.0390625 0.0859375
3 0.45625 0.52734375 0.0453125 0.0953125
3 0.7046875 0.04140625 0.0875 0.04765625
3 0.1734375 0.74140625 0.04296875 0.08984375
3 0.7046875 0.1328125 0.0921875 0.04921875
3 0.28203125 0.528125 0.04296875 0.0921875
3 0.37109375 0.396875 0.04609375 0.09921875
3 0.2421875 0.5296875 0.04296875 0.09296875
3 0.025 0.4015625 0.03984375 0.10546875
3 0.5015625 0.39609375 0.04609375 0.0984375
3 0.10703125 0.39375 0.04765625 0.11171875
2 0.26875 0.46328125 0.53125 0.03046875
3 0.7015625 0.08515625 0.0890625 0.0453125
3 0.70234375 0.1765625 0.09921875 0.0515625
3 0.70234375 0.2265625 0.08828125 0.0484375
3 0.703125 0.27109375 0.08671875 0.05078125
3 0.70078125 0.3171875 0.090625 0.0421875
3 0.7015625 0.36015625 0.0921875 0.05
3 0.7015625 0.40390625 0.09296875 0.04296875
3 0.72734375 0.52109375 0.0421875 0.08046875
3 0.77265625 0.521875 0.04609375 0.08046875
3 0.81796875 0.525 0.04296875 0.07890625
3 0.86640625 0.528125 0.0390625 0.084375
3 0.90859375 0.52265625 0.0453125 0.0875
3 0.9578125 0.52265625 0.03984375 0.08203125
3 0.4984375 0.52578125 0.04375 0.090625
3 0.4125 0.5296875 0.04140625 0.0875
3 0.36875 0.528125 0.03984375 0.08984375
3 0.32578125 0.5265625 0.0453125 0.09140625
3 0.15234375 0.5296875 0.04140625 0.090625
3 0.109375 0.5328125 0.0421875 0.0890625
3 0.06640625 0.528125 0.04921875 0.090625
3 0.04375 0.7421875 0.04375 0.0890625
3 0.0875 0.83046875 0.0453125 0.0953125
3 0.13046875 0.82890625 0.04296875 0.0890625
3 0.175 0.83359375 0.040625 0.0921875
3 0.26015625 0.828125 0.040625 0.0875
3 0.303125 0.8296875 0.04140625 0.090625
3 0.26015625 0.740625 0.04296875 0.08984375
3 0.303125 0.7421875 0.0421875 0.08828125
3 0.3453125 0.740625 0.04375 0.0890625
3 0.39140625 0.74140625 0.03984375 0.0921875
3 0.38984375 0.83203125 0.0421875 0.08984375
3 0.4328125 0.7390625 0.04140625 0.08828125
3 0.434375 0.83125 0.040625 0.08828125
3 0.47421875 0.73671875 0.04140625 0.09453125
3 0.475 0.82890625 0.040625 0.08671875
3 0.51796875 0.7390625 0.04296875 0.0984375
3 0.51953125 0.8296875 0.03984375 0.0953125
0 0.02421875 0.3984375 0.0296875 0.08046875
0 0.36875 0.39765625 0.03203125 0.07578125
0 0.453125 0.528125 0.0328125 0.0703125
0 0.28359375 0.528125 0.03046875 0.06484375
0 0.19921875 0.52890625 0.034375 0.071875
0 0.02578125 0.52890625 0.03203125 0.08125
0 0.0921875 0.746875 0.03203125 0.071875
0 0.1328125 0.74453125 0.034375 0.0796875
0 0.175 0.746875 0.03203125 0.06953125
0 0.0484375 0.83203125 0.03125 0.07890625
0 0.34609375 0.82890625 0.03203125 0.07578125
3 0.065625 0.3953125 0.0421875 0.09609375
3 0.15078125 0.39765625 0.04375 0.09765625
3 0.20078125 0.4 0.04765625 0.09921875
3 0.2390625 0.39609375 0.03515625 0.10078125
3 0.28203125 0.39765625 0.04609375 0.09453125
3 0.32578125 0.39609375 0.04375 0.096875
3 0.41328125 0.39609375 0.04453125 0.1
3 0.459375 0.39453125 0.04140625 0.096875
3 0.69375 0.7375 0.05 0.0875
3 0.74140625 0.7375 0.04453125 0.090625
3 0.78671875 0.73515625 0.0484375 0.0890625
3 0.8328125 0.73515625 0.0453125 0.0890625
3 0.8765625 0.73515625 0.0484375 0.0890625
3 0.925 0.734375 0.04453125 0.0875
3 0.9703125 0.73125 0.0484375 0.0921875
3 0.9703125 0.82578125 0.04609375 0.09140625
3 0.925 0.82578125 0.05 0.0984375
3 0.878125 0.82578125 0.05078125 0.09609375
3 0.8328125 0.82578125 0.0453125 0.0953125
3 0.78828125 0.8265625 0.0453125 0.0953125
3 0.7421875 0.825 0.04609375 0.09453125
3 0.69453125 0.825 0.0484375 0.09453125
0 0.70546875 0.03828125 0.07890625 0.0375
0 0.71015625 0.12890625 0.0765625 0.0265625
0 0.77890625 0.51875 0.02890625 0.06953125
0 0.86484375 0.52890625 0.028125 0.0828125
0 0.95703125 0.52578125 0.0375 0.0765625
0 0.83125 0.73203125 0.0359375 0.071875
2 0.5328125 0.459375 0.015625 0.2203125
2 0.684375 0.51953125 0.04296875 0.08984375