0 0.925 0.89140625 0.084375 0.0359375
0 0.3203125 0.4859375 0.078125 0.0390625
0 0.02578125 0.80234375 0.05078125 0.034375
0 0.03125 0.47734375 0.05703125 0.034375
0 0.3359375 0.6640625 0.07734375 0.03984375
0 0.31796875 0.5734375 0.08046875 0.0359375
0 0.928125 0.94296875 0.08828125 0.03984375
0 0.6203125 0.85234375 0.084375 0.03515625
0 0.83203125 0.8953125 0.08359375 0.03828125
0 0.3203125 0.75859375 0.0890625 0.03671875
0 0.31484375 0.61796875 0.0859375 0.034375
0 0.02578125 0.525 0.0515625 0.03125
0 0.81953125 0.80390625 0.0765625 0.0296875
0 0.61875 0.896875 0.0875 0.03515625
0 0.22578125 0.52734375 0.08359375 0.0328125
0 0.6234375 0.79765625 0.08828125 0.0375
0 0.92578125 0.57578125 0.0859375 0.03671875
0 0.921875 0.5296875 0.08671875 0.0328125
0 0.22265625 0.3515625 0.0828125 0.03515625
0 0.62265625 0.575 0.0828125 0.03515625
0 0.31328125 0.93984375 0.08828125 0.03984375
0 0.91640625 0.4828125 0.0828125 0.0390625
0 0.19921875 0.89765625 0.084375 0.034375
0 0.52421875 0.7140625 0.08671875 0.03984375
0 0.62109375 0.7125 0.090625 0.0375
0 0.8265625 0.5265625 0.08828125 0.0359375
0 0.825 0.621875 0.0890625 0.03984375
0 0.51640625 0.8484375 0.071875 0.034375
0 0.62578125 0.6640625 0.0859375 0.0375
0 0.5234375 0.578125 0.090625 0.0421875
0 0.81875 0.48515625 0.08125 0.0328125
0 0.31875 0.3515625 0.08671875 0.03828125
0 0.20625 0.75625 0.08984375 0.0359375
0 0.31171875 0.9859375 0.08515625 0.028125
0 0.028125 0.57265625 0.05546875 0.02890625
0 0.0296875 0.7140625 0.0578125 0.03515625
0 0.2078125 0.709375 0.09453125 0.03984375
0 0.3109375 0.71171875 0.090625 0.03828125
0 0.82109375 0.671875 0.08515625 0.03671875
0 0.5203125 0.6625 0.06953125 0.0375
0 0.534375 0.35859375 0.06953125 0.0375
0 0.8078125 0.18359375 0.115625 0.04140625
0 0.2171875 0.61953125 0.0796875 0.0390625
0 0.53203125 0.9828125 0.07734375 0.0296875
1 0 0.9989381109375 0.9971840390625 0.9968200328125001 0.9939853421875 0.15017915312500002 0 0.1398851796875 0 0.9989381109375