0 0.48671875 0.38984375 0.03359375 0.08828125
0 0.553125 0.38828125 0.04140625 0.08046875
0 0.65078125 0.37890625 0.040625 0.08359375
0 0.9578125 0.27578125 0.0359375 0.07265625
0 0.5234375 0.08984375 0.03828125 0.078125
0 0.5390625 0.67109375 0.040625 0.07734375
0 0.71484375 0.58984375 0.034375 0.07890625
0 0.58046875 0.58828125 0.0390625 0.07734375
0 0.7171875 0.68359375 0.0328125 0.078125
0 0.928125 0.5890625 0.03828125 0.07421875
0 0.86953125 0.28203125 0.03515625 0.0765625
0 0.69921875 0.0859375 0.0359375 0.078125
0 0.78515625 0.078125 0.03828125 0.07734375
0 0.78359375 0.284375 0.03515625 0.08125
0 0.675 0.5875 0.03828125 0.07578125
0 0.66953125 0.67109375 0.0375 0.07890625
0 0.60859375 0.2765625 0.040625 0.0953125
0 0.6 0.38203125 0.0375 0.08671875
0 0.759375 0.584375 0.0359375 0.07734375
0 0.87734375 0.0796875 0.03671875 0.08125
0 0.9078125 0.38046875 0.040625 0.07421875
0 0.97265625 0.08125 0.0390625 0.08359375
0 0.821875 0.3765625 0.03984375 0.07421875
0 0.60625 0.07890625 0.03828125 0.0796875
0 0.740625 0.08203125 0.03671875 0.0765625
0 0.7359375 0.37734375 0.0453125 0.08203125
0 0.6953125 0.28046875 0.03828125 0.0765625
0 0.82734375 0.278125 0.03515625 0.078125
0 0.65625 0.08203125 0.03828125 0.07265625
0 0.98984375 0.26953125 0.01796875 0.075
0 0.69765625 0.371875 0.03828125 0.07578125
0 0.82890625 0.07734375 0.0390625 0.07734375
0 0.52421875 0.8921875 0.03515625 0.0609375
0 0.86953125 0.89609375 0.0421875 0.0796875
1 0.71171875 0.4984375 0.5765625 0.915625