1 0 0 0 0.9991856671875 0.28681351718750003 0.9991856671875 0.280944625 0 0 0
3 0.234375 0.33515625 0.09921875 0.0453125
3 0.23125 0.38359375 0.09921875 0.0453125
3 0.2328125 0.6546875 0.09921875 0.0453125
3 0.2328125 0.60859375 0.09921875 0.0453125
3 0.2328125 0.51796875 0.09921875 0.0453125
2 0.2296875 0.471875 0.09921875 0.0453125
3 0.2328125 0.42734375 0.09921875 0.0453125
3 0.23359375 0.56484375 0.09921875 0.0453125
3 0.23203125 0.19921875 0.09921875 0.0453125
3 0.2328125 0.24375 0.09921875 0.0453125
3 0.234375 0.2890625 0.09921875 0.0453125
3 0.23359375 0.03828125 0.09921875 0.0453125
3 0.23359375 0.975 0.0953125 0.04375
3 0.23359375 0.92890625 0.09765625 0.04375
3 0.23359375 0.88359375 0.09921875 0.0453125
3 0.23203125 0.8390625 0.09921875 0.0453125
3 0.23125 0.74765625 0.09921875 0.0453125
3 0.23359375 0.703125 0.09921875 0.0453125
2 0.23046875 0.79140625 0.1 0.040625
0 0.2453125 0.23984375 0.08046875 0.0375
0 0.23984375 0.55859375 0.09921875 0.0453125
0 0.23828125 0.6875 0.090625 0.04609375
0 0.24453125 0.93046875 0.084375 0.04453125
0 0.2296875 0.978125 0.075 0.0421875