1 0 0.9991856671875 0.9296750812499999 0.9991856671875 0.9230741046875 0.5738925078125 0.905096090625 0.5847076546875 0.87938355 0.58375814375 0.845473940625 0.5851954390625 0.8304389249999999 0.586234528125 0.8218925078125 0.5707850156250001 0.8234991859375 0.5587825734375 0.8342190546875001 0.5497271984375 0.8570529312499999 0.547834690625 0.8857719875000001 0.548926709375 0.9215105859375001 0.5456506515624999 0.9224910421875 0.275123778125 0.8097833874999999 0.27421172656250004 0.8001978828125 0.269312703125 0.7893086312500001 0.2622671015625 0.7920228015624999 0.17741938125 0 0.176438925 0 0.9991856671875
3 0.3125 0.2234375 0.046875 0.08671875
3 0.3578125 0.22421875 0.046875 0.08671875
3 0.26484375 0.22265625 0.046875 0.08671875
3 0.22109375 0.22421875 0.046875 0.08671875
3 0.175 0.22421875 0.046875 0.08671875
3 0.128125 0.22578125 0.046875 0.08671875
3 0.08359375 0.225 0.046875 0.08671875
3 0.03671875 0.22421875 0.046875 0.08671875
3 0.5859375 0.22578125 0.046875 0.08671875
3 0.540625 0.225 0.046875 0.08671875
3 0.49765625 0.225 0.046875 0.08671875
3 0.4515625 0.225 0.046875 0.08671875
3 0.40703125 0.22421875 0.046875 0.08671875
3 0.171875 0.43828125 0.046875 0.08671875
3 0.125 0.4390625 0.046875 0.08671875
3 0.67890625 0.225 0.046875 0.08671875
3 0.6328125 0.2265625 0.046875 0.08671875
3 0.7671875 0.225 0.0421875 0.08359375
3 0.72421875 0.225 0.046875 0.08671875
3 0.5390625 0.43984375 0.046875 0.08671875
3 0.49453125 0.43984375 0.046875 0.08671875
3 0.40078125 0.440625 0.046875 0.08671875
3 0.446875 0.43984375 0.046875 0.08671875
3 0.3546875 0.43984375 0.046875 0.08671875
3 0.309375 0.4390625 0.046875 0.08671875
3 0.26484375 0.4390625 0.046875 0.08671875
3 0.21953125 0.4390625 0.046875 0.08671875
3 0.0796875 0.52734375 0.046875 0.08671875
3 0.03515625 0.528125 0.046875 0.08671875
3 0.03046875 0.44140625 0.046875 0.08671875
3 0.07734375 0.4390625 0.046875 0.08671875
3 0.62890625 0.440625 0.04375 0.0859375
3 0.58515625 0.440625 0.046875 0.08671875
3 0.35703125 0.528125 0.046875 0.08671875
3 0.3109375 0.52890625 0.046875 0.08671875
3 0.2640625 0.528125 0.046875 0.08671875
3 0.21796875 0.528125 0.046875 0.08671875
3 0.17265625 0.52734375 0.046875 0.08671875
3 0.12578125 0.5265625 0.046875 0.08671875
3 0.53828125 0.528125 0.046875 0.08671875
3 0.49296875 0.52890625 0.046875 0.08671875
3 0.44765625 0.52890625 0.046875 0.08671875
3 0.4046875 0.528125 0.046875 0.08671875
3 0.21875 0.746875 0.046875 0.08671875
3 0.17421875 0.74609375 0.046875 0.08671875
3 0.0359375 0.74453125 0.046875 0.08671875
3 0.12734375 0.74609375 0.046875 0.08671875
3 0.0828125 0.7453125 0.046875 0.08671875
3 0.628125 0.52734375 0.0421875 0.0875
3 0.584375 0.5265625 0.046875 0.08671875
3 0.17421875 0.83359375 0.046875 0.08671875
3 0.128125 0.834375 0.046875 0.08671875
3 0.0828125 0.83359375 0.046875 0.08671875
3 0.0359375 0.834375 0.046875 0.08671875
3 0.40078125 0.746875 0.046875 0.08671875
3 0.3578125 0.746875 0.046875 0.08671875
3 0.3109375 0.7453125 0.046875 0.08671875
3 0.265625 0.74609375 0.04453125 0.0859375
3 0.4921875 0.7453125 0.046875 0.08671875
3 0.40234375 0.8359375 0.046875 0.08671875
3 0.3546875 0.834375 0.046875 0.08671875
3 0.31171875 0.83359375 0.046875 0.08671875
3 0.265625 0.8328125 0.046875 0.08671875
3 0.2203125 0.83359375 0.04453125 0.0859375
3 0.63046875 0.83359375 0.046875 0.08671875
3 0.63125 0.7453125 0.046875 0.08671875
3 0.5859375 0.8328125 0.046875 0.08671875
3 0.5859375 0.7453125 0.046875 0.08671875
3 0.540625 0.83203125 0.046875 0.08671875
3 0.5390625 0.7453125 0.046875 0.08671875
3 0.496875 0.83125 0.046875 0.08671875
3 0.67734375 0.74609375 0.046875 0.08828125
3 0.77265625 0.7421875 0.04140625 0.0859375
3 0.771875 0.83359375 0.03984375 0.0890625
3 0.72734375 0.74375 0.046875 0.08828125
3 0.7265625 0.8328125 0.046875 0.08828125
3 0.6796875 0.8328125 0.046875 0.08828125
3 0.82578125 0.7421875 0.06640625 0.0890625
3 0.890625 0.7421875 0.0640625 0.0890625
3 0.89140625 0.83203125 0.06640625 0.0890625
3 0.82578125 0.83125 0.0671875 0.0890625
3 0.87421875 0.3 0.08828125 0.04140625
3 0.87265625 0.34140625 0.08828125 0.04140625
0 0.2203125 0.21796875 0.03828125 0.09296875
0 0.48828125 0.21796875 0.040625 0.08984375
0 0.58046875 0.21796875 0.0390625 0.0859375
0 0.6296875 0.215625 0.03828125 0.08828125
0 0.6765625 0.21875 0.04296875 0.090625
0 0.03046875 0.453125 0.05234375 0.125
0 0.26953125 0.434375 0.040625 0.084375
0 0.48984375 0.4328125 0.04140625 0.08671875
0 0.40078125 0.53046875 0.03828125 0.10703125
0 0.49296875 0.53125 0.0359375 0.0828125
0 0.5859375 0.53671875 0.0375 0.07265625
0 0.6328125 0.5265625 0.0359375 0.08671875
0 0.2640625 0.740625 0.0421875 0.08359375
0 0.35546875 0.73125 0.03984375 0.09140625
0 0.309375 0.8390625 0.040625 0.0796875
0 0.178125 0.83828125 0.0359375 0.08515625
0 0.53984375 0.84296875 0.03984375 0.08046875
0 0.58359375 0.8390625 0.0375 0.078125
0 0.68046875 0.74140625 0.03671875 0.084375
0 0.68359375 0.8359375 0.03984375 0.08125
0 0.72578125 0.74296875 0.0375 0.08203125
0 0.77109375 0.734375 0.04453125 0.0953125
0 0.725 0.84140625 0.03828125 0.08671875
0 0.77109375 0.8375 0.0359375 0.08125
0 0.82890625 0.84375 0.040625 0.0828125
0 0.9 0.8578125 0.03671875 0.0796875
2 0.6828125 0.48125 0.0609375 0.1640625
2 0.87421875 0.45390625 0.0921875 0.18359375