0 0.22734375 0.18828125 0.0390625 0.0859375
0 0.0859375 0.39921875 0.04765625 0.08515625
0 0.03984375 0.4984375 0.046875 0.08828125
0 0.084375 0.71171875 0.0421875 0.0875
0 0.17734375 0.39765625 0.03984375 0.08125
0 0.0921875 0.49140625 0.04296875 0.0796875
0 0.0421875 0.71171875 0.03359375 0.08046875
0 0.1375 0.1828125 0.04609375 0.07734375
0 0.26875 0.49375 0.0359375 0.0703125
0 0.1296875 0.0484375 0.03203125 0.0671875
0 0.04140625 0.39609375 0.0390625 0.07734375
0 0.40546875 0.49609375 0.03515625 0.07109375
0 0.1359375 0.4890625 0.040625 0.075
0 0.0921875 0.1734375 0.05078125 0.078125
0 0.38671875 0.0390625 0.04140625 0.078125
0 0.13046875 0.71953125 0.03984375 0.084375
0 0.31328125 0.496875 0.04140625 0.0828125
0 0.04375 0.175 0.04921875 0.07890625
0 0.26953125 0.40234375 0.03671875 0.0796875
0 0.17734375 0.49453125 0.03828125 0.08125
0 0.31328125 0.40390625 0.03515625 0.08515625
0 0.0140625 0.39140625 0.028125 0.0796875
0 0.01171875 0.17265625 0.02265625 0.0765625
0 0.228125 0.04296875 0.05234375 0.078125
0 0.17421875 0.053125 0.040625 0.0765625
0 0.2796875 0.03828125 0.06875 0.0765625
0 0.040625 0.0546875 0.04296875 0.08515625
0 0.2703125 0.9765625 0.04375 0.046875
0 0.009375 0.70859375 0.01796875 0.08203125
0 0.08359375 0.9765625 0.03828125 0.04453125
0 0.225 0.4984375 0.0359375 0.08671875
0 0.17890625 0.715625 0.03984375 0.084375
0 0.17734375 0.184375 0.03984375 0.084375
0 0.21953125 0.40234375 0.03984375 0.08125
0 0.0890625 0.04140625 0.03203125 0.0671875
1 0.45229153125000005 0.9936758953125 0.452259771875 0.0032825734374999998 0.0016286640625000001 0 0.0042182406249999995 0.9951327359375 0.45229153125000005 0.9936758953125