1 0.999185667752443 0 0.128935667752443 0 0.1266669381107492 0.3330382736156352 0.20135667752442998 0.336378664495114 0.20938273615635178 0.34800488599348534 0.21210260586319216 0.3625211726384365 0.21064495114006515 0.37567996742671006 0.2067166123778502 0.5652296416938111 0.19676547231270358 0.5777728013029316 0.1753469055374593 0.5735048859934854 0.16498208469055375 0.5710399022801302 0.15038110749185668 0.5692369706840391 0.13777931596091206 0.5671693811074918 0.12919543973941366 0.5662100977198697 0.13143811074918568 0.9750301302931597 0.16250081433224756 0.9736995114006515 0.18285912052117265 0.9711017915309446 0.19730048859934854 0.9780627035830618 0.1990399022801303 0.9911156351791531 0.19590635179153096 0.9959771986970682 0.999185667752443 0.999185667752443 0.999185667752443 0
3 0.5859375 0.334375 0.04375 0.084375
3 0.71953125 0.33125 0.04375 0.084375
3 0.765625 0.3328125 0.04375 0.084375
3 0.76484375 0.24609375 0.046875 0.084375
3 0.71796875 0.24765625 0.04375 0.084375
3 0.67421875 0.24765625 0.04375 0.084375
3 0.5828125 0.246875 0.04375 0.084375
3 0.6296875 0.24765625 0.04375 0.084375
3 0.49375 0.3296875 0.04375 0.084375
3 0.53671875 0.24765625 0.04375 0.084375
3 0.5390625 0.33515625 0.04375 0.084375
3 0.62890625 0.33359375 0.04375 0.084375
3 0.6734375 0.33203125 0.04375 0.084375
3 0.8125 0.24609375 0.04375 0.084375
3 0.8578125 0.33046875 0.04375 0.084375
3 0.8125 0.33046875 0.04375 0.084375
3 0.45 0.33125 0.04375 0.084375
3 0.9015625 0.24296875 0.04375 0.084375
3 0.9046875 0.3296875 0.04375 0.084375
3 0.85703125 0.2453125 0.04375 0.084375
3 0.4921875 0.24609375 0.04375 0.084375
3 0.44921875 0.24609375 0.04375 0.084375
3 0.403125 0.2453125 0.04375 0.084375
3 0.40234375 0.33046875 0.04375 0.084375
3 0.903125 0.0421875 0.04375 0.084375
3 0.85703125 0.0421875 0.04375 0.084375
3 0.81171875 0.0421875 0.04375 0.084375
3 0.765625 0.0421875 0.04375 0.084375
3 0.71875 0.0421875 0.04375 0.084375
3 0.5390625 0.0421875 0.04375 0.084375
3 0.49296875 0.0421875 0.04375 0.084375
3 0.58359375 0.0421875 0.04375 0.084375
3 0.62890625 0.0421875 0.04375 0.084375
3 0.6734375 0.0421875 0.04375 0.084375
3 0.94765625 0.0421875 0.04375 0.084375
3 0.72109375 0.68984375 0.04375 0.084375
3 0.6765625 0.68984375 0.04375 0.084375
3 0.40390625 0.0421875 0.04375 0.084375
3 0.4484375 0.0421875 0.04375 0.084375
3 0.49375 0.68671875 0.04375 0.084375
3 0.53984375 0.6859375 0.04375 0.084375
3 0.63203125 0.6875 0.04375 0.084375
3 0.5859375 0.68671875 0.04375 0.084375
3 0.76796875 0.6890625 0.04921875 0.0859375
3 0.815625 0.68515625 0.04375 0.084375
3 0.86015625 0.6859375 0.04375 0.084375
3 0.90546875 0.68828125 0.04375 0.084375
3 0.9484375 0.6875 0.04375 0.084375
3 0.675 0.54765625 0.04375 0.084375
3 0.62890625 0.546875 0.04375 0.084375
3 0.5828125 0.54765625 0.04375 0.084375
3 0.5375 0.546875 0.04375 0.084375
3 0.4921875 0.54765625 0.04375 0.084375
3 0.403125 0.546875 0.04375 0.084375
3 0.446875 0.54765625 0.04375 0.084375
3 0.40234375 0.6859375 0.04375 0.084375
3 0.45 0.68671875 0.04375 0.084375
3 0.44921875 0.90625 0.04375 0.084375
3 0.49375 0.90546875 0.04375 0.084375
3 0.5859375 0.90625 0.04375 0.084375
3 0.540625 0.90546875 0.04375 0.084375
3 0.94609375 0.54609375 0.04375 0.084375
3 0.9 0.5453125 0.04375 0.084375
3 0.85546875 0.5453125 0.04375 0.084375
3 0.80859375 0.546875 0.04375 0.084375
3 0.76484375 0.54765625 0.04375 0.084375
3 0.71875 0.546875 0.04375 0.084375
3 0.859375 0.9046875 0.04375 0.084375
3 0.8125 0.9046875 0.04375 0.084375
3 0.7671875 0.903125 0.04375 0.084375
3 0.72109375 0.90234375 0.04375 0.084375
3 0.675 0.9046875 0.04375 0.084375
3 0.62890625 0.9046875 0.04375 0.084375
3 0.40234375 0.90625 0.04375 0.084375
3 0.90390625 0.9046875 0.04375 0.084375
3 0.63046875 0.97265625 0.04453125 0.0453125
3 0.765625 0.97265625 0.04453125 0.05390625
3 0.81171875 0.97265625 0.04453125 0.05390625
3 0.859375 0.97265625 0.04453125 0.05390625
3 0.9046875 0.97265625 0.04453125 0.05390625
3 0.95078125 0.97265625 0.04453125 0.05390625
3 0.71875 0.97265625 0.04453125 0.05390625
3 0.67578125 0.97265625 0.04453125 0.05390625
3 0.45234375 0.97265625 0.04453125 0.05390625
3 0.58515625 0.97265625 0.04453125 0.05390625
3 0.58515625 0.97265625 0.04453125 0.05390625
3 0.5390625 0.97265625 0.04453125 0.05390625
3 0.49765625 0.97265625 0.04453125 0.05390625
2 0.9625 0.903125 0.07421875 0.0796875
2 0.333812703125 0.6965244296875001 0.3394324109375 0.7074454390625 0.347687296875 0.7214690546875 0.3562174265625 0.7239340390625 0.3653257328125 0.7243420203125 0.373484528125 0.718859934375 0.378531759375 0.7093493484375 0.379990228125 0.6413713359375001 0.9991856671875 0.6448811078125 0.9991856671875 0.605728828125 0.37842589531250004 0.592723940625 0.38093892500000004 0.559895765625 0.341537459375 0.5586286640625 0.333812703125 0.6965244296875001
3 0.17578125 0.271875 0.09296875 0.04453125
3 0.178125 0.3140625 0.09296875 0.04453125
3 0.1765625 0.228125 0.09296875 0.04453125
3 0.17578125 0.18125 0.09296875 0.04453125
3 0.17578125 0.1328125 0.09140625 0.04609375
3 0.17734375 0.0890625 0.09296875 0.04453125
3 0.17734375 0.0453125 0.09296875 0.04453125
3 0.178125 0.01171875 0.09453125 0.02265625
3 0.984375 0.0421875 0.03125 0.08359375
3 0.98203125 0.54609375 0.03515625 0.08515625
3 0.98515625 0.68671875 0.02890625 0.084375
3 0.1765625 0.81953125 0.09296875 0.04453125
3 0.17890625 0.775 0.09296875 0.04453125
3 0.1765625 0.7296875 0.09296875 0.04453125
3 0.1765625 0.684375 0.09296875 0.04453125
3 0.17578125 0.63671875 0.09296875 0.04453125
3 0.17734375 0.5953125 0.09296875 0.04453125
3 0.18046875 0.95078125 0.090625 0.04140625
3 0.18046875 0.909375 0.09296875 0.04453125
3 0.178125 0.8671875 0.09296875 0.04453125
2 0.953125 0.28125 0.046875 0.1796875
0 0.90390625 0.04140625 0.03359375 0.0828125
0 0.98671875 0.03671875 0.0265625 0.0734375
0 0.44453125 0.33203125 0.03359375 0.0828125
0 0.49609375 0.34453125 0.034375 0.0890625
0 0.67578125 0.33359375 0.0375 0.08125
0 0.76484375 0.23984375 0.0390625 0.08359375
0 0.85703125 0.23046875 0.0421875 0.09140625
0 0.81171875 0.3390625 0.0296875 0.08125
0 0.446875 0.55078125 0.0328125 0.08125
0 0.49609375 0.5515625 0.034375 0.0796875
0 0.5828125 0.5453125 0.04140625 0.0890625
0 0.62734375 0.54765625 0.0359375 0.08828125
0 0.71953125 0.55546875 0.03046875 0.07734375
0 0.81484375 0.5453125 0.03671875 0.0828125
0 0.8625 0.55625 0.03671875 0.0875
0 0.90234375 0.56328125 0.0375 0.090625
0 0.94609375 0.553125 0.04140625 0.10234375
0 0.9890625 0.55546875 0.02109375 0.07734375
0 0.98828125 0.675 0.02265625 0.084375
0 0.9453125 0.6828125 0.03984375 0.0875
0 0.81171875 0.6765625 0.03828125 0.08515625
0 0.765625 0.675 0.03515625 0.08515625
0 0.58828125 0.6828125 0.0453125 0.08984375
0 0.44921875 0.6734375 0.040625 0.0796875
0 0.5875 0.89375 0.0375 0.08359375
0 0.67109375 0.90390625 0.0328125 0.0734375
0 0.71640625 0.903125 0.040625 0.08046875
0 0.8140625 0.896875 0.0375 0.071875
0 0.76484375 0.97109375 0.0390625 0.0578125
0 0.9046875 0.9765625 0.040625 0.046875
0 0.953125 0.97421875 0.0390625 0.0515625
0 0.4078125 0.02578125 0.046875 0.0515625
2 0.3359967421875 0.8876327359375 0.3334258953125 0.9074128671875 0.33424755625 0.9572858312499999 0.3435464171875 0.9935065140624999 0.367631921875 0.9991856671875 0.3974161234375 0.9991856671875 0.4087728015625 0.99869706875 0.411890065625 0.9807882734375 0.4067369703125 0.9379185671875 0.3968175890625 0.9262442999999999 0.37539332187499996 0.9279674265625 0.377143321875 0.8684087953124999 0.37771009843750003 0.8651587953125001 0.34174918593750003 0.8691091203125 0.3359967421875 0.8876327359375
2 0.340184853125 0.36465227968749997 0.3757328984375 0.3671547234375 0.37506433281249996 0.20786644999999998 0.3391881109375 0.20590553749999999 0.340184853125 0.36465227968749997
2 0.33819136875 0 0.3392092828125 0.048218240625 0.346223940625 0.05967019531249999 0.356190553125 0.0645635171875 0.36409039062500004 0.0645578171875 0.3720643328125 0.059553745312499996 0.376273615625 0.051940553125 0.37695765468750003 0 0.33819136875 0