0 0.49296875 0.675 0.03671875 0.08046875
0 0.4921875 0.034375 0.0359375 0.06875
0 0.58671875 0.0390625 0.03828125 0.075
0 0.63359375 0.034375 0.0390625 0.06796875
0 0.72421875 0.3421875 0.034375 0.084375
0 0.8296875 0.3421875 0.040625 0.08203125
0 0.68359375 0.33671875 0.03671875 0.0765625
0 0.6765625 0.89765625 0.034375 0.08203125
0 0.26484375 0.23984375 0.0359375 0.07890625
0 0.68046875 0.2421875 0.03671875 0.08125
0 0.35546875 0.22890625 0.03671875 0.0890625
0 0.728125 0.68515625 0.0359375 0.0796875
0 0.58359375 0.8984375 0.03203125 0.08359375
0 0.53671875 0.6734375 0.03203125 0.08046875
0 0.63203125 0.68203125 0.03515625 0.0796875
0 0.58515625 0.6765625 0.0359375 0.08203125
0 0.08515625 0.89453125 0.03203125 0.07890625
0 0.4 0.0390625 0.0359375 0.078125
0 0.8859375 0.53984375 0.040625 0.0765625
0 0.4453125 0.5359375 0.0375 0.06640625
0 0.090625 0.6875 0.04140625 0.08046875
0 0.49765625 0.89453125 0.03515625 0.08046875
0 0.31015625 0.6765625 0.0359375 0.0765625
0 0.54140625 0.89609375 0.03515625 0.07890625
0 0.40078125 0.5609375 0.0328125 0.0734375
0 0.21484375 0.9046875 0.03359375 0.0765625
0 0.49375 0.55390625 0.0296875 0.07421875
0 0.08125 0.546875 0.03828125 0.09375
0 0.178125 0.33671875 0.03828125 0.07890625
0 0.62890625 0.5484375 0.03125 0.065625
0 0.31640625 0.5421875 0.0359375 0.07421875
0 0.3109375 0.3390625 0.0359375 0.08203125
0 0.9015625 0.35546875 0.03203125 0.08046875
0 0.40390625 0.97890625 0.0359375 0.0421875
0 0.26171875 0.67421875 0.040625 0.08203125
0 0.5890625 0.97421875 0.0328125 0.046875
0 0.53671875 0.34296875 0.034375 0.0859375
0 0.7703125 0.2375 0.03515625 0.09296875
0 0.125 0.54765625 0.0375 0.078125
0 0.53984375 0.54765625 0.03515625 0.07109375
0 0.21796875 0.55 0.03125 0.0640625
0 0.765625 0.53359375 0.03671875 0.090625
0 0.72421875 0.2421875 0.034375 0.08046875
0 0.26640625 0.96953125 0.0359375 0.05546875
0 0.725 0.540625 0.03515625 0.07421875
0 0.67265625 0.55078125 0.03828125 0.07265625
0 0.77265625 0.9765625 0.0375 0.0390625
0 0.03359375 0.0078125 0.0421875 0.015625
0 0.0078125 0.34296875 0.01484375 0.08046875
0 0.00859375 0.553125 0.01640625 0.0765625
0 0.91171875 0.978125 0.03984375 0.04140625
0 0.76953125 0.903125 0.0359375 0.08125
0 0.58515625 0.33984375 0.0359375 0.0796875
0 0.77109375 0.3375 0.03515625 0.078125
0 0.58671875 0.54453125 0.03515625 0.07109375
0 0.82890625 0.5359375 0.034375 0.08125
0 0.678125 0.68515625 0.03515625 0.08125
0 0.4453125 0.678125 0.03515625 0.0796875
0 0.721875 0.9 0.034375 0.08203125
0 0.6359375 0.97109375 0.0375 0.0390625
0 0.54296875 0.97578125 0.0375 0.0390625
0 0.4515625 0.97421875 0.0390625 0.05
0 0.3140625 0.89765625 0.03671875 0.07109375
0 0.17109375 0.90546875 0.03125 0.07109375
1 0.50078125 0.5 0.99765625 1