1 0.12839495114006516 0.02772557003257329 0.14358469055374595 0.01949185667752443 0.1626229641693811 0.014232899022801304 0.179942996742671 0.014423452768729642 0.19820195439739413 0.01851628664495114 0.20561319218241042 0.023531758957654723 0.20822719869706843 0.0383656351791531 0.20835423452768728 0.059015472312703585 0.20321742671009774 0.06748208469055375 0.1908322475570033 0.07431107491856678 0.12645439739413683 0.07622475570032573 0.1261628664495114 0.47833876221498367 0.12973615635179153 0.5019625407166124 0.13444462540716612 0.5302947882736156 0.13661237785016286 0.5567760586319219 0.14533387622149838 0.5824153094462541 0.15280944625407167 0.6094690553745928 0.15825407166123778 0.6409030944625408 0.1704372964169381 0.6786718241042345 0.17564332247557005 0.6972166123778502 0.1767198697068404 0.7222833876221498 0.1849315960912052 0.7579845276872964 0.2615879478827362 0.7493159609120521 0.26920114006514656 0.7582654723127036 0.27024592833876226 0.7724788273615635 0.26708061889250817 0.7871058631921825 0.2554804560260587 0.7906425081433225 0.23019218241042344 0.7915757328990228 0.22921661237785015 0.9201986970684037 0.24986644951140063 0.9224991856677525 0.26167833876221497 0.9287662866449512 0.26587703583061895 0.9381180781758959 0.2631416938110749 0.95596335504886 0.25404397394136813 0.9639902280130294 0.23658550488599345 0.960263029315961 0.21447231270358308 0.963799674267101 0.19654804560260586 0.9626539087947883 0.18898208469055375 0.9607190553745928 0.18927361563517914 0.999185667752443 0.998119706840391 0.999185667752443 0.998119706840391 0.0004804560260586319 0.1292271986970684 0.0004804560260586319 0.12839495114006516 0.02772557003257329
2 0.375096090625 0.06280293125 0.35964250781249996 0.0594951140625 0.3377728015625 0.062103420312500004 0.34084283437499996 0.2150716609375 0.3459006515625 0.22021416875000002 0.3553477203125 0.22411645 0.36591938125 0.22355456093749998 0.37796498437500003 0.21405944687499998 0.3814104234375 0.2019022796875 0.38175 0.14502117187500002 0.9991799671875 0.141834690625 0.9991856671875 0.1064674265625 0.8364771984375 0.11075162812499999 0.8370073296875 0.091718240625 0.38320276875000003 0.092714984375 0.3800162859375 0.0858281765625 0.381606678125 0.07126465781249999 0.375096090625 0.06280293125
2 0.3504755703125 0.499754071875 0.35686970625000003 0.5104364828125 0.36405293125 0.517816775 0.37369136875 0.5252231265625 0.3919185671875 0.5323591203125 0.40923371406250003 0.5298412046875 0.4212687296875 0.523584690625 0.42806026093750005 0.48888029375000003 0.42871172656249995 0.46695276874999997 0.42870684062500003 0.44966938125 0.4154894140625 0.4458045609375 0.4081254078125 0.4444047234375 0.3801172640625 0.447909609375 0.379311075 0.445523615625 0.3776148203125 0.374598534375 0.3742166125 0.3708656359375 0.364726384375 0.36607817656249997 0.3547434859375 0.367096090625 0.33897149843749996 0.3742589578125 0.341409609375 0.49143078124999995 0.3504755703125 0.499754071875
2 0.42194706875000004 0.7831213359375 0.433748371875 0.7919755703125 0.44387459218750003 0.7946311078125 0.45629153125000005 0.79661970625 0.9991856671875 0.7944934859375 0.9991856671875 0.7536123781249999 0.4259657984375 0.7621799671875 0.4250065140625 0.6811864828124999 0.41939739375 0.6759381109375 0.41164087968749996 0.670901465625 0.40209772031249996 0.6726091203125 0.39534364843750003 0.6795643328125001 0.3868078171875 0.6867532578125 0.40956270312500004 0.7728892515625 0.42194706875000004 0.7831213359375
2 0.9991856671875 0.9191140062500001 0.46505456093750003 0.920354234375 0.4366058625 0.9222630296875 0.417976384375 0.93436645 0.403301303125 0.9445561890624999 0.398131921875 0.9581661234375 0.39597475625 0.9991856671875 0.43606514687500003 0.9991856671875 0.43688192187499997 0.9567076546875001 0.9991856671875 0.956718240625 0.9991856671875 0.9191140062500001
3 0.6765625 0.18203125 0.046875 0.07421875
3 0.4921875 0.1828125 0.046875 0.07421875
3 0.5375 0.18203125 0.046875 0.07421875
3 0.76484375 0.18046875 0.046875 0.07421875
3 0.9046875 0.18046875 0.046875 0.07421875
3 0.81015625 0.18125 0.046875 0.07421875
3 0.85859375 0.18203125 0.046875 0.07421875
3 0.58515625 0.18203125 0.046875 0.07421875
3 0.4421875 0.1828125 0.046875 0.07421875
3 0.4 0.1828125 0.0421875 0.07578125
3 0.63125 0.18203125 0.046875 0.07421875
3 0.721875 0.18203125 0.0421875 0.0734375
3 0.9484375 0.18046875 0.04375 0.075
3 0.984375 0.18125 0.03046875 0.07578125
3 0.8609375 0.0640625 0.04453125 0.0875
3 0.9 0.06328125 0.04453125 0.0875
3 0.53671875 0.04609375 0.04609375 0.09140625
3 0.946875 0.0625 0.04453125 0.0875
3 0.72421875 0.0453125 0.04765625 0.090625
3 0.7671875 0.0453125 0.04375 0.090625
3 0.5828125 0.0453125 0.04765625 0.090625
3 0.6265625 0.0453125 0.04765625 0.090625
3 0.675 0.0453125 0.04765625 0.090625
3 0.81640625 0.0453125 0.04765625 0.090625
3 0.44609375 0.0453125 0.04375 0.090625
3 0.403125 0.0453125 0.04140625 0.090625
3 0.4890625 0.04609375 0.04765625 0.090625
3 0.5390625 0.40234375 0.046875 0.09140625
3 0.49140625 0.40234375 0.046875 0.09140625
3 0.5859375 0.40234375 0.046875 0.09140625
3 0.6296875 0.403125 0.046875 0.09140625
3 0.67421875 0.403125 0.046875 0.09140625
3 0.721875 0.40234375 0.046875 0.09140625
3 0.7671875 0.4015625 0.04453125 0.090625
3 0.81015625 0.40234375 0.046875 0.09140625
3 0.85703125 0.40234375 0.046875 0.09140625
3 0.903125 0.4015625 0.046875 0.09140625
3 0.6296875 0.49609375 0.046875 0.09140625
3 0.584375 0.49609375 0.046875 0.09140625
3 0.53828125 0.496875 0.046875 0.09140625
3 0.4015625 0.403125 0.046875 0.09140625
3 0.44609375 0.4 0.046875 0.09140625
3 0.7203125 0.4953125 0.046875 0.09140625
3 0.67421875 0.4953125 0.046875 0.09140625
3 0.44765625 0.49765625 0.04296875 0.09296875
3 0.490625 0.496875 0.046875 0.09140625
3 0.94921875 0.49375 0.04375 0.090625
3 0.90234375 0.49453125 0.04609375 0.090625
3 0.8578125 0.49453125 0.046875 0.09140625
3 0.81328125 0.49609375 0.04375 0.090625
3 0.7703125 0.49609375 0.046875 0.09140625
3 0.984375 0.49296875 0.03125 0.09375
3 0.72109375 0.70859375 0.0453125 0.096875
3 0.8609375 0.70703125 0.0453125 0.096875
3 0.81328125 0.7078125 0.0453125 0.096875
3 0.67421875 0.70703125 0.0453125 0.096875
3 0.628125 0.70625 0.0453125 0.096875
3 0.5875 0.70546875 0.0453125 0.096875
3 0.5390625 0.70390625 0.0453125 0.096875
3 0.49296875 0.7046875 0.0453125 0.096875
3 0.45 0.7046875 0.0453125 0.096875
3 0.7671875 0.70703125 0.0453125 0.096875
3 0.98671875 0.70703125 0.0265625 0.09609375
3 0.94921875 0.70625 0.0453125 0.096875
3 0.90625 0.70625 0.0453125 0.096875
2 0.9640625 0.4 0.071875 0.09140625
3 0.17734375 0.1828125 0.09453125 0.0484375
3 0.175 0.22734375 0.096875 0.0375
3 0.1765625 0.13671875 0.0953125 0.04609375
3 0.1765625 0.45546875 0.09296875 0.03984375
3 0.17734375 0.4140625 0.09375 0.04375
3 0.178125 0.27109375 0.09453125 0.0484375
3 0.178125 0.3203125 0.09453125 0.0484375
3 0.1765625 0.36875 0.09453125 0.0484375
3 0.17734375 0.09296875 0.096875 0.03671875
2 0.1350912046875 0.53411400625 0.21879315937500002 0.5160773609375 0.22477931562500003 0.5098379484375 0.2281824109375 0.50222475625 0.2236547234375 0.4917589578125 0.2177809453125 0.4844161234375 0.2086783390625 0.4790773609375 0.130293159375 0.4831701953125 0.1350912046875 0.53411400625
3 0.25676384375 0.6491758953125 0.2467703578125 0.6028713359375 0.1601522796875 0.6243216609375 0.1701563515625 0.6701962546875 0.25676384375 0.6491758953125
3 0.26553827343749997 0.69437215 0.2566368078125 0.6476701953124999 0.168448696875 0.6685423453125 0.18178257343749998 0.7149421828125 0.26553827343749997 0.69437215
3 0.2655114 0.7476270359375 0.2648754078125 0.691901465625 0.1805105859375 0.716612378125 0.1881604234375 0.7571009765625 0.2655114 0.7476270359375
3 0.1560008140625 0.6244063515625 0.24667508124999998 0.6051881109374999 0.23837785 0.5591058624999999 0.1452223125 0.58224755625 0.1560008140625 0.6244063515625
3 0.23497964218749998 0.5591799671875 0.22297638437499998 0.5157703578125 0.137078990625 0.5374592828125 0.1456311078125 0.585523615625 0.23497964218749998 0.5591799671875
3 0.6734375 0.98046875 0.0453125 0.0390625
3 0.7203125 0.98046875 0.0453125 0.0390625
3 0.7671875 0.98046875 0.0453125 0.0390625
3 0.8125 0.98046875 0.0453125 0.0390625
3 0.8578125 0.98046875 0.0453125 0.0390625
3 0.90390625 0.98046875 0.0453125 0.0390625
3 0.95078125 0.98046875 0.0453125 0.0390625
3 0.49921875 0.98046875 0.0453125 0.0390625
3 0.628125 0.98046875 0.0453125 0.0390625
3 0.58359375 0.98046875 0.0453125 0.0390625
3 0.5390625 0.98046875 0.0453125 0.0390625
3 0.4578125 0.98046875 0.0453125 0.0390625
3 0.98671875 0.97734375 0.0265625 0.0390625
0 0.44765625 0.04921875 0.03828125 0.08515625
0 0.49609375 0.053125 0.03828125 0.08203125
0 0.58046875 0.046875 0.04140625 0.09375
0 0.6265625 0.04765625 0.04296875 0.08984375
0 0.7171875 0.05390625 0.034375 0.07265625
0 0.8171875 0.0453125 0.04140625 0.0828125
0 0.85859375 0.06015625 0.03828125 0.0859375
0 0.9015625 0.06640625 0.03828125 0.084375
0 0.94609375 0.05390625 0.04609375 0.10546875
0 0.98828125 0.05625 0.0234375 0.0890625
3 0.98359375 0.06015625 0.03203125 0.08828125
0 0.4453125 0.1828125 0.03359375 0.075
0 0.58828125 0.1875 0.03984375 0.08515625
0 0.7609375 0.178125 0.040625 0.0921875
0 0.81015625 0.17734375 0.0375 0.0859375
0 0.94453125 0.178125 0.040625 0.08203125
0 0.9859375 0.17578125 0.02734375 0.08359375
0 0.5859375 0.39375 0.0390625 0.08203125
0 0.446875 0.4828125 0.04375 0.0765625
0 0.67265625 0.403125 0.04140625 0.0796875
0 0.7171875 0.40546875 0.03671875 0.08359375
0 0.8109375 0.39921875 0.0375 0.0796875
0 0.765625 0.5015625 0.04140625 0.1234375
0 0.90546875 0.49921875 0.040625 0.08984375
0 0.9515625 0.48671875 0.0390625 0.078125
0 0.5859375 0.7109375 0.0484375 0.10234375
0 0.859375 0.7078125 0.0375 0.09140625
0 0.953125 0.71484375 0.03515625 0.08515625
0 0.98828125 0.7078125 0.0234375 0.090625
0 0.68359375 0.97578125 0.04609375 0.0484375
0 0.1703125 0.228125 0.07109375 0.0390625
0 0.184375 0.41328125 0.07890625 0.03828125