1 0.21640625 0.5875 0.4171875 0.81953125
2 0.1859375 0.4828125 0.059375 0.159375
3 0.2671875 0.22265625 0.04296875 0.090625
3 0.225 0.22421875 0.04296875 0.0921875
3 0.18046875 0.225 0.04140625 0.0921875
3 0.13359375 0.22421875 0.0484375 0.09296875
3 0.08828125 0.22578125 0.04296875 0.08828125
3 0.04140625 0.22421875 0.0453125 0.0890625
3 0.1296875 0.44296875 0.04296875 0.0828125
3 0.08515625 0.44296875 0.0421875 0.08203125
3 0.040625 0.4421875 0.04375 0.0859375
3 0.03984375 0.52734375 0.0421875 0.0828125
3 0.08359375 0.52734375 0.0421875 0.08203125
3 0.13046875 0.528125 0.04609375 0.08515625
3 0.04140625 0.74296875 0.05078125 0.08984375
3 0.0875 0.74375 0.04375 0.0890625
3 0.13203125 0.74375 0.04296875 0.09140625
3 0.17578125 0.74375 0.046875 0.09140625
3 0.22265625 0.74296875 0.04609375 0.09140625
3 0.271875 0.7421875 0.04921875 0.08984375
3 0.31171875 0.74140625 0.03515625 0.0890625
3 0.34453125 0.74140625 0.03359375 0.08984375
3 0.37578125 0.74296875 0.034375 0.08828125
3 0.40859375 0.7421875 0.0328125 0.0859375
0 0.178125 0.2203125 0.0328125 0.084375
0 0.13046875 0.21640625 0.0328125 0.0796875
0 0.08203125 0.2203125 0.02578125 0.07421875
0 0.084375 0.5375 0.0328125 0.07265625
0 0.1328125 0.5296875 0.0296875 0.07890625
0 0.1796875 0.7421875 0.03359375 0.0734375
0 0.2234375 0.74453125 0.03671875 0.07578125
0 0.2703125 0.73359375 0.0328125 0.090625
3 0.040625 0.83515625 0.04921875 0.096875
2 0.29962785 0.27369218281249996 0.31245765468750003 0.2767719875 0.427021171875 0.27712785 0.42918892499999994 0.1797842015625 0.2903925078125 0.1774828984375 0.29088029375 0.265490228125 0.29962785 0.27369218281249996
2 0.32418973906250004 0.553517915625 0.3178281765625 0.5628965796875 0.3201074921875 0.5726408796875 0.32716938125 0.58336645 0.4016579796875 0.583 0.4189837140625 0.57621416875 0.4232565140625 0.5715382734375 0.42481026093749996 0.551031759375 0.3304934859375 0.5490537453125001 0.32418973906250004 0.553517915625
3 0.08671875 0.83515625 0.04609375 0.09375
3 0.13125 0.83515625 0.04296875 0.09140625
3 0.175 0.83671875 0.04296875 0.090625
3 0.22265625 0.8359375 0.0484375 0.0921875
3 0.265625 0.834375 0.04296875 0.09453125
3 0.30546875 0.83359375 0.03515625 0.09765625
3 0.34296875 0.83671875 0.03515625 0.1015625
3 0.37890625 0.83515625 0.03359375 0.09921875
3 0.4109375 0.83828125 0.02890625 0.09921875
0 0.03984375 0.8453125 0.0359375 0.075
0 0.08515625 0.83984375 0.034375 0.07578125
0 0.1828125 0.834375 0.0296875 0.078125
0 0.22578125 0.840625 0.02734375 0.084375
0 0.27265625 0.83671875 0.03046875 0.07421875
0 0.32890625 0.84453125 0.0359375 0.0828125
0 0.4015625 0.85703125 0.034375 0.07421875
3 0.3270276875 0.32476954375 0.3262214984375 0.3681286640625 0.41852687343749995 0.36719951093750003 0.42008061874999997 0.3236856671875 0.3283118890625 0.3242719875 0.3270276875 0.32476954375
3 0.4198037453125 0.3240333875 0.420740228125 0.2813509765625 0.325066775 0.28088110781250003 0.32550814375 0.3232133546875 0.4198037453125 0.3240333875