0 0.49296875 0.17578125 0.0375 0.0765625
0 0.26328125 0.1765625 0.0359375 0.07890625
0 0.44765625 0.17734375 0.0328125 0.07421875
0 0.728125 0.18515625 0.03671875 0.07890625
0 0.31015625 0.178125 0.03671875 0.07578125
0 0.215625 0.4046875 0.034375 0.07734375
0 0.45078125 0.4859375 0.0359375 0.07421875
0 0.628125 0.05078125 0.0296875 0.071875
0 0.5890625 0.490625 0.03203125 0.078125
0 0.49453125 0.05390625 0.034375 0.07265625
0 0.4453125 0.05078125 0.0375 0.0953125
0 0.8859375 0.03984375 0.04296875 0.07890625
0 0.584375 0.3984375 0.0359375 0.0828125
0 0.76875 0.49375 0.03515625 0.06953125
0 0.54140625 0.49765625 0.0359375 0.078125
0 0.3140625 0.040625 0.03046875 0.07265625
0 0.5421875 0.39609375 0.03828125 0.08046875
0 0.12421875 0.05 0.0390625 0.08359375
0 0.5859375 0.7109375 0.03515625 0.08203125
0 0.63046875 0.1828125 0.0328125 0.08125
0 0.67734375 0.4 0.0328125 0.084375
0 0.58203125 0.1734375 0.0296875 0.078125
0 0.721875 0.40078125 0.03671875 0.07890625
0 0.5421875 0.71171875 0.034375 0.0828125
0 0.40234375 0.06171875 0.034375 0.0734375
0 0.90859375 0.4953125 0.034375 0.06875
0 0.40390625 0.5 0.03515625 0.08203125
0 0.86328125 0.49609375 0.0328125 0.07578125
2 0.26640625 0.5015625 0.04296875 0.1125
0 0.08828125 0.1875 0.0375 0.0796875
0 0.58828125 0.0421875 0.03203125 0.0703125
0 0.67734375 0.18671875 0.0328125 0.08203125
0 0.0859375 0.39453125 0.03515625 0.07265625
0 0.6328125 0.4890625 0.03046875 0.07265625
0 0.8296875 0.03671875 0.034375 0.07265625
0 0.5375 0.1765625 0.03125 0.08203125
0 0.81640625 0.49375 0.034375 0.07734375
0 0.496875 0.39140625 0.03359375 0.0765625
0 0.4984375 0.71015625 0.0296875 0.0859375
0 0.08046875 0.04453125 0.03671875 0.0859375
0 0.76953125 0.40390625 0.03046875 0.0859375
0 0.3609375 0.06015625 0.0328125 0.08203125
0 0.63125 0.71796875 0.03359375 0.078125
0 0.00625 0.05 0.0125 0.0765625
0 0.67890625 0.49453125 0.0265625 0.078125
0 0.35859375 0.70625 0.0359375 0.0859375
0 0.76640625 0.0375 0.03515625 0.0734375
0 0.675 0.04765625 0.0296875 0.06640625
0 0.171875 0.403125 0.03125 0.07109375
0 0.53984375 0.0515625 0.02890625 0.07890625
0 0.67890625 0.7109375 0.0234375 0.0671875
0 0.2171875 0.05 0.0265625 0.0640625
0 0.72734375 0.04453125 0.034375 0.0796875
0 0.3125 0.396875 0.0359375 0.07578125
0 0.81171875 0.40390625 0.02890625 0.0765625
0 0.45234375 0.7140625 0.028125 0.071875
0 0.08671875 0.71171875 0.04296875 0.09921875
0 0.7234375 0.49921875 0.03125 0.071875
0 0.18125 0.9765625 0.04296875 0.04609375
0 0.58515625 0.97734375 0.0390625 0.0453125
0 0.76875 0.97890625 0.034375 0.0421875
1 0.5 0.04375 1 0.0875
1 0.5 0.44765625 0.9984375 0.62890625
1 0.5 0.97421875 1 0.0484375