1 0.73984375 0.5453125 0.51953125 0.8625
3 0.6328125 0.1609375 0.03359375 0.08046875
3 0.6796875 0.1625 0.04296875 0.08125
3 0.7265625 0.16171875 0.04609375 0.0828125
3 0.77109375 0.1578125 0.046875 0.0828125
3 0.81875 0.15546875 0.05 0.08671875
3 0.86875 0.15625 0.046875 0.0828125
3 0.91171875 0.15546875 0.03984375 0.08515625
3 0.95234375 0.15703125 0.04453125 0.08046875
3 0.98671875 0.1546875 0.0265625 0.08125
0 0.634375 0.15390625 0.03671875 0.071875
0 0.68359375 0.15625 0.03359375 0.07265625
0 0.91328125 0.15078125 0.0359375 0.07890625
0 0.98984375 0.1484375 0.0203125 0.06796875
0 0.73203125 0.3484375 0.03671875 0.075
0 0.81875 0.36015625 0.0328125 0.07421875
0 0.98671875 0.4421875 0.0265625 0.075
0 0.9046875 0.6453125 0.03125 0.071875
0 0.98671875 0.65078125 0.0265625 0.0765625
0 0.9859375 0.7484375 0.02734375 0.07421875
0 0.9421875 0.740625 0.03203125 0.0734375
0 0.9 0.74765625 0.03125 0.0734375
0 0.81328125 0.74765625 0.0328125 0.078125
0 0.73359375 0.74375 0.03046875 0.07890625
0 0.775 0.934375 0.0296875 0.0796875
0 0.85625 0.93671875 0.03125 0.06796875
0 0.9453125 0.93828125 0.0359375 0.06953125
0 0.98828125 0.9375 0.02265625 0.0671875
3 0.53671875 0.36953125 0.0875 0.046875
3 0.53671875 0.41328125 0.08515625 0.046875
3 0.53359375 0.45703125 0.08671875 0.0421875
3 0.5328125 0.5 0.08828125 0.046875
3 0.5328125 0.54296875 0.0859375 0.04296875
3 0.53203125 0.5859375 0.0875 0.0484375
3 0.53046875 0.6296875 0.0921875 0.04375
3 0.5265625 0.9125 0.0859375 0.046875
3 0.52578125 0.95390625 0.09296875 0.040625
0 0.775 0.44453125 0.034375 0.07578125
3 0.90078125 0.4421875 0.0421875 0.09609375
3 0.9015625 0.35625 0.040625 0.078125
3 0.73515625 0.6453125 0.03671875 0.10390625
3 0.77421875 0.65 0.03984375 0.0953125
3 0.81640625 0.64921875 0.0390625 0.0984375
3 0.85859375 0.64765625 0.03671875 0.0984375
3 0.9015625 0.64921875 0.0390625 0.09609375
3 0.9453125 0.64921875 0.0421875 0.09296875
3 0.98203125 0.65234375 0.03515625 0.090625
3 0.7359375 0.74140625 0.0328125 0.09140625
3 0.77109375 0.74140625 0.04375 0.0953125
3 0.81875 0.7421875 0.0359375 0.0921875
3 0.8578125 0.74375 0.04140625 0.0890625
3 0.90078125 0.74296875 0.03671875 0.08984375
3 0.94375 0.74375 0.0390625 0.08984375
3 0.9828125 0.74140625 0.03359375 0.09296875
3 0.73671875 0.9359375 0.03203125 0.08046875
3 0.775 0.93828125 0.0328125 0.0875
3 0.81484375 0.9359375 0.0390625 0.0828125
3 0.85625 0.9359375 0.040625 0.0796875
3 0.946875 0.93828125 0.0453125 0.0765625
3 0.9875 0.940625 0.025 0.075
3 0.903125 0.9375 0.0421875 0.07578125
3 0.94609375 0.36015625 0.04375 0.08515625
3 0.94609375 0.44453125 0.03828125 0.090625
3 0.98359375 0.4453125 0.03203125 0.08671875
3 0.98203125 0.35859375 0.0359375 0.0828125
3 0.86015625 0.35703125 0.0390625 0.08984375
3 0.85703125 0.44609375 0.04140625 0.090625
3 0.815625 0.4484375 0.040625 0.09140625
3 0.77578125 0.44765625 0.03671875 0.08671875
3 0.73359375 0.4453125 0.0421875 0.0875
3 0.73203125 0.35625 0.04375 0.096875
3 0.775 0.35546875 0.040625 0.09453125
3 0.81640625 0.35625 0.04296875 0.09375
3 0.53515625 0.328125 0.08515625 0.04453125
3 0.534375 0.28828125 0.084375 0.04140625
3 0.53515625 0.24140625 0.08984375 0.05234375
2 0.48306433281250005 0.21725081406250002 0.588429153125 0.21580863125 0.599737784375 0.2081107484375 0.6069055375 0.1809926703125 0.6103517921875 0.1124055375 0.4820838765625 0.11090472343749999 0.48306433281250005 0.21725081406250002
2 0.4844535828125 0.695962540625 0.483626221875 0.7209755703125 0.533609934375 0.7230276875 0.549684853125 0.72012215 0.5699315953124999 0.697876221875 0.4858851796875 0.696254071875 0.4844535828125 0.695962540625
2 0.4832605859375 0.8882109125 0.5703933218749999 0.8872508140625 0.5694438109375 0.8842288281249999 0.56242508125 0.8668184046875 0.5503420203125 0.8576840390625 0.48344625468749997 0.85566938125 0.4832605859375 0.8882109125
2 0.6876498375 0.5896221500000001 0.690098534375 0.7887410421875 0.713012215625 0.78688599375 0.7138241046875 0.5929519546875001 0.689468240625 0.5903908796875 0.6876498375 0.5896221500000001
2 0.6891921828124999 0.49248045625000003 0.7107223125 0.491340390625 0.7112255703125 0.30955211718750003 0.6881107484375 0.313517915625 0.6891921828124999 0.49248045625000003
2 0.6869975562499999 0.88895276875 0.6888688921874999 0.97909690625 0.7122068406250001 0.9808037453124999 0.7111302937499999 0.8889055375 0.6862605859375 0.886566775 0.6869975562499999 0.88895276875