0 0.125 0.23203125 0.0359375 0.08515625
0 0.275 0.0390625 0.03828125 0.07734375
0 0.21484375 0.33046875 0.03828125 0.0765625
0 0.0828125 0.234375 0.03984375 0.078125
0 0.303125 0.22890625 0.040625 0.08046875
0 0.1703125 0.0359375 0.04375 0.071875
0 0.2203125 0.03828125 0.04453125 0.07421875
0 0.03828125 0.03671875 0.0453125 0.0734375
0 0.2328125 0.234375 0.04453125 0.09375
0 0.125 0.03359375 0.04140625 0.0671875
0 0.28828125 0.334375 0.0484375 0.08203125
1 0.541812703125 0.6806718234375 0.5386587953124999 0 0 0.0027353421875 0.0002728015625 0.6800219875 0.541812703125 0.6806718234375