0 0.93984375 0.2390625 0.03046875 0.07734375
0 0.8984375 0.24921875 0.0328125 0.08125
0 0.85546875 0.43671875 0.0359375 0.07421875
0 0.8140625 0.2484375 0.03203125 0.08359375
0 0.9453125 0.53046875 0.0375 0.075
0 0.50625 0.171875 0.071875 0.0359375
0 0.9859375 0.24765625 0.028125 0.0765625
0 0.90390625 0.146875 0.03203125 0.0703125
0 0.9421875 0.4390625 0.03203125 0.06953125
0 0.81796875 0.8265625 0.03515625 0.08203125
0 0.98671875 0.146875 0.02578125 0.07734375
0 0.77109375 0.43203125 0.0375 0.08671875
0 0.7734375 0.52578125 0.03515625 0.06484375
0 0.52578125 0.9640625 0.0765625 0.02421875
0 0.73203125 0.2265625 0.04296875 0.0640625
0 0.5265625 0.27265625 0.08203125 0.0421875
0 0.94765625 0.73359375 0.0359375 0.09296875
0 0.77578125 0.82421875 0.034375 0.0765625
0 0.52109375 0.8 0.0765625 0.03359375
0 0.9890625 0.43515625 0.021875 0.0734375
0 0.515625 0.54921875 0.07265625 0.0375
1 0.9991856671875 0.9984486968749999 0.9991856671875 0 0.4237768734375 0.0023412046875 0.41995358281249995 0.9991856671875 0.9991856671875 0.9984486968749999