1 0.4890625 0.49921875 0.978125 0.9984375
2 0.83515625 0.2015625 0.021875 0.17265625
2 0.8328125 0.496875 0.0234375 0.16484375
2 0.83359375 0.78515625 0.0203125 0.18125
2 0.196875 0.778125 0.0234375 0.184375
2 0.19765625 0.4875 0.0234375 0.190625
2 0.20078125 0.20234375 0.021875 0.17421875
2 0.03515625 0.20859375 0.0703125 0.025
2 0.0359375 0.36953125 0.071875 0.02421875
3 0.234375 0.146875 0.03984375 0.10078125
3 0.2734375 0.14609375 0.04140625 0.1015625
3 0.31484375 0.1453125 0.04140625 0.10390625
3 0.35625 0.14609375 0.0421875 0.1015625
3 0.3984375 0.146875 0.04765625 0.0984375
3 0.44296875 0.146875 0.0453125 0.10078125
3 0.48984375 0.14609375 0.0453125 0.1015625
3 0.53203125 0.14375 0.04453125 0.10625
3 0.57734375 0.14453125 0.04453125 0.10390625
3 0.6234375 0.14453125 0.04453125 0.1046875
3 0.66875 0.1453125 0.04296875 0.10546875
3 0.7125 0.1453125 0.04921875 0.10625
3 0.7578125 0.1421875 0.0421875 0.10546875
3 0.8015625 0.1453125 0.040625 0.103125
0 0.40390625 0.14609375 0.03359375 0.0703125
0 0.490625 0.15 0.03984375 0.0796875
0 0.58125 0.15078125 0.0421875 0.08125
0 0.628125 0.15234375 0.03203125 0.0734375
0 0.671875 0.14921875 0.028125 0.06796875
0 0.71484375 0.15546875 0.03125 0.07421875
0 0.7625 0.153125 0.0296875 0.0734375
3 0.3546875 0.440625 0.0421875 0.10078125
3 0.271875 0.440625 0.04296875 0.10234375
3 0.31640625 0.8296875 0.04609375 0.090625
3 0.03671875 0.97109375 0.0734375 0.04296875
3 0.040625 0.04453125 0.08046875 0.0453125
3 0.0375 0.6765625 0.07265625 0.04609375
3 0.2703125 0.534375 0.040625 0.08359375
3 0.2734375 0.8296875 0.0453125 0.090625
3 0.234375 0.2421875 0.03671875 0.08515625
3 0.271875 0.24296875 0.04140625 0.08984375
3 0.31328125 0.24453125 0.0421875 0.08984375
3 0.3546875 0.24453125 0.040625 0.08984375
3 0.39921875 0.2421875 0.04296875 0.09609375
3 0.44296875 0.2421875 0.0421875 0.09140625
3 0.4890625 0.2421875 0.046875 0.090625
3 0.53203125 0.24296875 0.04453125 0.0921875
3 0.5765625 0.2421875 0.04609375 0.090625
3 0.621875 0.2421875 0.04453125 0.08828125
3 0.66796875 0.24375 0.04375 0.090625
3 0.7125 0.24296875 0.04609375 0.0921875
3 0.75625 0.24140625 0.04375 0.09453125
3 0.8015625 0.24140625 0.04296875 0.09453125
3 0.3140625 0.440625 0.04140625 0.1
3 0.23203125 0.440625 0.04375 0.1
2 0.4 0.43984375 0.0453125 0.0984375
3 0.4453125 0.43984375 0.04296875 0.096875
3 0.4890625 0.440625 0.04375 0.09921875
3 0.5328125 0.4390625 0.04453125 0.09921875
3 0.578125 0.4421875 0.04140625 0.1
3 0.621875 0.440625 0.04609375 0.1
3 0.66796875 0.440625 0.04140625 0.1
3 0.7109375 0.43984375 0.0453125 0.10078125
3 0.77734375 0.43984375 0.0890625 0.1
3 0.77890625 0.53359375 0.08671875 0.0921875
3 0.71328125 0.53515625 0.04765625 0.08984375
3 0.66640625 0.53203125 0.04609375 0.08984375
3 0.621875 0.53515625 0.04453125 0.08515625
3 0.5765625 0.534375 0.04375 0.08984375
3 0.53359375 0.53515625 0.04609375 0.0890625
3 0.48828125 0.534375 0.0453125 0.0890625
3 0.44375 0.53359375 0.04296875 0.09296875
2 0.39921875 0.5328125 0.04609375 0.090625
3 0.35390625 0.5328125 0.03984375 0.0890625
3 0.3140625 0.5328125 0.0390625 0.08828125
3 0.23125 0.5359375 0.0375 0.090625
3 0.23125 0.7359375 0.04140625 0.090625
3 0.2734375 0.7375 0.04453125 0.09140625
3 0.315625 0.73671875 0.0453125 0.09140625
3 0.36015625 0.7375 0.04453125 0.090625
3 0.40390625 0.7390625 0.046875 0.09140625
3 0.4484375 0.7390625 0.04453125 0.09140625
3 0.49140625 0.73828125 0.04375 0.0921875
3 0.53359375 0.73828125 0.04375 0.0921875
3 0.578125 0.73984375 0.0453125 0.09375
3 0.621875 0.73828125 0.0390625 0.09453125
3 0.6640625 0.7390625 0.04453125 0.09296875
3 0.71875 0.7375 0.0703125 0.09375
3 0.78984375 0.73671875 0.06796875 0.09453125
3 0.78828125 0.8296875 0.06796875 0.09375
3 0.71953125 0.83046875 0.06796875 0.09296875
3 0.6640625 0.83046875 0.04375 0.09375
3 0.61953125 0.83203125 0.0421875 0.09140625
3 0.5765625 0.8296875 0.0453125 0.090625
3 0.5328125 0.8296875 0.0421875 0.08984375
3 0.48984375 0.82734375 0.04375 0.0890625
3 0.446875 0.82890625 0.0421875 0.0859375
3 0.40390625 0.82890625 0.0453125 0.0875
3 0.359375 0.82890625 0.0421875 0.09375
3 0.0390625 0.0875 0.078125 0.046875
3 0.0390625 0.13203125 0.078125 0.046875
3 0.03828125 0.17421875 0.0765625 0.0421875
3 0.03671875 0.41015625 0.0734375 0.04921875
3 0.0359375 0.45859375 0.071875 0.0515625
3 0.0359375 0.503125 0.071875 0.03828125
3 0.0359375 0.54609375 0.06875 0.04453125
3 0.0359375 0.71640625 0.071875 0.0421875
3 0.0359375 0.76171875 0.071875 0.04375
3 0.0359375 0.80234375 0.071875 0.04296875
3 0.0359375 0.84296875 0.071875 0.0390625
3 0.03671875 0.88671875 0.0734375 0.0453125
3 0.0375 0.92890625 0.071875 0.04375
3 0.22890625 0.82890625 0.03984375 0.090625
0 0.23515625 0.240625 0.03125 0.0734375
0 0.31640625 0.246875 0.03046875 0.08046875
0 0.4015625 0.2484375 0.03671875 0.078125
0 0.4421875 0.23984375 0.0328125 0.078125
0 0.49140625 0.24921875 0.03046875 0.075
0 0.534375 0.24453125 0.03125 0.07890625
0 0.578125 0.2421875 0.02890625 0.06796875
0 0.621875 0.24296875 0.0359375 0.0765625
0 0.66640625 0.246875 0.03203125 0.078125
0 0.7109375 0.2453125 0.0328125 0.08046875
0 0.75859375 0.246875 0.0328125 0.07265625
0 0.0234375 0.17109375 0.04140625 0.03828125
0 0.028125 0.54140625 0.05546875 0.04140625
0 0.27109375 0.4390625 0.034375 0.09140625
0 0.27421875 0.53046875 0.02734375 0.06953125
0 0.35625 0.440625 0.028125 0.075
0 0.44375 0.446875 0.03515625 0.06640625
0 0.49453125 0.4375 0.02734375 0.07421875
0 0.4453125 0.5328125 0.03046875 0.07734375
0 0.53515625 0.53828125 0.0296875 0.071875
0 0.6234375 0.53203125 0.025 0.07421875
0 0.57734375 0.43828125 0.03671875 0.0890625
0 0.6203125 0.43984375 0.0328125 0.084375
0 0.66640625 0.4453125 0.03046875 0.084375
0 0.709375 0.43125 0.034375 0.06640625
0 0.66796875 0.534375 0.03359375 0.07265625
0 0.7140625 0.5390625 0.03515625 0.07109375
0 0.7765625 0.5359375 0.03203125 0.0765625
0 0.4484375 0.73125 0.04140625 0.09921875
0 0.57890625 0.7375 0.034375 0.0875
0 0.62265625 0.7296875 0.03671875 0.0828125
0 0.734375 0.72890625 0.040625 0.09296875
0 0.80390625 0.7265625 0.034375 0.0875
0 0.7140625 0.82890625 0.0328125 0.07578125
0 0.7875 0.83359375 0.03515625 0.07890625
0 0.31875 0.82734375 0.03984375 0.0859375
0 0.27578125 0.82578125 0.03828125 0.07734375
0 0.005482084375 0.6817434859375 0.044640065625 0.7268925078125 0.066895765625 0.7058395765625 0.0253420203125 0.659026059375 0.00504723125 0.6786522796875001 0.005482084375 0.6817434859375
0 0.02421875 0.79765625 0.0453125 0.03515625
0 0.034375 0.971875 0.0609375 0.03828125