1 0.500000 0.500000 1.000000 1.000000
3 0.529673 0.041406 0.106850 0.082813
3 0.587526 0.175094 0.106850 0.084585
3 0.567388 0.132005 0.106850 0.084584
3 0.549324 0.085898 0.106850 0.084584
3 0.534547 0.305402 0.106850 0.084584
3 0.514516 0.262559 0.106850 0.084584
3 0.496651 0.216134 0.106850 0.084584
3 0.476197 0.169414 0.106850 0.084584
3 0.459799 0.125642 0.106850 0.084585
3 0.439273 0.080414 0.106850 0.084585
3 0.572001 0.393603 0.106850 0.084584
3 0.662674 0.623534 0.106850 0.084585
3 0.553311 0.349617 0.106850 0.084585
3 0.625951 0.267823 0.106850 0.084585
3 0.606737 0.221612 0.106850 0.084585
3 0.510615 0.019620 0.104418 0.039240
3 0.419853 0.038237 0.106850 0.076474
3 0.852901 0.814847 0.106850 0.084584
3 0.762569 0.853723 0.106850 0.084584
3 0.734495 0.536637 0.106850 0.084585
3 0.646631 0.576042 0.106850 0.084585
3 0.718421 0.492374 0.106850 0.084585
3 0.629047 0.530982 0.106850 0.084585
3 0.700446 0.445691 0.106850 0.084585
3 0.609385 0.484660 0.106849 0.084584
3 0.682176 0.400221 0.106850 0.084585
3 0.591258 0.440032 0.106849 0.084584
3 0.664573 0.356823 0.106850 0.084584
3 0.282109 0.304360 0.106850 0.084585
3 0.815047 0.718054 0.106850 0.084584
3 0.726847 0.759518 0.106850 0.084584
3 0.796735 0.673459 0.106850 0.084584
3 0.775488 0.629253 0.106850 0.084585
3 0.753825 0.584821 0.106850 0.084585
3 0.705498 0.713095 0.106850 0.084584
3 0.774983 0.629637 0.106850 0.084585
3 0.683841 0.670562 0.106850 0.084585
3 0.644030 0.310385 0.106850 0.084585
3 0.206138 0.122672 0.106850 0.084585
3 0.116264 0.161357 0.106850 0.084585
3 0.224459 0.168272 0.106850 0.084585
3 0.137096 0.206057 0.106850 0.084585
3 0.244942 0.213161 0.106850 0.084585
3 0.154165 0.252293 0.106850 0.084584
3 0.261362 0.260037 0.106850 0.084585
3 0.175858 0.297680 0.106849 0.084585
3 0.194036 0.342998 0.106850 0.084585
3 0.286688 0.566564 0.105989 0.084585
3 0.338885 0.442243 0.105989 0.084585
3 0.212089 0.388882 0.106850 0.084585
3 0.247353 0.480134 0.106850 0.084585
3 0.319130 0.394427 0.106849 0.084585
3 0.228830 0.434140 0.106850 0.084584
3 0.300246 0.347569 0.106850 0.084585
3 0.185200 0.080408 0.106850 0.078382
3 0.096187 0.116810 0.106850 0.084585
3 0.319642 0.396164 0.105989 0.084585
3 0.414527 0.621063 0.106850 0.084585
3 0.324762 0.661121 0.106850 0.084585
3 0.394885 0.575177 0.106850 0.084585
3 0.304255 0.613347 0.106850 0.084585
3 0.376464 0.530905 0.107995 0.082351
3 0.491829 0.803805 0.106850 0.084585
3 0.399931 0.844448 0.106850 0.084584
3 0.472323 0.758894 0.106850 0.084585
3 0.381885 0.797684 0.106850 0.084585
3 0.454490 0.713370 0.106850 0.084584
3 0.365195 0.752519 0.106850 0.084584
3 0.434350 0.668692 0.106850 0.084584
3 0.346981 0.707230 0.106850 0.084585
3 0.897715 0.308807 0.106850 0.084584
3 0.924435 0.188916 0.060582 0.059297
3 0.854121 0.220011 0.104381 0.076234
3 0.911313 0.145789 0.072529 0.073704
3 0.838910 0.175159 0.106850 0.084585
3 0.819606 0.131848 0.106850 0.084585
3 0.898081 0.095941 0.080797 0.077367
3 0.551413 0.940769 0.101200 0.081281
3 0.438256 0.930583 0.106850 0.084584
3 0.529043 0.895961 0.106850 0.084584
3 0.509273 0.850559 0.106850 0.084585
3 0.419506 0.888774 0.106850 0.084584
3 0.949067 0.446858 0.100794 0.084585
3 0.933461 0.402597 0.106850 0.084584
3 0.916348 0.354900 0.106850 0.084585
3 0.761628 0.017616 0.095161 0.035232
3 0.870175 0.021194 0.100837 0.042388
3 0.781048 0.040492 0.106850 0.080984
3 0.882886 0.048504 0.093510 0.083003
3 0.802194 0.084845 0.106850 0.084585
3 0.987891 0.642986 0.024219 0.056170
3 0.978650 0.594410 0.042700 0.064375
3 0.969005 0.544300 0.061991 0.072940
3 0.959520 0.495173 0.080960 0.081230
2 0.517593 0.970905 0.173025 0.058190
2 0.830276 0.876485 0.149255 0.093543
2 0.316457 0.503118 0.167506 0.105249
2 0.899806 0.249198 0.128135 0.093698
3 0.079997 0.086836 0.104591 0.056818
3 0.094544 0.702840 0.105872 0.082175
3 0.116929 0.747334 0.109304 0.086177
3 0.137620 0.791597 0.109304 0.086177
3 0.157149 0.836053 0.109304 0.086177
3 0.174410 0.886457 0.109304 0.086177
3 0.061660 0.612640 0.102097 0.086177
3 0.077031 0.658697 0.106833 0.086037
3 0.048483 0.565272 0.092655 0.080179
3 0.193968 0.933340 0.109305 0.086177
3 0.037914 0.520039 0.075829 0.074343
3 0.027887 0.472166 0.055774 0.071051
3 0.017113 0.423774 0.034226 0.062235
3 0.044609 0.728676 0.032234 0.056646
3 0.058406 0.777104 0.041532 0.063934
3 0.073053 0.826513 0.053215 0.066459
3 0.087487 0.872600 0.063648 0.070945
3 0.101423 0.918484 0.074837 0.077231
3 0.114198 0.963791 0.083006 0.072417
2 0.171798 0.984064 0.145846 0.031873
0 0.125000 0.156250 0.079687 0.056250
0 0.204687 0.118750 0.087500 0.059375
0 0.098437 0.114844 0.085938 0.056250
0 0.190625 0.074219 0.126562 0.073438
0 0.132812 0.203906 0.092188 0.067187
0 0.146094 0.257031 0.115625 0.079687
0 0.244531 0.213281 0.085938 0.062500
0 0.214062 0.384375 0.090625 0.060937
0 0.305469 0.346094 0.093750 0.060937
0 0.328125 0.395313 0.089063 0.067187
0 0.337500 0.435937 0.098437 0.067187
0 0.278906 0.571875 0.093750 0.073438
0 0.371875 0.528125 0.096875 0.071875
0 0.307031 0.614844 0.090625 0.060937
0 0.392969 0.576562 0.092188 0.067187
0 0.323437 0.657813 0.098437 0.067187
0 0.410938 0.619531 0.092188 0.065625
0 0.353906 0.707812 0.081250 0.059375
0 0.432812 0.667188 0.087500 0.062500
0 0.369531 0.749219 0.090625 0.060937
0 0.456250 0.713281 0.090625 0.070312
0 0.403906 0.844531 0.095312 0.064062
0 0.434375 0.932813 0.100000 0.067187
0 0.556250 0.939063 0.078125 0.057813
0 0.035156 0.519531 0.070312 0.057813
0 0.036719 0.567969 0.071875 0.062500
0 0.051562 0.612500 0.085938 0.062500
0 0.075781 0.660937 0.092188 0.064062
0 0.107813 0.746875 0.096875 0.079687
0 0.053125 0.778125 0.031250 0.046875
0 0.132812 0.799219 0.089063 0.065625
0 0.069531 0.825000 0.045312 0.043750
0 0.159375 0.840625 0.078125 0.056250
0 0.082812 0.867188 0.059375 0.059375
0 0.098437 0.920312 0.070312 0.059375
0 0.180469 0.888281 0.071875 0.054688
0 0.107031 0.964063 0.070312 0.056250
0 0.192969 0.944531 0.084375 0.056250
0 0.437500 0.082031 0.087500 0.062500
0 0.573438 0.124219 0.095312 0.067187
0 0.486719 0.213281 0.096875 0.064062
0 0.599219 0.219531 0.092188 0.064062
0 0.508594 0.260937 0.098437 0.070312
0 0.507031 0.013281 0.092188 0.026562
0 0.633594 0.262500 0.092188 0.067187
0 0.560156 0.346875 0.082812 0.059375
0 0.642188 0.311719 0.084375 0.060937
0 0.566406 0.392188 0.090625 0.070312
0 0.660156 0.357812 0.092188 0.065625
0 0.583594 0.444531 0.109375 0.057813
0 0.682031 0.405469 0.089063 0.048438
0 0.606250 0.486719 0.085938 0.051562
0 0.694531 0.450000 0.079687 0.043750
0 0.629687 0.530469 0.092188 0.054688
0 0.721094 0.489063 0.089063 0.051562
0 0.642188 0.579688 0.095312 0.056250
0 0.740625 0.535156 0.089063 0.048438
0 0.660937 0.625000 0.087500 0.053125
0 0.756250 0.584375 0.101562 0.051562
0 0.676562 0.666406 0.092188 0.054688
0 0.778125 0.625781 0.109375 0.054688
0 0.715625 0.769531 0.090625 0.048438
0 0.743750 0.853906 0.089063 0.051562
0 0.969531 0.533594 0.060937 0.060937
0 0.959375 0.492188 0.081250 0.056250
0 0.950000 0.446094 0.089063 0.056250
0 0.933594 0.399219 0.087500 0.057813
0 0.978125 0.371875 0.021875 0.043750
0 0.907813 0.357812 0.096875 0.062500
0 0.898438 0.311719 0.090625 0.057813
0 0.953125 0.282031 0.039062 0.053125
0 0.857812 0.217188 0.090625 0.060937
0 0.925000 0.183594 0.060937 0.057813
0 0.839063 0.171094 0.101562 0.067187
0 0.811719 0.131250 0.089063 0.059375
0 0.792969 0.086719 0.104688 0.065625
0 0.882812 0.043750 0.096875 0.073438
0 0.771094 0.042188 0.093750 0.065625
0 0.870313 0.014844 0.090625 0.029687
0 0.759375 0.010937 0.093750 0.021875
3 0.952822 0.283664 0.039893 0.057866
3 0.965900 0.330372 0.032641 0.060259
