0 0.732812 0.875781 0.073438 0.046094
0 0.543750 0.967969 0.073438 0.035156
0 0.772656 0.625781 0.077344 0.033594
0 0.772656 0.577344 0.105469 0.039062
0 0.689063 0.696094 0.092188 0.039062
0 0.417187 0.847656 0.078906 0.060156
0 0.832031 0.850781 0.084375 0.036719
0 0.669531 0.609375 0.075781 0.036719
0 0.792188 0.719531 0.075000 0.044531
0 0.221875 0.985938 0.081250 0.028125
0 0.693750 0.650781 0.064062 0.032813
0 0.087736 0.414081 0.084725 0.055542
0 0.710906 0.367133 0.105850 0.065255
0 0.960244 0.167994 0.073582 0.067336
0 0.168471 0.729308 0.111565 0.071337
0 0.800336 0.762855 0.092107 0.060039
0 0.973528 0.631067 0.048454 0.047018
0 0.037064 0.613744 0.074128 0.048941
0 0.437133 0.569006 0.101674 0.058399
0 0.330651 0.126598 0.084032 0.053741
0 0.673215 0.184577 0.105026 0.055840
0 0.842184 0.899512 0.090086 0.048916
0 0.848038 0.939082 0.089127 0.053649
0 0.202192 0.902550 0.085134 0.053833
0 0.493344 0.742864 0.096243 0.051266
0 0.382721 0.672411 0.077697 0.052748
0 0.687137 0.276267 0.084010 0.054703
0 0.728705 0.459454 0.067617 0.043438
0 0.645639 0.517635 0.075208 0.044859
0 0.412010 0.431854 0.080263 0.047969
0 0.963310 0.446958 0.071752 0.045011
0 0.695881 0.744640 0.093687 0.053341
0 0.975009 0.255960 0.048353 0.044039
1 0.500297 0.499593 0.997241 0.999186
