1 0.524219 0.500000 0.951562 1.000000
3 0.276562 0.217188 0.103125 0.071875
3 0.335938 0.010156 0.100000 0.020313
3 0.323437 0.035156 0.100000 0.067187
3 0.313281 0.079687 0.100000 0.067187
3 0.301563 0.125781 0.100000 0.067187
3 0.289062 0.171094 0.100000 0.067187
3 0.207813 0.486719 0.100000 0.067187
3 0.218750 0.435937 0.100000 0.067187
3 0.230469 0.388281 0.100000 0.067187
3 0.241406 0.342187 0.100000 0.067187
3 0.262500 0.266406 0.100000 0.067187
3 0.159375 0.675000 0.100000 0.067187
3 0.171875 0.626563 0.100000 0.067187
3 0.184375 0.578906 0.100000 0.067187
3 0.195312 0.534375 0.100000 0.067187
3 0.110937 0.866406 0.100000 0.067187
3 0.122656 0.817187 0.100000 0.067187
3 0.135156 0.769531 0.100000 0.067187
3 0.148438 0.723437 0.100000 0.067187
3 0.099219 0.902344 0.095312 0.046875
0 0.277344 0.215625 0.096875 0.059375
0 0.216406 0.435156 0.104688 0.068750
0 0.206250 0.483594 0.118750 0.075000
0 0.164844 0.578125 0.090625 0.057813
0 0.157031 0.672656 0.110937 0.067187
0 0.112500 0.863281 0.114062 0.068750
3 0.503906 0.223438 0.079687 0.110937
3 0.421094 0.548438 0.079687 0.112500
3 0.332813 0.866406 0.068750 0.106250
3 0.554688 0.238281 0.071875 0.104688
3 0.543750 0.475781 0.073438 0.112500
3 0.720313 0.177344 0.075000 0.106250
3 0.814844 0.199219 0.073438 0.112500
3 0.403906 0.789062 0.070312 0.096875
3 0.907813 0.221094 0.075000 0.109375
3 0.426563 0.891406 0.071875 0.106250
3 0.497656 0.813281 0.067187 0.095312
3 0.984375 0.244531 0.031250 0.110937
3 0.839063 0.303125 0.070312 0.103125
3 0.695407 0.272628 0.069590 0.104329
3 0.626612 0.155969 0.069590 0.104329
3 0.603612 0.251519 0.069590 0.104329
3 0.576691 0.141838 0.075278 0.106663
3 0.525185 0.129314 0.069590 0.104329
3 0.790730 0.295248 0.069590 0.104329
3 0.766547 0.188919 0.069590 0.104329
3 0.744402 0.284539 0.069590 0.104329
3 0.671670 0.166260 0.069590 0.104329
3 0.647669 0.261806 0.069590 0.104329
3 0.884306 0.315773 0.069590 0.104329
3 0.933278 0.328014 0.069590 0.104329
3 0.472732 0.562069 0.069590 0.104329
3 0.445160 0.453176 0.069590 0.104329
3 0.957702 0.234508 0.069590 0.104329
3 0.973405 0.339490 0.053189 0.104329
3 0.860874 0.210575 0.069590 0.104329
3 0.591642 0.489775 0.069590 0.104329
3 0.521016 0.572137 0.069590 0.104329
3 0.496359 0.465057 0.069590 0.104329
3 0.686012 0.510540 0.069590 0.104329
3 0.615423 0.593903 0.069590 0.104329
3 0.638277 0.500686 0.069590 0.104329
3 0.568880 0.583343 0.069589 0.104329
3 0.757862 0.629094 0.069589 0.104329
3 0.779876 0.534958 0.069590 0.104329
3 0.710593 0.617684 0.069589 0.104329
3 0.732654 0.522951 0.069590 0.104329
3 0.663470 0.604323 0.069589 0.104329
3 0.899091 0.661835 0.069590 0.104329
3 0.923192 0.569556 0.069589 0.104329
3 0.852508 0.651289 0.069590 0.104329
3 0.877174 0.557414 0.069590 0.104329
3 0.804688 0.639982 0.069590 0.104329
3 0.828293 0.546457 0.069590 0.104329
3 0.567849 0.926691 0.069590 0.104329
3 0.638466 0.842947 0.069590 0.104329
3 0.615736 0.937054 0.069590 0.104329
3 0.688622 0.855781 0.069590 0.104329
3 0.664639 0.947731 0.069590 0.104329
3 0.475324 0.904415 0.069590 0.104329
3 0.521968 0.914284 0.069590 0.104329
3 0.547331 0.820338 0.069590 0.104329
3 0.591098 0.832892 0.069590 0.104329
3 0.450103 0.799760 0.069590 0.104330
3 0.355892 0.778932 0.065363 0.095346
0 0.521094 0.127344 0.067187 0.101562
0 0.491406 0.212500 0.065625 0.084375
0 0.572656 0.141406 0.060937 0.092188
0 0.551562 0.229687 0.065625 0.090625
0 0.617969 0.151562 0.064062 0.095312
0 0.599219 0.248438 0.054688 0.084375
0 0.670312 0.165625 0.062500 0.093750
0 0.717969 0.175781 0.062500 0.090625
0 0.790625 0.292187 0.056250 0.090625
0 0.810937 0.197656 0.062500 0.093750
0 0.837500 0.303906 0.057813 0.090625
0 0.857031 0.203125 0.056250 0.090625
0 0.907813 0.223438 0.056250 0.092188
0 0.885938 0.314844 0.057813 0.092188
0 0.955469 0.235156 0.056250 0.089063
0 0.931250 0.329688 0.059375 0.092188
0 0.986719 0.233594 0.026562 0.120313
0 0.930469 0.563281 0.060937 0.106250
0 0.847656 0.657031 0.064062 0.089063
0 0.824219 0.534375 0.056250 0.095312
0 0.778906 0.528906 0.060937 0.096875
0 0.711719 0.618750 0.064062 0.095312
0 0.729688 0.514062 0.056250 0.090625
0 0.678906 0.510938 0.060937 0.085938
0 0.612500 0.585156 0.060937 0.085938
0 0.538281 0.475000 0.060937 0.093750
0 0.488281 0.464844 0.059375 0.085938
0 0.412500 0.557031 0.059375 0.085938
0 0.396094 0.781250 0.060937 0.095312
0 0.419531 0.891406 0.060937 0.093750
0 0.494531 0.809375 0.059375 0.090625
0 0.620313 0.918750 0.070312 0.123438
0 0.691406 0.850781 0.062500 0.103125
0 0.328906 0.860938 0.051562 0.082812
