1 0.500000 0.500432 0.998371 0.997507
3 0.582775 0.108438 0.096919 0.066222
3 0.614081 0.241260 0.096919 0.066223
3 0.602577 0.198470 0.096919 0.066222
3 0.593463 0.153247 0.096919 0.066222
3 0.544396 0.352239 0.096919 0.066222
3 0.532950 0.309693 0.096919 0.066222
3 0.524070 0.264211 0.096919 0.066222
3 0.512862 0.218039 0.096919 0.066222
3 0.504899 0.175228 0.096919 0.066223
3 0.493384 0.130413 0.096919 0.066223
3 0.564490 0.439218 0.096919 0.066222
3 0.610482 0.664835 0.096919 0.066223
3 0.554459 0.395840 0.096919 0.066223
3 0.634333 0.332549 0.096919 0.066223
3 0.624181 0.287045 0.096919 0.066223
3 0.473095 0.038482 0.096919 0.066222
3 0.571223 0.065182 0.096919 0.066223
3 0.483046 0.084856 0.096919 0.066223
3 0.754055 0.871127 0.096919 0.066222
3 0.664892 0.892180 0.096919 0.066222
3 0.690430 0.596730 0.096919 0.066223
3 0.603446 0.618668 0.096919 0.066223
3 0.682843 0.553521 0.096919 0.066223
3 0.594602 0.574484 0.096919 0.066223
3 0.673904 0.507784 0.096919 0.066223
3 0.584057 0.528805 0.096919 0.066222
3 0.664499 0.463112 0.096919 0.066223
3 0.574647 0.484929 0.096919 0.066222
3 0.655369 0.420450 0.096919 0.066222
3 0.312968 0.310446 0.096919 0.066223
3 0.734984 0.776201 0.096919 0.066222
3 0.647359 0.799974 0.096919 0.066222
3 0.725399 0.732325 0.096919 0.066222
3 0.713057 0.688331 0.096919 0.066223
3 0.700370 0.644063 0.096919 0.066223
3 0.635281 0.753929 0.096919 0.066222
3 0.712531 0.688602 0.096919 0.066223
3 0.622293 0.711404 0.096919 0.066223
3 0.644035 0.374522 0.096919 0.066223
3 0.272660 0.131468 0.096919 0.066223
3 0.183947 0.152420 0.096919 0.066223
3 0.282092 0.176267 0.096919 0.066223
3 0.195829 0.196800 0.096919 0.066223
3 0.293623 0.220764 0.096919 0.066223
3 0.204009 0.241981 0.096919 0.066222
3 0.301103 0.266427 0.096919 0.066223
3 0.216568 0.287129 0.096919 0.066223
3 0.225915 0.331647 0.096919 0.066223
3 0.274739 0.551814 0.096105 0.066223
3 0.342738 0.446200 0.096105 0.066223
3 0.235055 0.376664 0.096919 0.066223
3 0.252646 0.466086 0.096919 0.066223
3 0.332362 0.399067 0.096919 0.066223
3 0.243092 0.420894 0.096919 0.066222
3 0.322617 0.353022 0.096919 0.066223
3 0.260789 0.086461 0.096919 0.066223
3 0.172734 0.108304 0.096919 0.066223
3 0.332538 0.400813 0.096105 0.066223
3 0.383220 0.622425 0.096919 0.066223
3 0.294386 0.644655 0.096919 0.066223
3 0.372623 0.577149 0.096919 0.066223
3 0.283300 0.597507 0.096919 0.066223
3 0.363257 0.533677 0.097106 0.064399
3 0.424579 0.802586 0.096919 0.066223
3 0.333693 0.825006 0.096919 0.066222
3 0.413948 0.758226 0.096919 0.066223
3 0.324701 0.779184 0.096919 0.066223
3 0.404952 0.713576 0.096919 0.066222
3 0.316695 0.735048 0.096919 0.066222
3 0.393702 0.669329 0.096919 0.066222
3 0.307311 0.690551 0.096919 0.066223
3 0.877031 0.414113 0.096919 0.066222
3 0.940893 0.304749 0.093479 0.056442
3 0.851401 0.325610 0.096003 0.058191
3 0.932502 0.264537 0.096919 0.066223
3 0.844702 0.281985 0.096919 0.066223
3 0.833998 0.239127 0.096919 0.066223
3 0.924338 0.217676 0.096919 0.066222
3 0.457568 0.937966 0.092164 0.063936
3 0.354920 0.910230 0.096919 0.066222
3 0.443812 0.893154 0.096919 0.066222
3 0.433018 0.848301 0.096919 0.066223
3 0.344481 0.868840 0.096919 0.066222
3 0.904589 0.549564 0.096919 0.066223
3 0.894654 0.505943 0.096919 0.066222
3 0.886670 0.459415 0.096919 0.066223
3 0.892777 0.083927 0.096919 0.066223
3 0.804961 0.102604 0.096919 0.066223
3 0.903369 0.126727 0.096919 0.066222
3 0.813693 0.147424 0.096919 0.066223
3 0.911783 0.173254 0.096919 0.066223
3 0.825627 0.193188 0.096919 0.066223
3 0.945905 0.728940 0.096919 0.066222
3 0.936145 0.685149 0.096919 0.066222
3 0.925860 0.639984 0.096919 0.066222
3 0.915733 0.595647 0.096919 0.066223
3 0.951133 0.824709 0.096105 0.066223
2 0.419208 0.963038 0.159564 0.066716
2 0.723804 0.923983 0.145217 0.068185
2 0.976081 0.861557 0.046210 0.049300
2 0.312474 0.498190 0.158063 0.075146
2 0.909680 0.357546 0.160836 0.076306
3 0.882036 0.041805 0.096919 0.066222
3 0.794760 0.060971 0.096919 0.066223
3 0.254947 0.043210 0.096919 0.066223
3 0.163939 0.065265 0.096919 0.066223
3 0.151526 0.027826 0.102778 0.055651
3 0.244562 0.017673 0.099910 0.035346
3 0.463735 0.014251 0.095769 0.028502
3 0.558703 0.026103 0.095950 0.052205
3 0.785610 0.023751 0.099931 0.047502
3 0.873136 0.015452 0.093177 0.030903
3 0.076672 0.645811 0.096341 0.064017
3 0.089897 0.689908 0.098616 0.067554
3 0.101720 0.733864 0.098616 0.067554
3 0.112445 0.777809 0.098616 0.067554
3 0.120127 0.826844 0.098616 0.067553
3 0.057674 0.556810 0.098616 0.067554
3 0.067596 0.602590 0.096299 0.067936
3 0.049175 0.511940 0.098351 0.064707
3 0.130487 0.873021 0.098616 0.067554
3 0.043768 0.469023 0.087535 0.062692
3 0.038204 0.424193 0.076407 0.064717
3 0.031855 0.379383 0.063710 0.062055
3 0.025928 0.331469 0.051855 0.056250
3 0.021390 0.284550 0.042779 0.053049
3 0.017307 0.237270 0.034615 0.052995
3 0.019245 0.662645 0.038490 0.055726
3 0.023932 0.709803 0.047863 0.060857
3 0.029718 0.757276 0.059436 0.061594
3 0.035094 0.801738 0.070188 0.063201
3 0.040433 0.846028 0.080866 0.066869
3 0.044372 0.891667 0.088744 0.065082
2 0.094104 0.931981 0.147290 0.045308
0 0.192969 0.149219 0.068750 0.040625
0 0.271875 0.127344 0.075781 0.042188
0 0.175000 0.107031 0.074219 0.040625
0 0.267188 0.082812 0.110937 0.053906
0 0.146094 0.017969 0.089063 0.035937
0 0.192188 0.194531 0.078125 0.050000
0 0.196094 0.244531 0.099219 0.057031
0 0.293750 0.221094 0.072656 0.046875
0 0.237500 0.372656 0.078906 0.042969
0 0.327344 0.353125 0.081250 0.042969
0 0.341406 0.401562 0.076563 0.048438
0 0.342187 0.439844 0.085156 0.048438
0 0.267188 0.555469 0.078906 0.054688
0 0.359375 0.530469 0.080469 0.053906
0 0.285938 0.600000 0.078125 0.043750
0 0.371094 0.578125 0.078906 0.050781
0 0.293750 0.641406 0.083594 0.047656
0 0.380469 0.620313 0.079687 0.048438
0 0.314063 0.692969 0.070312 0.043750
0 0.392188 0.667969 0.074219 0.046094
0 0.321094 0.732031 0.078906 0.043750
0 0.406250 0.713281 0.076563 0.051562
0 0.337500 0.825781 0.082031 0.047656
0 0.351562 0.911719 0.085938 0.047656
0 0.461719 0.937500 0.065625 0.042969
0 0.017969 0.237500 0.031250 0.035937
0 0.043750 0.467187 0.074219 0.043750
0 0.041406 0.513281 0.070312 0.047656
0 0.048438 0.556250 0.081250 0.046875
0 0.065625 0.604688 0.078125 0.046094
0 0.082031 0.688281 0.082812 0.060937
0 0.018750 0.707812 0.037500 0.040625
0 0.096094 0.740625 0.075781 0.048438
0 0.028125 0.754687 0.048438 0.035156
0 0.114062 0.782813 0.066406 0.040625
0 0.032031 0.794531 0.064062 0.047656
0 0.040625 0.846875 0.067969 0.046094
0 0.125781 0.829688 0.060156 0.041406
0 0.038281 0.888281 0.073438 0.042188
0 0.127344 0.882812 0.072656 0.041406
0 0.491406 0.131250 0.074219 0.046875
0 0.609375 0.192969 0.081250 0.050000
0 0.515625 0.260156 0.082812 0.046094
0 0.617188 0.283594 0.078125 0.046094
0 0.528125 0.307031 0.084375 0.050781
0 0.568750 0.062500 0.083594 0.047656
0 0.555469 0.018750 0.082031 0.031250
0 0.642188 0.328906 0.078125 0.050000
0 0.560937 0.394531 0.071875 0.043750
0 0.642188 0.375000 0.071094 0.045312
0 0.560156 0.437500 0.077344 0.052344
0 0.651563 0.420312 0.078906 0.048438
0 0.567187 0.488281 0.095312 0.037500
0 0.663281 0.467969 0.078906 0.032031
0 0.580469 0.529687 0.075781 0.033594
0 0.667969 0.510156 0.070312 0.029687
0 0.595313 0.573438 0.080469 0.037500
0 0.685937 0.550781 0.078906 0.034375
0 0.599219 0.621094 0.082812 0.036719
0 0.696094 0.596875 0.077344 0.032031
0 0.608594 0.665625 0.075000 0.036719
0 0.702344 0.643750 0.090625 0.033594
0 0.616406 0.706250 0.079687 0.036719
0 0.716406 0.685937 0.097656 0.035937
0 0.635938 0.807813 0.079687 0.032813
0 0.648438 0.889062 0.078125 0.035937
0 0.958594 0.820312 0.082812 0.050000
0 0.921094 0.634375 0.078906 0.046875
0 0.986719 0.625000 0.026562 0.045312
0 0.982031 0.581250 0.035937 0.037500
0 0.912500 0.594531 0.083594 0.039844
0 0.977344 0.532813 0.044531 0.037500
0 0.903125 0.548438 0.076563 0.039844
0 0.895312 0.502344 0.076563 0.041406
0 0.966406 0.485938 0.064062 0.038281
0 0.878906 0.460938 0.082812 0.045312
0 0.968750 0.435937 0.062500 0.043750
0 0.876563 0.417187 0.078906 0.041406
0 0.959375 0.398438 0.081250 0.044531
0 0.854688 0.323437 0.078906 0.043750
0 0.945312 0.304688 0.092969 0.046875
0 0.845313 0.278906 0.087500 0.048438
0 0.826562 0.237500 0.076563 0.042188
0 0.816406 0.193750 0.089063 0.046875
0 0.915625 0.169531 0.100000 0.056250
0 0.803906 0.149219 0.080469 0.047656
0 0.901563 0.127344 0.078125 0.040625
0 0.803125 0.098437 0.080469 0.050781
0 0.889062 0.081250 0.075000 0.055469
3 0.957655 0.395537 0.083062 0.060625
3 0.961726 0.438623 0.074919 0.069669
3 0.965833 0.488475 0.066706 0.053362
3 0.970548 0.530509 0.057274 0.066302
3 0.978984 0.580585 0.042033 0.056245
3 0.982763 0.623632 0.032844 0.058297
