0 0.621094 0.822656 0.106250 0.064062
0 0.671875 0.189844 0.093750 0.064062
0 0.754687 0.150781 0.090625 0.070312
0 0.440625 0.429688 0.107813 0.078125
0 0.728906 0.334375 0.110937 0.073438
0 0.692187 0.024219 0.093750 0.048438
0 0.802344 0.240625 0.101562 0.073438
0 0.935937 0.725000 0.123438 0.082812
0 0.494531 0.339844 0.081250 0.060937
0 0.720313 0.282813 0.096875 0.067187
0 0.406250 0.164844 0.100000 0.075000
0 0.575000 0.025781 0.096875 0.051562
0 0.565625 0.521094 0.087500 0.064062
0 0.828906 0.283594 0.098437 0.073438
0 0.352344 0.081250 0.096875 0.071875
0 0.139844 0.627344 0.103125 0.075000
0 0.575000 0.737500 0.110937 0.078125
0 0.317188 0.204687 0.095312 0.071875
0 0.055469 0.408594 0.110937 0.092188
0 0.265625 0.118750 0.100000 0.076563
0 0.822656 0.452344 0.089063 0.062500
0 0.882031 0.367188 0.076563 0.059375
0 0.865625 0.542188 0.128125 0.095312
0 0.913281 0.634375 0.125000 0.092188
0 0.556250 0.700781 0.104688 0.076563
0 0.285938 0.675000 0.100000 0.079687
0 0.802344 0.935156 0.084375 0.029687
0 0.453125 0.481250 0.095312 0.073438
0 0.601562 0.063281 0.107813 0.078125
0 0.787500 0.191406 0.112500 0.082812
0 0.649219 0.152344 0.112500 0.082812
0 0.427344 0.206250 0.101562 0.089063
0 0.078906 0.493750 0.120313 0.089063
0 0.352344 0.310937 0.114062 0.090625
0 0.282031 0.166406 0.110937 0.084375
0 0.562500 0.008594 0.100000 0.017188
0 0.149219 0.400781 0.107813 0.079687
0 0.017969 0.266406 0.035937 0.092188
0 0.023438 0.115625 0.046875 0.034375
0 0.060937 0.453906 0.121875 0.089063
0 0.086719 0.272656 0.121875 0.089063
0 0.339844 0.045312 0.098437 0.060937
0 0.135937 0.355469 0.125000 0.093750
0 0.254688 0.077344 0.112500 0.082812
0 0.050781 0.232031 0.082812 0.057813
0 0.026562 0.139844 0.053125 0.067187
3 0.984375 0.676562 0.031250 0.087500
3 0.972656 0.630469 0.054688 0.092188
3 0.959375 0.585156 0.081250 0.092188
3 0.948438 0.542969 0.103125 0.095312
3 0.937500 0.497656 0.123438 0.096875
3 0.916406 0.454688 0.120313 0.090625
3 0.892188 0.407813 0.123438 0.101562
3 0.753125 0.871094 0.120313 0.096875
3 0.774219 0.914062 0.106250 0.082812
3 0.731250 0.828906 0.125000 0.100000
3 0.620313 0.825781 0.120313 0.095312
3 0.705469 0.782031 0.121875 0.098437
3 0.682813 0.739844 0.118750 0.095312
3 0.599219 0.782031 0.117188 0.095312
3 0.572656 0.737500 0.117188 0.092188
3 0.665625 0.691406 0.126562 0.096875
3 0.641406 0.651563 0.131250 0.103125
3 0.615625 0.605469 0.118750 0.098437
3 0.530469 0.650000 0.114062 0.090625
3 0.555469 0.696875 0.118750 0.100000
1 0.500000 0.500000 1.000000 1.000000
3 0.949219 0.766406 0.101562 0.101562
3 0.938281 0.721094 0.123438 0.098437
3 0.920312 0.674219 0.125000 0.100000
3 0.896094 0.629687 0.120313 0.095312
3 0.875000 0.585156 0.120313 0.095312
3 0.848437 0.539062 0.120313 0.092188
3 0.825781 0.500000 0.126562 0.098437
3 0.802344 0.457813 0.120313 0.095312
3 0.782031 0.411719 0.125000 0.100000
3 0.868750 0.365625 0.120313 0.095312
3 0.843750 0.321094 0.118750 0.095312
3 0.757812 0.367188 0.128125 0.110937
3 0.822656 0.280469 0.106250 0.085938
3 0.735938 0.325000 0.128125 0.095312
3 0.798438 0.245312 0.109375 0.084375
3 0.714844 0.281250 0.117188 0.093750
3 0.781250 0.193750 0.117188 0.092188
3 0.690625 0.235156 0.117188 0.100000
3 0.756250 0.146094 0.117188 0.089063
3 0.667188 0.192969 0.120313 0.095312
3 0.733594 0.104688 0.117188 0.093750
3 0.648438 0.149219 0.121875 0.098437
3 0.709375 0.055469 0.118750 0.100000
3 0.625781 0.104688 0.118750 0.100000
3 0.689844 0.028906 0.114062 0.057813
3 0.599219 0.058594 0.121875 0.098437
3 0.578906 0.031250 0.123438 0.062500
3 0.560156 0.012500 0.117188 0.025000
3 0.682813 0.946094 0.115625 0.070312
3 0.666406 0.914844 0.114062 0.093750
3 0.642188 0.872656 0.120313 0.092188
3 0.506250 0.604688 0.118750 0.096875
3 0.594531 0.564063 0.117188 0.095312
3 0.471094 0.470313 0.120313 0.101562
3 0.482812 0.560937 0.121875 0.098437
3 0.546875 0.475781 0.117188 0.090625
3 0.457031 0.517969 0.117188 0.095312
3 0.526563 0.431250 0.112500 0.087500
3 0.441406 0.471875 0.123438 0.096875
3 0.501563 0.383594 0.118750 0.092188
3 0.417969 0.431250 0.120313 0.092188
3 0.478125 0.342969 0.106250 0.089063
3 0.395313 0.385156 0.117188 0.095312
3 0.460938 0.297656 0.120313 0.096875
3 0.373437 0.339844 0.115625 0.090625
3 0.435156 0.253906 0.118750 0.098437
3 0.350000 0.296875 0.123438 0.096875
3 0.416406 0.211719 0.117188 0.093750
3 0.328125 0.252344 0.118750 0.100000
3 0.390625 0.162500 0.125000 0.100000
3 0.307812 0.210156 0.117188 0.095312
3 0.367969 0.118750 0.118750 0.101562
3 0.280469 0.163281 0.121875 0.101562
3 0.339844 0.076563 0.109375 0.089063
3 0.258594 0.120313 0.114062 0.089063
3 0.450000 0.987500 0.109375 0.025000
3 0.435156 0.964844 0.126562 0.070312
3 0.342969 0.987500 0.114062 0.025000
3 0.408594 0.933594 0.118750 0.089063
3 0.321875 0.962500 0.121875 0.075000
3 0.383594 0.887500 0.115625 0.095312
3 0.300781 0.928906 0.120313 0.098437
3 0.362500 0.845313 0.112500 0.084375
3 0.278125 0.886719 0.115625 0.096875
3 0.343750 0.800000 0.123438 0.096875
3 0.253125 0.842969 0.117188 0.095312
3 0.321094 0.756250 0.114062 0.093750
3 0.232031 0.798438 0.120313 0.095312
3 0.296875 0.710938 0.112500 0.095312
3 0.211719 0.755469 0.117188 0.092188
3 0.272656 0.668750 0.103125 0.085938
3 0.192188 0.710938 0.115625 0.093750
3 0.247656 0.622656 0.107813 0.089063
3 0.167969 0.664844 0.134375 0.101562
3 0.228926 0.578976 0.105102 0.087951
3 0.208760 0.534425 0.107564 0.086659
3 0.123158 0.577449 0.102599 0.092244
3 0.141985 0.619819 0.112175 0.091347
3 0.181872 0.493563 0.106178 0.094646
3 0.093811 0.536796 0.112239 0.093633
3 0.160972 0.448454 0.095865 0.081107
3 0.075677 0.491441 0.109752 0.092686
3 0.144143 0.402344 0.101831 0.085849
3 0.055732 0.445978 0.111464 0.095979
3 0.126316 0.355402 0.119128 0.091668
3 0.045490 0.403813 0.090980 0.094405
3 0.096751 0.314281 0.119996 0.089939
3 0.030849 0.351050 0.061698 0.079659
3 0.074563 0.269578 0.117638 0.087436
3 0.018472 0.302708 0.036945 0.066808
3 0.057210 0.228687 0.110506 0.089298
3 0.028151 0.134269 0.056301 0.070507
3 0.021365 0.109917 0.042730 0.021748
3 0.965665 0.813561 0.068671 0.088025
3 0.976503 0.860909 0.046994 0.070757
3 0.110879 0.973783 0.028056 0.052435
2 0.037378 0.188226 0.074757 0.085070
3 0.335740 0.044830 0.103134 0.058253
3 0.243008 0.079768 0.117871 0.079313
3 0.797145 0.932431 0.082569 0.037803
