1 0.556713 0.571091 0.884946 0.853517
3 0.567187 0.207031 0.042969 0.082812
3 0.611719 0.207031 0.040625 0.082031
3 0.697656 0.207031 0.040625 0.082031
3 0.742188 0.207031 0.045312 0.082812
3 0.786719 0.207813 0.040625 0.082031
3 0.832031 0.207813 0.040625 0.082031
3 0.945312 0.204687 0.040625 0.082031
3 0.983594 0.207031 0.032813 0.081250
3 0.479687 0.203906 0.040625 0.082031
3 0.521094 0.205469 0.040625 0.082031
3 0.654687 0.207813 0.040625 0.082031
3 0.351562 0.198437 0.040625 0.082031
3 0.392969 0.203906 0.040625 0.082031
3 0.435937 0.203125 0.040625 0.082031
3 0.736719 0.547656 0.080469 0.045312
3 0.954688 0.858594 0.080469 0.045312
3 0.955469 0.815625 0.080469 0.045312
3 0.954688 0.768750 0.080469 0.045312
3 0.957031 0.725000 0.080469 0.045312
3 0.958594 0.680469 0.080469 0.045312
3 0.957031 0.634375 0.080469 0.045312
3 0.957031 0.592187 0.080469 0.045312
3 0.957031 0.545312 0.081250 0.041406
3 0.957812 0.503125 0.080469 0.045312
3 0.958594 0.457031 0.080469 0.045312
3 0.733594 0.726562 0.080469 0.045312
3 0.734375 0.679688 0.080469 0.045312
3 0.737500 0.636719 0.080469 0.045312
3 0.735938 0.592187 0.080469 0.045312
3 0.732812 0.860156 0.080469 0.045312
3 0.734375 0.814844 0.080469 0.045312
3 0.733594 0.768750 0.080469 0.045312
3 0.649219 0.859375 0.080469 0.045312
3 0.734375 0.454688 0.080469 0.045312
3 0.735156 0.406250 0.080469 0.056250
3 0.737500 0.502344 0.080469 0.045312
3 0.436719 0.719531 0.080469 0.045312
3 0.650000 0.723437 0.080469 0.045312
3 0.649219 0.767188 0.080469 0.045312
3 0.649219 0.814063 0.080469 0.045312
3 0.439063 0.678125 0.080469 0.045312
3 0.435937 0.766406 0.080469 0.045312
3 0.442188 0.813281 0.080469 0.045312
3 0.655469 0.402344 0.079687 0.051562
3 0.654687 0.453906 0.080469 0.045312
3 0.656250 0.503125 0.080469 0.045312
3 0.653125 0.546094 0.080469 0.045312
3 0.653125 0.591406 0.080469 0.045312
3 0.653125 0.634375 0.080469 0.045312
3 0.651563 0.678125 0.080469 0.045312
3 0.960938 0.407813 0.078125 0.050000
3 0.442969 0.859375 0.078906 0.053125
3 0.442969 0.455469 0.080469 0.045312
3 0.441406 0.500000 0.080469 0.045312
3 0.439844 0.541406 0.080469 0.045312
3 0.440625 0.586719 0.080469 0.045312
3 0.439063 0.629687 0.080469 0.045312
3 0.175055 0.785624 0.078665 0.112288
3 0.174962 0.841818 0.079170 0.090971
3 0.172579 0.788428 0.078666 0.112288
3 0.175850 0.729654 0.071275 0.089312
3 0.161928 0.646548 0.078094 0.100577
3 0.183018 0.888187 0.092748 0.091999
2 0.169329 0.687893 0.078072 0.078147
2 0.889456 0.205831 0.067861 0.085515
2 0.378906 0.657031 0.031250 0.450781
2 0.682031 0.926562 0.635938 0.088281
0 0.652344 0.403125 0.081250 0.042969
0 0.637500 0.860938 0.107813 0.042969
0 0.647656 0.813281 0.081250 0.042969
0 0.738281 0.816406 0.081250 0.042969
0 0.942187 0.860938 0.101562 0.049219
0 0.438281 0.717187 0.081250 0.042969
0 0.951562 0.721094 0.081250 0.042969
0 0.944531 0.677344 0.081250 0.042969
0 0.956250 0.631250 0.087500 0.045312
0 0.953125 0.496875 0.081250 0.042969
0 0.956250 0.455469 0.081250 0.042969
0 0.733594 0.680469 0.081250 0.042969
0 0.635938 0.718750 0.081250 0.042969
0 0.735156 0.723437 0.081250 0.042969
0 0.649219 0.765625 0.081250 0.042969
0 0.731250 0.770312 0.081250 0.042969
0 0.735156 0.499219 0.085156 0.042188
0 0.648438 0.545312 0.081250 0.042969
0 0.646875 0.590625 0.081250 0.042969
0 0.647656 0.675000 0.081250 0.042969
0 0.945312 0.720313 0.086719 0.042969
0 0.731250 0.395313 0.071875 0.048438
0 0.732812 0.457031 0.082031 0.041406
0 0.651563 0.498437 0.082031 0.042188
0 0.939844 0.763281 0.087500 0.039062
0 0.436719 0.764844 0.081250 0.042969
0 0.436719 0.808594 0.081250 0.042969
0 0.447656 0.536719 0.081250 0.042969
0 0.446094 0.534375 0.081250 0.042969
0 0.447656 0.582031 0.081250 0.042969
0 0.441406 0.629687 0.081250 0.042969
0 0.437500 0.674219 0.081250 0.042969
0 0.440625 0.489063 0.081250 0.042969
0 0.982812 0.200000 0.034375 0.084375
0 0.784375 0.205469 0.040625 0.086719
0 0.431250 0.203906 0.039844 0.085156
0 0.394531 0.192188 0.037500 0.089844
0 0.343750 0.195312 0.036719 0.088281
0 0.180436 0.883855 0.088336 0.079625
0 0.650000 0.453125 0.078125 0.042188
