0 0.032813 0.178125 0.065625 0.041406
0 0.150781 0.615625 0.082031 0.039062
0 0.267130 0.434720 0.076389 0.048593
0 0.558096 0.616077 0.103698 0.046901
0 0.366968 0.740133 0.052187 0.099756
0 0.042463 0.540522 0.084926 0.056985
0 0.045523 0.488218 0.091046 0.048504
0 0.039902 0.443999 0.079805 0.047874
0 0.042053 0.396850 0.082795 0.048752
0 0.041000 0.360033 0.081999 0.048116
0 0.043249 0.309232 0.085600 0.046623
0 0.044537 0.082262 0.085958 0.049952
0 0.041273 0.035000 0.075654 0.041879
1 0.307149 0.393077 0.614298 0.786153
