1 0.500000 0.500000 1.000000 1.000000
3 0.937258 0.276725 0.054551 0.087663
3 0.806587 0.176073 0.054551 0.087663
3 0.797794 0.262255 0.054551 0.087664
3 0.852255 0.183038 0.054551 0.087664
3 0.844518 0.268628 0.054551 0.087663
3 0.896933 0.188321 0.054551 0.087663
3 0.944571 0.192064 0.054551 0.087663
3 0.665910 0.164433 0.054551 0.087663
3 0.705296 0.253417 0.054551 0.087663
3 0.713679 0.167315 0.054551 0.087663
3 0.750290 0.258689 0.054551 0.087663
3 0.758527 0.172044 0.054551 0.087663
3 0.890521 0.271819 0.054551 0.087663
3 0.477212 0.147935 0.054551 0.087663
3 0.526173 0.151142 0.054551 0.087663
3 0.518912 0.236338 0.054551 0.087663
3 0.982304 0.195026 0.035391 0.086623
3 0.977178 0.280592 0.045643 0.087599
3 0.659564 0.249400 0.054551 0.087663
3 0.331868 0.219168 0.054551 0.087663
3 0.340042 0.133820 0.054551 0.087663
3 0.378736 0.222887 0.054551 0.087664
3 0.384143 0.139760 0.054551 0.087663
3 0.421956 0.229180 0.054551 0.087663
3 0.431202 0.141360 0.054551 0.087663
3 0.469557 0.231148 0.054551 0.087664
3 0.189881 0.204963 0.054551 0.087663
3 0.197622 0.120262 0.054551 0.087663
3 0.236916 0.210121 0.054551 0.087663
3 0.244003 0.126329 0.054551 0.087664
3 0.282751 0.213402 0.054551 0.087663
3 0.290269 0.130747 0.054551 0.087663
3 0.048864 0.193033 0.054551 0.087556
3 0.055455 0.107380 0.052935 0.087438
3 0.095868 0.196721 0.054551 0.087663
3 0.104273 0.112255 0.054551 0.087664
3 0.141310 0.200592 0.054551 0.087664
3 0.148455 0.116330 0.054551 0.087663
3 0.818541 0.579806 0.054551 0.087663
3 0.823844 0.495973 0.054551 0.087663
3 0.865743 0.586331 0.054551 0.087663
3 0.871932 0.501147 0.054551 0.087663
3 0.911704 0.589436 0.054551 0.087663
3 0.917485 0.505380 0.054551 0.087664
3 0.958260 0.595391 0.054551 0.087663
3 0.964123 0.509459 0.054551 0.087663
3 0.634195 0.564670 0.054551 0.087663
3 0.639767 0.477947 0.054551 0.087663
3 0.680085 0.567068 0.054551 0.087664
3 0.686315 0.484443 0.054551 0.087664
3 0.726974 0.573770 0.054551 0.087663
3 0.732725 0.487719 0.054551 0.087663
3 0.771247 0.578504 0.054551 0.087664
3 0.777865 0.491188 0.054551 0.087664
3 0.352261 0.537990 0.054551 0.087663
3 0.358697 0.452887 0.054551 0.087663
3 0.399773 0.542169 0.054551 0.087663
3 0.406214 0.455173 0.054551 0.087663
3 0.446235 0.546874 0.054551 0.087663
3 0.453575 0.460454 0.054551 0.087663
3 0.217275 0.438334 0.054551 0.087663
3 0.259410 0.528392 0.054551 0.087663
3 0.264526 0.443478 0.054551 0.087663
3 0.304766 0.534005 0.054551 0.087664
3 0.312080 0.447617 0.054551 0.087663
3 0.501241 0.462924 0.054551 0.087663
3 0.494507 0.549176 0.054551 0.087663
3 0.025740 0.506755 0.051481 0.087663
3 0.029884 0.421429 0.054551 0.087624
3 0.070830 0.512319 0.054551 0.087663
3 0.076836 0.425556 0.054551 0.087663
3 0.118188 0.514149 0.054551 0.087663
3 0.122807 0.429363 0.054551 0.087663
3 0.164115 0.518846 0.054551 0.087664
3 0.170242 0.434048 0.054551 0.087664
3 0.213337 0.523545 0.054551 0.087663
3 0.021925 0.742603 0.043850 0.087313
3 0.059372 0.832418 0.054551 0.087663
3 0.065957 0.745733 0.054551 0.087664
3 0.018643 0.826994 0.037287 0.086859
3 0.855136 0.816969 0.054551 0.087663
3 0.803155 0.899516 0.054551 0.087663
3 0.808069 0.815219 0.054551 0.087663
3 0.757010 0.893784 0.054551 0.087663
3 0.763598 0.809970 0.054551 0.087664
3 0.895764 0.907717 0.054551 0.087663
3 0.901505 0.821980 0.054551 0.087664
3 0.848270 0.904534 0.054551 0.087663
3 0.939363 0.912083 0.054551 0.087663
3 0.947774 0.825035 0.054551 0.087664
2 0.370620 0.851879 0.294974 0.296241
2 0.575599 0.502088 0.158693 0.995824
0 0.985156 0.193750 0.029687 0.084375
0 0.946875 0.185156 0.048438 0.087500
0 0.857031 0.178125 0.048438 0.089063
0 0.842969 0.269531 0.046875 0.082812
0 0.814063 0.166406 0.046875 0.087500
0 0.800781 0.263281 0.040625 0.075000
0 0.765625 0.169531 0.046875 0.087500
0 0.757812 0.258594 0.048438 0.087500
0 0.716406 0.163281 0.053125 0.087500
0 0.707812 0.259375 0.043750 0.084375
0 0.664062 0.148438 0.046875 0.112500
0 0.635938 0.471875 0.043750 0.100000
0 0.680469 0.578125 0.043750 0.085938
0 0.741406 0.457031 0.051562 0.065625
0 0.782031 0.484375 0.040625 0.093750
0 0.813281 0.587500 0.042188 0.085938
0 0.827344 0.485156 0.042188 0.087500
0 0.875000 0.498437 0.050000 0.084375
0 0.910937 0.585938 0.040625 0.078125
0 0.756250 0.798438 0.042188 0.095312
0 0.953906 0.826562 0.037500 0.084375
0 0.803125 0.885938 0.053125 0.106250
0 0.541406 0.145313 0.046875 0.084375
0 0.525781 0.253125 0.046875 0.090625
0 0.469531 0.232813 0.043750 0.085938
0 0.433594 0.135937 0.043750 0.081250
0 0.424219 0.225000 0.045312 0.084375
0 0.371875 0.221094 0.046875 0.078125
0 0.338281 0.127344 0.042188 0.085938
0 0.280469 0.228906 0.042188 0.101562
0 0.207813 0.144531 0.054688 0.118750
0 0.107031 0.110156 0.048438 0.095312
0 0.097656 0.208594 0.045312 0.098437
0 0.037500 0.093750 0.015625 0.081250
0 0.509375 0.464844 0.045312 0.089063
0 0.452344 0.544531 0.045312 0.092188
0 0.401562 0.542969 0.056250 0.118750
0 0.306250 0.528125 0.043750 0.081250
0 0.163281 0.521875 0.040625 0.090625
0 0.117969 0.511719 0.040625 0.084375
0 0.075000 0.522656 0.026562 0.082812
0 0.022656 0.510938 0.045312 0.085938
0 0.021094 0.746875 0.042188 0.093750
