1 0.499593 0.394331 0.999186 0.788662
3 0.450781 0.221875 0.080469 0.045312
3 0.535156 0.176563 0.080469 0.045312
3 0.536719 0.129688 0.080469 0.045312
3 0.536719 0.086719 0.080469 0.045312
3 0.537500 0.039062 0.080469 0.045312
3 0.453125 0.133594 0.080469 0.045312
3 0.454688 0.176563 0.080469 0.045312
3 0.453906 0.087500 0.080469 0.045312
3 0.454688 0.040625 0.080469 0.045312
3 0.535156 0.311719 0.080469 0.045312
3 0.451562 0.314844 0.080469 0.045312
3 0.535156 0.267188 0.080469 0.045312
3 0.452344 0.267969 0.080469 0.045312
3 0.534375 0.222656 0.080469 0.045312
3 0.451562 0.448437 0.080469 0.045312
3 0.535156 0.403125 0.080469 0.045312
3 0.453125 0.404687 0.080469 0.045312
3 0.535156 0.358594 0.080469 0.045312
3 0.451562 0.360938 0.080469 0.045312
3 0.534375 0.493750 0.080469 0.045312
3 0.450781 0.539062 0.080469 0.045312
3 0.450781 0.496094 0.080469 0.045312
3 0.535156 0.449219 0.080469 0.045312
3 0.535937 0.539062 0.080469 0.045312
3 0.230469 0.089063 0.080469 0.045312
3 0.151562 0.090625 0.080469 0.045312
3 0.233594 0.042188 0.080469 0.045312
3 0.150000 0.042969 0.080469 0.045312
3 0.232813 0.178906 0.080469 0.045312
3 0.150000 0.271094 0.080469 0.045312
3 0.149219 0.224219 0.080469 0.045312
3 0.149219 0.179688 0.080469 0.045312
3 0.231250 0.223438 0.080469 0.045312
3 0.150781 0.136719 0.080469 0.045312
3 0.231250 0.405469 0.080469 0.045312
3 0.232031 0.314844 0.080469 0.045312
3 0.151562 0.314844 0.080469 0.045312
3 0.232813 0.360938 0.080469 0.045312
3 0.149219 0.362500 0.080469 0.045312
3 0.147656 0.405469 0.080469 0.045312
3 0.230469 0.270313 0.080469 0.045312
3 0.147656 0.495312 0.080469 0.045312
3 0.148438 0.450781 0.080469 0.045312
3 0.232813 0.450000 0.080469 0.045312
3 0.229687 0.540625 0.080469 0.045312
3 0.146875 0.543750 0.080469 0.045312
3 0.231250 0.493750 0.080469 0.045312
3 0.845313 0.387500 0.086719 0.046875
3 0.757812 0.387500 0.086719 0.046875
3 0.845313 0.437500 0.086719 0.046875
3 0.846094 0.484375 0.086719 0.046875
3 0.846875 0.532813 0.086719 0.046875
3 0.757812 0.534375 0.086719 0.046875
3 0.757812 0.485938 0.086719 0.046875
3 0.757812 0.436719 0.086719 0.046875
3 0.150781 0.010156 0.081250 0.020313
3 0.076563 0.742969 0.045312 0.079687
3 0.261719 0.741406 0.045312 0.079687
3 0.032031 0.742969 0.045312 0.079687
3 0.124219 0.740625 0.045312 0.079687
3 0.168750 0.739844 0.045312 0.079687
3 0.214844 0.739844 0.045312 0.079687
3 0.419531 0.741406 0.045312 0.079687
3 0.466406 0.741406 0.045312 0.079687
3 0.513281 0.742188 0.045312 0.079687
3 0.556250 0.742188 0.045312 0.079687
3 0.601562 0.740625 0.045312 0.079687
0 0.640625 0.739844 0.043750 0.092188
3 0.646094 0.739844 0.040625 0.081250
3 0.686719 0.739844 0.045312 0.079687
3 0.732031 0.738281 0.045312 0.079687
3 0.776563 0.739062 0.045312 0.079687
3 0.823438 0.739844 0.045312 0.079687
3 0.864844 0.739062 0.045312 0.079687
3 0.909375 0.739062 0.045312 0.079687
3 0.951562 0.738281 0.045312 0.079687
3 0.987500 0.737500 0.024219 0.077344
2 0.341406 0.742969 0.107031 0.082031
0 0.141406 0.084375 0.082031 0.042188
0 0.232031 0.085156 0.082031 0.041406
0 0.233594 0.037500 0.082031 0.041406
0 0.142187 0.177344 0.082031 0.041406
0 0.243750 0.224219 0.098437 0.045312
0 0.160938 0.301563 0.115625 0.045312
0 0.147656 0.398438 0.093750 0.044531
0 0.238281 0.404687 0.082031 0.041406
0 0.140625 0.535937 0.083594 0.042188
0 0.242188 0.402344 0.091406 0.046094
0 0.140625 0.490625 0.075000 0.042969
0 0.228906 0.130469 0.082031 0.041406
0 0.225781 0.496094 0.074219 0.040625
0 0.535156 0.032031 0.083594 0.042188
0 0.535156 0.082812 0.093750 0.044531
0 0.532813 0.175781 0.078906 0.039062
0 0.536719 0.313281 0.082812 0.042188
0 0.536719 0.359375 0.082031 0.041406
0 0.544531 0.396094 0.075000 0.038281
0 0.536719 0.444531 0.082812 0.044531
0 0.546094 0.491406 0.077344 0.039844
0 0.532813 0.535937 0.085156 0.042188
0 0.760938 0.432031 0.085938 0.050000
0 0.597656 0.749219 0.038281 0.085938
0 0.864062 0.739062 0.036719 0.087500
0 0.509375 0.734375 0.049219 0.119531
2 0.187500 0.567969 0.164062 0.011719
2 0.495312 0.567187 0.162500 0.010937
2 0.804688 0.564844 0.160156 0.007812
