1 0.500000 0.500000 1.000000 1.000000
3 0.156033 0.975375 0.102711 0.049250
3 0.136018 0.946842 0.103910 0.083979
3 0.119291 0.903808 0.102129 0.076324
3 0.102252 0.860383 0.102711 0.078973
3 0.088843 0.811556 0.094368 0.086427
3 0.076251 0.764777 0.083317 0.071434
3 0.062220 0.718601 0.071993 0.077866
3 0.051420 0.670431 0.065005 0.063871
3 0.037476 0.624910 0.053957 0.065190
3 0.024442 0.577001 0.042990 0.056742
3 0.013608 0.527929 0.027216 0.058846
0 0.153471 0.979608 0.082540 0.040785
0 0.125805 0.950871 0.083787 0.065601
0 0.104175 0.857461 0.092204 0.053947
0 0.059298 0.716041 0.064732 0.056999
0 0.029996 0.625559 0.035837 0.040503
0 0.080693 0.820169 0.073321 0.064981
3 0.126788 0.351222 0.083811 0.105273
3 0.171811 0.333201 0.083812 0.105272
3 0.216254 0.313787 0.083811 0.105272
3 0.297044 0.384445 0.083811 0.105273
3 0.252295 0.401819 0.083811 0.105272
3 0.206544 0.420096 0.083811 0.105272
3 0.162284 0.438729 0.083811 0.105272
3 0.353116 0.261629 0.083812 0.105272
3 0.388983 0.349175 0.083811 0.105272
3 0.307274 0.278361 0.083811 0.105273
3 0.263013 0.296266 0.083811 0.105272
3 0.343450 0.366564 0.083811 0.105272
3 0.484893 0.207389 0.080996 0.105272
3 0.520013 0.297527 0.079342 0.105296
3 0.440707 0.224580 0.080029 0.105272
3 0.477268 0.314452 0.079587 0.107374
3 0.397620 0.243985 0.079409 0.105272
3 0.433886 0.333349 0.075285 0.103694
3 0.576101 0.170072 0.081894 0.106232
3 0.613092 0.259689 0.078351 0.106062
3 0.530091 0.188323 0.080275 0.105273
3 0.566441 0.277073 0.080340 0.105273
3 0.710593 0.116346 0.080677 0.105272
3 0.746502 0.204854 0.084013 0.106346
3 0.665657 0.134680 0.080133 0.107982
3 0.702160 0.223132 0.079786 0.106885
3 0.621274 0.152757 0.083312 0.107860
3 0.655675 0.242733 0.081163 0.102869
3 0.800309 0.080979 0.083641 0.105273
3 0.837159 0.170857 0.079131 0.105495
3 0.754468 0.097492 0.079924 0.100236
3 0.789190 0.186401 0.078532 0.105273
3 0.919654 0.132377 0.067983 0.100710
3 0.846433 0.061344 0.080785 0.107065
3 0.879668 0.152226 0.080846 0.101472
3 0.893682 0.047822 0.083812 0.095645
3 0.084309 0.120777 0.083442 0.108478
3 0.042150 0.138162 0.082694 0.105272
3 0.177697 0.090486 0.083811 0.094165
3 0.131722 0.103461 0.083811 0.104171
3 0.226152 0.075703 0.078588 0.080943
3 0.273054 0.061352 0.070567 0.067926
3 0.316643 0.050612 0.065539 0.060438
3 0.364151 0.038919 0.064716 0.051988
0 0.452402 0.010133 0.047516 0.020265
3 0.409467 0.025127 0.061300 0.040639
3 0.457339 0.014542 0.056772 0.029083
3 0.021681 0.082368 0.043362 0.030562
0 0.831367 0.176695 0.063085 0.084249
0 0.889183 0.042179 0.074789 0.084359
3 0.245586 0.650909 0.089467 0.110010
3 0.292017 0.630285 0.080634 0.110070
3 0.335705 0.613184 0.084594 0.111287
3 0.380208 0.597899 0.082796 0.109750
3 0.418959 0.691060 0.082189 0.111102
3 0.375216 0.707841 0.084741 0.111042
3 0.328712 0.725049 0.080755 0.108860
3 0.284815 0.743769 0.089467 0.110011
3 0.464646 0.671551 0.083694 0.110355
3 0.473256 0.560737 0.083694 0.110354
3 0.688840 0.581493 0.083694 0.110354
3 0.608079 0.505412 0.083695 0.110354
3 0.643402 0.599163 0.083694 0.110354
3 0.561849 0.524364 0.083694 0.110354
3 0.598904 0.617455 0.083694 0.110033
3 0.427112 0.580267 0.083694 0.110354
3 0.653584 0.488163 0.084363 0.108595
3 0.734983 0.563142 0.083694 0.110354
3 0.517648 0.542760 0.083694 0.110355
3 0.554652 0.635910 0.083694 0.110354
3 0.510628 0.653908 0.083694 0.110355
3 0.697586 0.469600 0.083694 0.110354
3 0.823595 0.528243 0.083695 0.108366
3 0.779479 0.545590 0.080701 0.106927
3 0.742508 0.453337 0.078030 0.108479
3 0.921597 0.385212 0.083694 0.110354
3 0.786319 0.434718 0.083694 0.110354
3 0.960105 0.363927 0.062884 0.109832
3 0.980821 0.460923 0.038357 0.109167
2 0.871570 0.457450 0.158213 0.220270
0 0.509529 0.659557 0.066475 0.084677
0 0.427570 0.582634 0.063084 0.095212
0 0.416809 0.688503 0.063700 0.084654
0 0.284203 0.628311 0.068579 0.089153
0 0.283811 0.747338 0.065809 0.079895
0 0.651633 0.490532 0.073100 0.103316
0 0.742033 0.455716 0.075795 0.104189
0 0.782315 0.435160 0.065832 0.086326
3 0.955090 0.475890 0.083694 0.110354
0 0.955651 0.459011 0.060636 0.083544
3 0.415759 0.937091 0.083360 0.106155
3 0.978795 0.700669 0.042411 0.104793
3 0.954835 0.717049 0.083361 0.106155
3 0.909670 0.737192 0.083361 0.106155
3 0.865787 0.755151 0.083361 0.106155
3 0.819829 0.773485 0.083360 0.106155
3 0.774319 0.790836 0.083360 0.106155
3 0.596559 0.862582 0.083361 0.106155
3 0.550374 0.881389 0.083360 0.106155
3 0.369532 0.950651 0.083360 0.098698
3 0.462468 0.917284 0.083361 0.106155
3 0.727973 0.809163 0.077117 0.103026
3 0.686812 0.827021 0.083361 0.106155
3 0.642328 0.844347 0.083361 0.106155
3 0.901248 0.844771 0.083361 0.106155
3 0.856945 0.863565 0.083360 0.106155
3 0.810192 0.880328 0.083361 0.106155
3 0.765373 0.898777 0.083361 0.106155
3 0.721760 0.916426 0.083361 0.106155
3 0.975757 0.804593 0.048486 0.106155
3 0.949531 0.824191 0.083361 0.106155
3 0.629045 0.943765 0.079449 0.087683
3 0.678193 0.931134 0.083321 0.096787
3 0.580918 0.956522 0.072096 0.077099
3 0.536782 0.968259 0.069574 0.063481
3 0.488693 0.976733 0.069134 0.046534
3 0.438213 0.985981 0.058527 0.028038
0 0.367515 0.960544 0.062968 0.078911
3 0.505085 0.898051 0.083360 0.106155
0 0.505632 0.901762 0.057442 0.079903
0 0.723985 0.809295 0.072554 0.109735
0 0.818384 0.779096 0.061457 0.082022
0 0.911394 0.745931 0.069744 0.084675
0 0.536631 0.977484 0.050052 0.045031
0 0.987494 0.707418 0.025013 0.075470
