1 0.500000 0.447656 1.000000 0.895312
3 0.671875 0.810937 0.057813 0.095312
3 0.946875 0.839063 0.050000 0.093750
3 0.903906 0.834375 0.054688 0.095312
3 0.855469 0.828906 0.054688 0.095312
3 0.810937 0.823438 0.054688 0.095312
3 0.764062 0.818750 0.054688 0.095312
3 0.717969 0.815625 0.054688 0.095312
3 0.399219 0.784375 0.054688 0.095312
3 0.450781 0.790625 0.054688 0.095312
3 0.497656 0.796094 0.054688 0.095312
3 0.544531 0.801562 0.054688 0.095312
3 0.621875 0.807031 0.054688 0.095312
3 0.209375 0.765625 0.054688 0.095312
3 0.258594 0.770312 0.054688 0.095312
3 0.306250 0.775000 0.054688 0.095312
3 0.352344 0.779687 0.054688 0.095312
3 0.021875 0.746094 0.043750 0.095312
3 0.065625 0.751563 0.054688 0.095312
3 0.114062 0.756250 0.054688 0.095312
3 0.161719 0.760156 0.054688 0.095312
0 0.673438 0.810937 0.046875 0.090625
0 0.450000 0.792969 0.054688 0.098437
0 0.401562 0.786719 0.059375 0.114062
0 0.300781 0.792969 0.048438 0.087500
0 0.210938 0.767969 0.053125 0.103125
0 0.023438 0.745313 0.046875 0.106250
3 0.742188 0.599219 0.101562 0.065625
3 0.414844 0.566406 0.104688 0.065625
3 0.091406 0.541406 0.101562 0.056250
3 0.745313 0.547656 0.098437 0.059375
3 0.523438 0.477344 0.104688 0.060937
3 0.857812 0.414062 0.098437 0.060937
3 0.869531 0.319531 0.104688 0.059375
3 0.186719 0.501563 0.092188 0.059375
3 0.880469 0.227344 0.101562 0.060937
3 0.099219 0.446094 0.101562 0.059375
3 0.195312 0.407031 0.089063 0.054688
3 0.892969 0.125781 0.103125 0.065625
3 0.781250 0.263281 0.096875 0.056250
3 0.761439 0.405724 0.099925 0.058424
3 0.846028 0.508442 0.099925 0.058424
3 0.750081 0.497568 0.099925 0.058424
3 0.841595 0.560800 0.098272 0.061422
3 0.836554 0.611043 0.099925 0.058424
3 0.772587 0.310114 0.099925 0.058424
3 0.862630 0.368172 0.099925 0.058424
3 0.766906 0.356486 0.099925 0.058424
3 0.851668 0.463383 0.099925 0.058424
3 0.755388 0.453435 0.099925 0.058424
3 0.785082 0.216821 0.099925 0.058425
3 0.790238 0.167493 0.099925 0.058424
3 0.419381 0.514047 0.099925 0.058424
3 0.510653 0.576096 0.099925 0.058424
3 0.884776 0.176365 0.099925 0.058424
3 0.795882 0.119018 0.099925 0.058424
3 0.874334 0.273806 0.099925 0.058424
3 0.526086 0.428556 0.099925 0.058424
3 0.426311 0.466085 0.099925 0.058424
3 0.516888 0.524834 0.099925 0.058424
3 0.538626 0.334449 0.099925 0.058424
3 0.437940 0.371608 0.099925 0.058424
3 0.531683 0.381833 0.099925 0.058424
3 0.432049 0.418129 0.099925 0.058425
3 0.453314 0.228274 0.099925 0.058424
3 0.547624 0.239582 0.099925 0.058424
3 0.447964 0.275750 0.099925 0.058424
3 0.542841 0.287216 0.099925 0.058424
3 0.444464 0.323747 0.099925 0.058424
3 0.470544 0.086879 0.099925 0.058424
3 0.563840 0.095638 0.099925 0.058424
3 0.464627 0.133432 0.099925 0.058424
3 0.559587 0.142205 0.099925 0.058424
3 0.458997 0.181383 0.099925 0.058424
3 0.553278 0.191017 0.099925 0.058424
3 0.114702 0.303702 0.099924 0.058424
3 0.215749 0.266644 0.099925 0.058424
3 0.121225 0.256006 0.099925 0.058424
3 0.220755 0.216025 0.099925 0.058424
3 0.127802 0.207269 0.099925 0.058424
3 0.104176 0.396612 0.099925 0.058424
3 0.110738 0.350231 0.099925 0.058424
3 0.205999 0.358384 0.099925 0.058424
3 0.209115 0.313757 0.099925 0.058424
3 0.192325 0.455066 0.099925 0.058425
3 0.180114 0.548799 0.087627 0.053163
0 0.836719 0.615625 0.096875 0.053125
0 0.747656 0.614844 0.078125 0.054688
0 0.841406 0.563281 0.084375 0.048438
0 0.753125 0.553125 0.082812 0.054688
0 0.846875 0.517969 0.090625 0.053125
0 0.750781 0.503906 0.078125 0.045312
0 0.851562 0.464844 0.089063 0.050000
0 0.857812 0.417969 0.085938 0.051562
0 0.775000 0.310937 0.085938 0.045312
0 0.869531 0.323437 0.089063 0.051562
0 0.779687 0.264844 0.085938 0.045312
0 0.879687 0.279687 0.084375 0.045312
0 0.878125 0.226562 0.087500 0.043750
0 0.785937 0.215625 0.087500 0.046875
0 0.883594 0.178125 0.084375 0.043750
0 0.787500 0.168750 0.087500 0.050000
0 0.901563 0.129688 0.112500 0.053125
0 0.571875 0.091406 0.101562 0.045312
0 0.457031 0.136719 0.085938 0.051562
0 0.563281 0.198437 0.090625 0.043750
0 0.553125 0.242969 0.090625 0.050000
0 0.447656 0.273438 0.092188 0.053125
0 0.550000 0.292187 0.084375 0.043750
0 0.535937 0.340625 0.082812 0.050000
0 0.444531 0.378125 0.081250 0.051562
0 0.521094 0.482812 0.087500 0.050000
0 0.514844 0.532031 0.079687 0.048438
0 0.403906 0.571875 0.079687 0.048438
0 0.189844 0.511719 0.087500 0.050000
0 0.096875 0.453125 0.087500 0.048438
0 0.198437 0.410938 0.084375 0.046875
0 0.139844 0.257812 0.117188 0.053125
0 0.226562 0.215625 0.098437 0.050000
0 0.095312 0.546875 0.078125 0.040625
