0 0.217188 0.839844 0.079687 0.056250
0 0.391406 0.957031 0.078125 0.043750
0 0.212500 0.586719 0.082812 0.045312
0 0.219531 0.538281 0.110937 0.053125
0 0.285156 0.667969 0.096875 0.051562
0 0.533594 0.855469 0.085938 0.070312
0 0.122656 0.800781 0.089063 0.048438
0 0.317188 0.584375 0.079687 0.046875
0 0.180469 0.676562 0.079687 0.053125
0 0.287500 0.622656 0.068750 0.042188
0 0.920239 0.472232 0.087502 0.064733
0 0.309530 0.339410 0.108853 0.077233
0 0.090457 0.106644 0.076981 0.075865
0 0.796391 0.773403 0.114098 0.082575
0 0.165747 0.717507 0.093268 0.068659
0 0.019027 0.565020 0.038053 0.048251
0 0.943230 0.677350 0.075752 0.057002
0 0.552524 0.577168 0.102540 0.070124
0 0.719853 0.153951 0.085090 0.062683
0 0.372467 0.163608 0.105570 0.067485
0 0.105715 0.848278 0.091171 0.058701
0 0.094214 0.886469 0.090546 0.063270
0 0.738832 0.940348 0.085798 0.062916
0 0.472636 0.741432 0.097634 0.061711
0 0.592206 0.686864 0.078153 0.061694
0 0.345906 0.252620 0.085374 0.063681
0 0.279202 0.428178 0.069599 0.050998
0 0.353092 0.497519 0.076978 0.052682
0 0.596637 0.444978 0.080775 0.056010
0 0.047953 0.383191 0.073311 0.053674
0 0.272090 0.715028 0.093114 0.063254
0 0.063703 0.192180 0.051079 0.050246
1 0.500000 0.500000 1.000000 1.000000
