1 0.498105 0.499186 0.996210 0.998371
3 0.088278 0.128586 0.063228 0.095302
3 0.046657 0.142816 0.059744 0.095302
3 0.131046 0.116148 0.069102 0.095790
3 0.173502 0.107064 0.061679 0.095128
3 0.216625 0.097651 0.064287 0.095302
3 0.264666 0.088585 0.071121 0.093351
3 0.309523 0.077950 0.060094 0.095302
3 0.353018 0.069889 0.069945 0.086931
3 0.398888 0.059654 0.060094 0.095302
3 0.441765 0.049035 0.065570 0.092100
3 0.485845 0.042554 0.064155 0.085107
3 0.534880 0.036897 0.063911 0.073793
3 0.577993 0.033101 0.061377 0.066202
3 0.621827 0.026720 0.056426 0.053441
0 0.086774 0.125978 0.051399 0.077520
0 0.128957 0.105972 0.053335 0.078437
0 0.218852 0.099422 0.039073 0.084816
0 0.353190 0.059174 0.055603 0.099432
0 0.440336 0.042912 0.047338 0.075548
0 0.574814 0.022805 0.044852 0.045610
0 0.256854 0.076672 0.055169 0.084138
3 0.687374 0.195442 0.096321 0.068099
3 0.697516 0.240035 0.096320 0.068100
3 0.709042 0.284292 0.096320 0.068099
3 0.631314 0.349116 0.096321 0.068099
3 0.621734 0.304874 0.096320 0.068099
3 0.611460 0.259566 0.096320 0.068099
3 0.600634 0.215594 0.096320 0.068099
3 0.737432 0.419458 0.096320 0.068100
3 0.650601 0.439949 0.096320 0.068099
3 0.728610 0.374293 0.096321 0.068099
3 0.718463 0.330428 0.096320 0.068099
3 0.641123 0.394975 0.096320 0.068099
3 0.768303 0.550228 0.096320 0.065544
3 0.679021 0.569948 0.096824 0.063694
3 0.758739 0.506450 0.096320 0.064468
3 0.669656 0.527328 0.098028 0.063514
3 0.746975 0.463520 0.096320 0.064017
3 0.658761 0.484464 0.095599 0.059792
3 0.789565 0.640443 0.097427 0.065761
3 0.700747 0.662199 0.097068 0.062384
3 0.779340 0.595027 0.096321 0.064654
3 0.691322 0.615932 0.096321 0.064993
3 0.819781 0.773921 0.096320 0.065343
3 0.732371 0.794515 0.097109 0.067871
3 0.809232 0.729320 0.098970 0.064351
3 0.721588 0.750257 0.098350 0.063811
3 0.799103 0.685378 0.098658 0.067039
3 0.710187 0.704289 0.093532 0.064983
3 0.839731 0.862821 0.096321 0.067533
3 0.750519 0.884083 0.096507 0.063371
3 0.830720 0.817601 0.092174 0.064304
3 0.742780 0.836605 0.096321 0.062973
3 0.773141 0.969464 0.091904 0.059443
3 0.850929 0.908275 0.098090 0.064621
3 0.761336 0.926414 0.092759 0.065507
3 0.861309 0.955184 0.096320 0.068100
3 0.907901 0.190066 0.099947 0.066700
3 0.898383 0.148303 0.096320 0.066536
3 0.927882 0.282140 0.096320 0.068099
3 0.917920 0.236668 0.096320 0.068099
3 0.941046 0.327994 0.096320 0.068099
3 0.951165 0.371348 0.093558 0.066673
3 0.955711 0.413303 0.086757 0.064749
3 0.959985 0.459162 0.078401 0.064516
0 0.974477 0.543607 0.049418 0.056796
3 0.965701 0.501790 0.066969 0.066355
3 0.969891 0.548556 0.057816 0.062877
3 0.975150 0.174986 0.048071 0.058827
3 0.970327 0.128586 0.057718 0.058191
3 0.978575 0.220154 0.041221 0.057157
3 0.975471 0.595086 0.047429 0.060826
0 0.745949 0.878042 0.077643 0.051818
0 0.869358 0.951796 0.091421 0.058960
3 0.390524 0.262013 0.100455 0.071932
3 0.402527 0.308158 0.101102 0.063428
3 0.412197 0.351480 0.102025 0.067516
3 0.419699 0.395397 0.100519 0.066037
3 0.327416 0.417584 0.102274 0.065349
3 0.318305 0.374346 0.101972 0.067675
3 0.309001 0.328816 0.100254 0.064283
3 0.298249 0.284852 0.100456 0.071932
3 0.338770 0.462682 0.101410 0.066965
3 0.440710 0.487048 0.101410 0.066965
3 0.389575 0.684779 0.101410 0.066965
3 0.472350 0.620783 0.101410 0.066966
3 0.379820 0.639852 0.101410 0.066965
3 0.461518 0.574929 0.101410 0.066965
3 0.369538 0.595732 0.101489 0.066965
3 0.429327 0.441189 0.101410 0.066965
3 0.481904 0.665685 0.100074 0.067279
3 0.399860 0.730463 0.101410 0.066965
3 0.450905 0.531047 0.101410 0.066965
3 0.358688 0.551771 0.101410 0.066965
3 0.348419 0.508112 0.101410 0.066965
3 0.492501 0.709431 0.101410 0.066965
3 0.419296 0.818290 0.099565 0.066966
3 0.409488 0.774708 0.098346 0.064097
3 0.500941 0.753506 0.100339 0.061086
3 0.538053 0.930521 0.101410 0.066965
3 0.511900 0.797221 0.101410 0.066965
3 0.551344 0.972316 0.101240 0.053739
3 0.457940 0.980955 0.104262 0.036258
2 0.478455 0.873840 0.202825 0.124477
0 0.343417 0.506787 0.076836 0.054093
0 0.427405 0.441675 0.088468 0.048743
0 0.330096 0.415522 0.076588 0.050991
0 0.405583 0.302016 0.082276 0.055906
0 0.295007 0.283574 0.073030 0.052730
0 0.479825 0.663858 0.095981 0.056945
0 0.498728 0.752952 0.097682 0.058504
0 0.512059 0.793494 0.080352 0.052661
3 0.448657 0.948339 0.101410 0.066965
0 0.465216 0.951669 0.079784 0.047233
3 0.098947 0.378055 0.097460 0.067468
3 0.233704 0.956507 0.097460 0.067469
3 0.224368 0.912603 0.097460 0.067469
3 0.212270 0.867566 0.097460 0.067469
3 0.202017 0.824045 0.097460 0.067469
3 0.191720 0.778535 0.097460 0.067468
3 0.182273 0.733588 0.097460 0.067468
3 0.141673 0.557441 0.097460 0.067469
3 0.130969 0.511651 0.097460 0.067468
3 0.089664 0.332450 0.097460 0.067468
3 0.110504 0.424481 0.097460 0.067469
3 0.171713 0.688021 0.094809 0.061796
3 0.161480 0.646748 0.097460 0.067469
3 0.151905 0.602760 0.097460 0.067469
3 0.113315 0.843852 0.097460 0.067469
3 0.102346 0.799816 0.097460 0.067468
3 0.093630 0.753798 0.097460 0.067469
3 0.083058 0.709333 0.097460 0.067469
3 0.073054 0.666109 0.097460 0.067469
3 0.137172 0.935417 0.097460 0.067468
3 0.125360 0.891858 0.097460 0.067469
3 0.052377 0.576182 0.097460 0.067469
3 0.061417 0.622689 0.097460 0.067468
3 0.045478 0.530658 0.090955 0.063556
3 0.040862 0.488353 0.078713 0.064028
3 0.036777 0.442284 0.068498 0.066801
3 0.030280 0.395129 0.060560 0.061663
3 0.025342 0.347409 0.050684 0.059352
3 0.145196 0.973369 0.094094 0.051634
0 0.081126 0.328710 0.082281 0.051601
3 0.122132 0.467011 0.097460 0.067468
0 0.118447 0.466879 0.074122 0.045891
0 0.173375 0.684089 0.105217 0.055726
0 0.186724 0.776404 0.076205 0.050270
0 0.205444 0.868136 0.081624 0.056945
0 0.031720 0.486921 0.063440 0.049151
0 0.227061 0.959868 0.070082 0.044258
