0 0.969531 0.392969 0.060937 0.089063
0 0.722656 0.280469 0.057813 0.090625
0 0.672656 0.267188 0.070312 0.121875
0 0.772656 0.388281 0.067187 0.107813
0 0.855469 0.715625 0.085938 0.100000
0 0.971875 0.280469 0.056250 0.098437
0 0.676562 0.384375 0.060937 0.089063
0 0.826562 0.286719 0.067187 0.090625
0 0.727344 0.371094 0.051562 0.075000
0 0.309228 0.933037 0.049387 0.077499
0 0.435279 0.275544 0.060085 0.113283
0 0.661653 0.943854 0.058573 0.111143
0 0.876584 0.288494 0.045058 0.097238
0 0.787589 0.074430 0.040384 0.040839
0 0.569533 0.617199 0.043624 0.108955
0 0.074687 0.604825 0.038556 0.086810
0 0.231856 0.261549 0.041276 0.107882
0 0.852127 0.956702 0.037031 0.086596
0 0.768254 0.606513 0.044551 0.096786
0 0.662590 0.701173 0.036189 0.086029
0 0.331947 0.273988 0.040016 0.087125
0 0.535908 0.281476 0.038858 0.072300
0 0.575589 0.385372 0.039948 0.076251
0 0.417930 0.604343 0.033101 0.081494
0 0.592372 0.037638 0.036127 0.070730
0 0.825755 0.394522 0.034847 0.097487
1 0.500000 0.500000 1.000000 1.000000
