0 0.478125 0.167187 0.092969 0.038281
0 0.291406 0.721875 0.078906 0.041406
0 0.209375 0.738281 0.074219 0.047656
0 0.552344 0.559375 0.089844 0.052344
0 0.272656 0.580469 0.092969 0.046875
0 0.233594 0.875000 0.078125 0.046094
0 0.185938 0.646875 0.085156 0.049219
0 0.174219 0.184375 0.103906 0.053125
0 0.483594 0.628125 0.067187 0.041406
0 0.043750 0.971875 0.075000 0.051562
0 0.268750 0.628125 0.081250 0.043750
0 0.524219 0.803906 0.082031 0.050781
0 0.338281 0.899219 0.081250 0.047656
0 0.460156 0.448437 0.071875 0.042188
0 0.171875 0.603906 0.081250 0.049219
0 0.553906 0.890625 0.078906 0.048438
0 0.658594 0.966406 0.076563 0.046094
0 0.865625 0.448437 0.087500 0.049219
0 0.500781 0.253906 0.092969 0.052344
0 0.015625 0.740625 0.031250 0.040625
0 0.612500 0.787500 0.078125 0.049219
0 0.957812 0.899219 0.076563 0.045312
0 0.903906 0.666406 0.117188 0.057813
0 0.639062 0.875781 0.082031 0.050781
0 0.966406 0.942187 0.064844 0.049219
0 0.215625 0.453906 0.075781 0.040625
0 0.142969 0.516406 0.063281 0.040625
0 0.196875 0.363281 0.106250 0.062500
0 0.174219 0.271094 0.104688 0.061719
0 0.508594 0.290625 0.085938 0.051562
0 0.973437 0.040625 0.053125 0.055469
0 0.745313 0.374219 0.082031 0.054688
0 0.340625 0.015625 0.078125 0.031250
0 0.552344 0.510156 0.078125 0.050781
0 0.326562 0.850781 0.089844 0.051562
0 0.188281 0.694531 0.092969 0.054688
0 0.303125 0.760938 0.092188 0.056250
0 0.514062 0.761719 0.080469 0.064844
0 0.889844 0.582812 0.099219 0.060156
0 0.604688 0.685156 0.092969 0.064062
0 0.635156 0.830469 0.091406 0.057813
0 0.344531 0.935156 0.086719 0.050781
0 0.806250 0.650000 0.089844 0.053906
0 0.935937 0.807813 0.106250 0.064844
0 0.558594 0.975000 0.106250 0.050000
0 0.878125 0.957031 0.092188 0.044531
0 0.898438 0.622656 0.106250 0.057813
0 0.833594 0.778125 0.101562 0.058594
0 0.557031 0.934375 0.083594 0.053906
0 0.807813 0.693750 0.102344 0.063281
0 0.641406 0.917188 0.091406 0.056250
0 0.857031 0.822656 0.069531 0.036719
0 0.875781 0.914844 0.077344 0.044531
3 0.073438 0.161719 0.092969 0.064062
3 0.080469 0.210156 0.098437 0.065625
3 0.091406 0.255469 0.100000 0.066406
3 0.103906 0.299219 0.099219 0.064062
3 0.114844 0.342187 0.098437 0.067187
3 0.122656 0.386719 0.100000 0.065625
3 0.132031 0.430469 0.099219 0.062500
3 0.142969 0.477344 0.099219 0.071094
3 0.371094 0.094531 0.096875 0.067969
3 0.362500 0.049219 0.086719 0.064062
3 0.381250 0.137500 0.100000 0.069531
3 0.480469 0.164844 0.098437 0.065625
3 0.393750 0.185156 0.098437 0.068750
3 0.404687 0.227344 0.096094 0.066406
3 0.489063 0.208594 0.095312 0.067187
3 0.502344 0.253906 0.094531 0.064062
3 0.409375 0.275000 0.103906 0.065625
3 0.421875 0.315625 0.106250 0.071875
3 0.435156 0.362500 0.094531 0.070312
3 0.521094 0.341406 0.092188 0.063281
3 0.509375 0.293750 0.095312 0.071094
1 0.500000 0.500000 1.000000 1.000000
3 0.159375 0.140625 0.105469 0.070312
3 0.171094 0.186719 0.101562 0.067969
3 0.177344 0.232813 0.101562 0.070312
3 0.189062 0.278125 0.096875 0.066406
3 0.198437 0.322656 0.098437 0.064844
3 0.210938 0.369531 0.097656 0.064062
3 0.223438 0.410156 0.103125 0.067969
3 0.234375 0.453906 0.096875 0.065625
3 0.242969 0.498437 0.100781 0.068750
3 0.154688 0.521094 0.096875 0.065625
3 0.167187 0.566406 0.096875 0.067187
3 0.254688 0.544531 0.102344 0.078906
3 0.177344 0.607812 0.085156 0.060937
3 0.264844 0.586719 0.105469 0.063281
3 0.190625 0.643750 0.089844 0.057813
3 0.273438 0.630469 0.095312 0.064844
3 0.195312 0.693750 0.095312 0.064062
3 0.285156 0.677344 0.092969 0.071875
3 0.206250 0.742188 0.096094 0.061719
3 0.296875 0.720313 0.097656 0.065625
3 0.217188 0.784375 0.096094 0.064844
3 0.303125 0.763281 0.097656 0.068750
3 0.228125 0.833594 0.094531 0.072656
3 0.313281 0.808594 0.094531 0.072656
3 0.235937 0.877344 0.091406 0.067187
3 0.327344 0.854688 0.098437 0.069531
3 0.246875 0.921094 0.093750 0.061719
3 0.335156 0.899219 0.101562 0.064844
3 0.347656 0.935937 0.102344 0.060937
3 0.250000 0.958594 0.107813 0.057031
3 0.038281 0.925000 0.076563 0.064844
3 0.033594 0.875000 0.065625 0.060156
3 0.026562 0.831250 0.053125 0.059375
3 0.021875 0.784375 0.042969 0.052344
3 0.017188 0.739062 0.034375 0.051562
3 0.450781 0.032031 0.098437 0.064062
3 0.458594 0.075000 0.092188 0.065625
3 0.471094 0.117969 0.096875 0.063281
3 0.532031 0.388281 0.096875 0.067187
3 0.443750 0.404687 0.094531 0.067187
3 0.534375 0.516406 0.096094 0.071875
3 0.543750 0.432812 0.096875 0.069531
3 0.467187 0.494531 0.096875 0.062500
3 0.557031 0.476562 0.093750 0.065625
3 0.475781 0.538281 0.092969 0.061719
3 0.560937 0.521094 0.101562 0.064844
3 0.486719 0.586719 0.096875 0.062500
3 0.572656 0.562500 0.098437 0.063281
3 0.499219 0.628906 0.085156 0.064062
3 0.582812 0.609375 0.094531 0.067187
3 0.504687 0.672656 0.096875 0.067969
3 0.592187 0.654687 0.093750 0.064062
3 0.517969 0.717187 0.094531 0.068750
3 0.603125 0.698438 0.100781 0.065625
3 0.525000 0.759375 0.095312 0.064844
3 0.613281 0.742969 0.095312 0.070312
3 0.536719 0.809375 0.100000 0.068750
3 0.621875 0.785156 0.094531 0.065625
3 0.547656 0.853125 0.093750 0.073438
3 0.635156 0.832812 0.098437 0.072656
3 0.564063 0.897656 0.088281 0.064062
3 0.646094 0.875781 0.092969 0.062500
3 0.673438 0.029687 0.096875 0.059375
3 0.678125 0.071094 0.104688 0.064062
3 0.771094 0.051562 0.091406 0.065625
3 0.759375 0.017969 0.093750 0.035937
3 0.693750 0.115625 0.097656 0.060156
3 0.778906 0.098437 0.098437 0.068750
3 0.704688 0.162500 0.093750 0.067969
3 0.788281 0.143750 0.096875 0.068750
3 0.714844 0.204687 0.092969 0.058594
3 0.799219 0.185938 0.091406 0.069531
3 0.721875 0.250000 0.100000 0.066406
3 0.811719 0.232031 0.096094 0.065625
3 0.732031 0.292969 0.092969 0.065625
3 0.821094 0.275781 0.098437 0.065625
3 0.743750 0.339844 0.089844 0.067969
3 0.829688 0.318750 0.094531 0.064062
3 0.755469 0.382812 0.083594 0.059375
3 0.837500 0.362500 0.093750 0.067187
3 0.767188 0.429688 0.087500 0.063281
3 0.847656 0.410156 0.110937 0.068750
3 0.774838 0.472143 0.093558 0.063822
3 0.783005 0.517284 0.095005 0.063020
3 0.869313 0.497827 0.090345 0.069659
3 0.862193 0.455642 0.100142 0.067336
3 0.797581 0.560564 0.092964 0.073725
3 0.886864 0.539248 0.100795 0.070984
3 0.805996 0.604901 0.085001 0.059570
3 0.891791 0.585283 0.099486 0.067400
3 0.812763 0.649888 0.091305 0.063985
3 0.902469 0.630403 0.107247 0.069250
3 0.817971 0.695981 0.107194 0.065926
3 0.911496 0.672468 0.106489 0.071047
3 0.833132 0.738445 0.107337 0.065751
3 0.924633 0.720639 0.099130 0.068152
3 0.844016 0.784142 0.105895 0.063667
3 0.937749 0.762140 0.100466 0.070538
3 0.850564 0.826158 0.099109 0.065872
3 0.945749 0.804187 0.091899 0.058938
3 0.872799 0.914539 0.087381 0.059654
3 0.957018 0.900155 0.082213 0.065507
3 0.879489 0.957307 0.089195 0.060365
3 0.958473 0.944634 0.080107 0.065396
3 0.968513 0.042575 0.061346 0.068969
3 0.062039 0.119830 0.092569 0.065841
3 0.150026 0.098719 0.096649 0.072808
3 0.137013 0.054048 0.100397 0.068535
3 0.053002 0.075212 0.097494 0.067463
3 0.125397 0.023993 0.092360 0.047985
3 0.048351 0.029777 0.084805 0.059119
3 0.973941 0.096455 0.050489 0.061780
3 0.979760 0.142084 0.038852 0.059272
2 0.300259 0.979187 0.174349 0.039997
2 0.908314 0.859219 0.163534 0.081820
3 0.051997 0.967616 0.099451 0.062703
3 0.559504 0.937274 0.092949 0.056733
3 0.568050 0.977583 0.100435 0.043204
3 0.649634 0.924132 0.103122 0.070274
3 0.666414 0.966776 0.103069 0.064819
3 0.342094 0.020311 0.088018 0.040621
