1 0.464132 0.563089 0.928264 0.873822
3 0.378906 0.222656 0.056250 0.090625
3 0.332813 0.228906 0.053125 0.089063
3 0.246875 0.243750 0.053125 0.089063
3 0.201563 0.250781 0.059375 0.090625
3 0.156250 0.257812 0.053125 0.089063
3 0.110156 0.265625 0.053125 0.089063
3 0.010156 0.280469 0.020313 0.089063
3 0.467187 0.205469 0.053125 0.089063
3 0.424219 0.213281 0.053125 0.089063
3 0.289844 0.236719 0.053125 0.089063
3 0.595313 0.178906 0.053125 0.089063
3 0.554688 0.191406 0.053125 0.089063
3 0.510938 0.196875 0.053125 0.089063
3 0.260937 0.594531 0.089063 0.059375
3 0.098437 0.942969 0.075000 0.057813
3 0.091406 0.900000 0.073438 0.056250
3 0.084375 0.851562 0.075000 0.056250
3 0.075781 0.808594 0.071875 0.056250
3 0.067969 0.764062 0.068750 0.056250
3 0.060937 0.716406 0.071875 0.056250
3 0.054688 0.673438 0.071875 0.056250
3 0.046875 0.625781 0.071875 0.053125
3 0.039062 0.583594 0.070312 0.056250
3 0.032813 0.535937 0.065625 0.056250
3 0.292969 0.775781 0.089063 0.059375
3 0.284375 0.728906 0.089063 0.059375
3 0.275000 0.685156 0.089063 0.059375
3 0.268750 0.639844 0.089063 0.059375
3 0.315625 0.910937 0.089063 0.059375
3 0.306250 0.865625 0.089063 0.059375
3 0.300000 0.818750 0.089063 0.059375
3 0.400000 0.896875 0.089063 0.059375
3 0.248438 0.500781 0.089063 0.059375
3 0.239844 0.450781 0.090625 0.070312
3 0.253125 0.549219 0.089063 0.059375
3 0.593750 0.721094 0.089063 0.059375
3 0.377344 0.759375 0.089063 0.059375
3 0.385937 0.803906 0.089063 0.059375
3 0.392969 0.850781 0.089063 0.059375
3 0.584375 0.679688 0.089063 0.059375
3 0.600781 0.767969 0.089063 0.059375
3 0.602344 0.816406 0.089063 0.059375
3 0.320312 0.434375 0.089063 0.065625
3 0.329688 0.487500 0.089063 0.059375
3 0.335938 0.536719 0.089063 0.059375
3 0.346094 0.579688 0.089063 0.059375
3 0.353125 0.625781 0.089063 0.059375
3 0.360156 0.669531 0.089063 0.059375
3 0.369531 0.714063 0.089063 0.059375
3 0.027344 0.487500 0.054688 0.059375
3 0.610156 0.864062 0.089063 0.067187
3 0.544531 0.453906 0.089063 0.059375
3 0.553125 0.499219 0.089063 0.059375
3 0.561719 0.540625 0.089063 0.059375
3 0.567969 0.586719 0.089063 0.059375
3 0.576562 0.630469 0.089063 0.059375
3 0.866438 0.746502 0.092382 0.102098
3 0.876416 0.803339 0.089388 0.080411
3 0.869399 0.748949 0.092382 0.102098
3 0.858771 0.689533 0.083659 0.079594
3 0.860802 0.602819 0.083140 0.091388
3 0.877527 0.851365 0.094985 0.083711
2 0.860840 0.645793 0.083537 0.068007
2 0.051700 0.271622 0.080764 0.094697
2 0.641406 0.648438 0.103125 0.460938
2 0.388281 0.936719 0.639062 0.126562
0 0.323437 0.434375 0.090625 0.056250
0 0.412500 0.896875 0.115625 0.060937
0 0.394531 0.850781 0.090625 0.056250
0 0.302344 0.867188 0.090625 0.056250
0 0.110937 0.942969 0.098437 0.064062
0 0.591406 0.718750 0.090625 0.056250
0 0.078125 0.802344 0.078125 0.054688
0 0.074219 0.758594 0.084375 0.054688
0 0.062500 0.711719 0.076563 0.057813
0 0.041406 0.575781 0.076563 0.054688
0 0.035156 0.534375 0.070312 0.053125
0 0.286719 0.728906 0.090625 0.056250
0 0.391406 0.753125 0.090625 0.056250
0 0.290625 0.772656 0.090625 0.056250
0 0.385156 0.801562 0.090625 0.056250
0 0.302344 0.820312 0.090625 0.056250
0 0.255469 0.545312 0.093750 0.056250
0 0.350000 0.578125 0.090625 0.056250
0 0.359375 0.624219 0.090625 0.056250
0 0.372656 0.710156 0.090625 0.056250
0 0.082812 0.801562 0.087500 0.056250
0 0.242969 0.439844 0.079687 0.060937
0 0.250781 0.503125 0.090625 0.054688
0 0.339844 0.531250 0.090625 0.056250
0 0.092188 0.845313 0.090625 0.053125
0 0.600781 0.767188 0.090625 0.056250
0 0.607812 0.810937 0.090625 0.056250
0 0.553125 0.537500 0.090625 0.056250
0 0.554688 0.535156 0.090625 0.056250
0 0.560156 0.582812 0.090625 0.056250
0 0.574219 0.631250 0.090625 0.056250
0 0.585156 0.675781 0.090625 0.056250
0 0.552344 0.488281 0.090625 0.056250
0 0.158594 0.256250 0.056250 0.095312
0 0.516406 0.196875 0.053125 0.092188
0 0.551562 0.179688 0.053125 0.096875
0 0.603125 0.174219 0.051562 0.095312
0 0.879056 0.846265 0.091416 0.072466
0 0.334375 0.485156 0.085938 0.056250
