0 0.749219 0.803906 0.073438 0.042188
0 0.956250 0.805469 0.073438 0.042188
0 0.633594 0.314844 0.079687 0.053125
0 0.732031 0.450000 0.076563 0.046875
0 0.742188 0.766406 0.078125 0.042188
0 0.666406 0.947656 0.070312 0.042188
0 0.443750 0.694531 0.079687 0.043750
0 0.659375 0.901563 0.079687 0.043750
0 0.635156 0.414062 0.084375 0.043750
0 0.746094 0.503906 0.092188 0.043750
0 0.727344 0.089844 0.087500 0.046875
0 0.438281 0.399219 0.085938 0.053125
0 0.726562 0.358594 0.071875 0.040625
0 0.433594 0.443750 0.079687 0.046875
0 0.425781 0.353906 0.078125 0.039062
0 0.423438 0.312500 0.079687 0.051562
0 0.727344 0.401562 0.076563 0.048438
0 0.746875 0.676562 0.076563 0.043750
0 0.947656 0.625781 0.090625 0.046875
0 0.446875 0.737500 0.084375 0.043750
0 0.646094 0.517188 0.095312 0.048438
0 0.443750 0.785156 0.085938 0.050000
0 0.948438 0.503906 0.092188 0.040625
0 0.421094 0.224219 0.092188 0.042188
0 0.633594 0.100000 0.095312 0.050000
0 0.735156 0.267188 0.109375 0.040625
0 0.653125 0.196094 0.114062 0.048438
0 0.955469 0.765625 0.085938 0.042188
0 0.960156 0.857812 0.079687 0.040625
0 0.451562 0.870313 0.089063 0.053125
0 0.641406 0.632031 0.109375 0.043750
0 0.946875 0.724219 0.092188 0.045312
0 0.653906 0.730469 0.090625 0.048438
0 0.654687 0.822656 0.092188 0.053125
0 0.459375 0.914844 0.092188 0.046875
0 0.740625 0.728125 0.092188 0.050000
0 0.460156 0.963281 0.085938 0.043750
0 0.651563 0.686719 0.089063 0.046875
0 0.424219 0.085156 0.104688 0.043750
0 0.616406 0.017969 0.073438 0.035937
0 0.414844 0.016406 0.084375 0.028125
0 0.754687 0.981250 0.082812 0.021875
0 0.650781 0.777344 0.079687 0.043750
0 0.320312 0.539062 0.053125 0.079687
0 0.667969 0.983594 0.084375 0.025000
0 0.459375 0.989062 0.078125 0.021875
0 0.696875 0.014844 0.070312 0.029687
0 0.231250 0.400781 0.087500 0.087500
0 0.964844 0.975000 0.070312 0.018750
0 0.445006 0.830225 0.097986 0.053804
0 0.147810 0.046251 0.084168 0.065107
0 0.158478 0.156775 0.085843 0.076468
0 0.161410 0.205527 0.102239 0.082093
0 0.161725 0.259754 0.082330 0.065964
0 0.169789 0.481211 0.083774 0.073244
0 0.190625 0.625726 0.079854 0.072576
1 0.536033 0.500000 0.927934 1.000000
