1 0.500000 0.500000 1.000000 1.000000
3 0.682566 0.854258 0.099192 0.053287
3 0.685868 0.704407 0.099192 0.053287
3 0.683280 0.753006 0.099192 0.053287
3 0.683816 0.803675 0.099192 0.053287
3 0.585656 0.601086 0.099192 0.053287
3 0.583074 0.649410 0.099192 0.053287
3 0.583920 0.700305 0.099192 0.053287
3 0.582423 0.752470 0.099192 0.053287
3 0.583645 0.800284 0.099192 0.053287
3 0.581507 0.851063 0.099192 0.053287
3 0.587381 0.503048 0.099192 0.053287
3 0.585270 0.250145 0.099192 0.053287
3 0.586510 0.551944 0.099192 0.053287
3 0.686780 0.601702 0.099192 0.053287
3 0.686264 0.652909 0.099193 0.053287
3 0.580703 0.954465 0.099192 0.053287
3 0.680033 0.903370 0.099192 0.053287
3 0.580804 0.902369 0.099192 0.053287
3 0.692542 0.011182 0.098895 0.022363
3 0.591948 0.010053 0.098873 0.020106
3 0.686719 0.305059 0.099192 0.053287
3 0.588254 0.301353 0.099192 0.053287
3 0.688435 0.353214 0.099192 0.053287
3 0.588843 0.350843 0.099192 0.053287
3 0.689276 0.404395 0.099193 0.053287
3 0.587944 0.402328 0.099192 0.053286
3 0.689372 0.454537 0.099192 0.053287
3 0.587854 0.451617 0.099192 0.053286
3 0.689307 0.502458 0.099192 0.053287
3 0.346556 0.698838 0.099192 0.053287
3 0.693602 0.102062 0.099192 0.053287
3 0.594029 0.096532 0.099192 0.053287
3 0.693323 0.151392 0.099192 0.053287
3 0.690110 0.201476 0.099192 0.053287
3 0.686588 0.251935 0.099193 0.053287
3 0.591569 0.148760 0.099192 0.053287
3 0.689483 0.201305 0.099192 0.053287
3 0.587325 0.197415 0.099193 0.053287
3 0.687617 0.554391 0.099192 0.053287
3 0.344123 0.900335 0.099192 0.053287
3 0.244026 0.898084 0.099192 0.053287
3 0.344025 0.850050 0.099192 0.053287
3 0.246656 0.847689 0.099192 0.053287
3 0.346252 0.799610 0.099192 0.053287
3 0.245127 0.797280 0.099192 0.053287
3 0.343861 0.748842 0.099192 0.053287
3 0.248310 0.745904 0.099192 0.053287
3 0.248186 0.695940 0.099192 0.053287
3 0.250782 0.448153 0.099156 0.053287
3 0.347958 0.546094 0.099157 0.053287
3 0.247726 0.645488 0.099192 0.053287
3 0.246204 0.545396 0.099192 0.053287
3 0.347154 0.599197 0.099192 0.053287
3 0.246260 0.596132 0.099192 0.053287
3 0.347200 0.650892 0.099192 0.053287
3 0.341648 0.951401 0.099192 0.053287
3 0.242054 0.948043 0.099192 0.053287
3 0.347364 0.597188 0.099157 0.053287
3 0.350788 0.347609 0.099192 0.053287
3 0.250269 0.344013 0.099192 0.053287
3 0.349742 0.398673 0.099193 0.053287
3 0.249126 0.397199 0.099192 0.053287
3 0.350343 0.448785 0.097784 0.054386
3 0.354080 0.144602 0.099193 0.053287
3 0.251313 0.141269 0.099193 0.053286
3 0.352790 0.194688 0.099192 0.053287
3 0.252117 0.192553 0.099192 0.053287
3 0.353320 0.244714 0.099192 0.053287
3 0.253595 0.241801 0.099192 0.053287
3 0.351338 0.294823 0.099192 0.053287
3 0.253675 0.291750 0.099192 0.053287
3 0.928904 0.458646 0.099193 0.053286
3 0.986575 0.560224 0.026850 0.039737
3 0.921805 0.559567 0.099599 0.044487
3 0.986532 0.605457 0.026936 0.050840
3 0.924344 0.607985 0.099192 0.053287
3 0.922631 0.656476 0.099193 0.053287
3 0.987497 0.657636 0.025006 0.050775
3 0.254803 0.050970 0.098888 0.041063
3 0.354125 0.043648 0.099066 0.051800
3 0.352708 0.093558 0.099192 0.053287
3 0.252894 0.091711 0.099192 0.053287
3 0.926873 0.306802 0.097779 0.053241
3 0.926865 0.355961 0.099189 0.053287
3 0.928914 0.407773 0.099193 0.053287
3 0.985815 0.808599 0.028371 0.050889
3 0.922611 0.809786 0.099192 0.053287
3 0.986618 0.760169 0.026764 0.050834
3 0.921758 0.759638 0.099192 0.053287
3 0.985825 0.708286 0.028350 0.050888
3 0.924128 0.707744 0.099193 0.053287
3 0.906933 0.103856 0.051049 0.051657
3 0.911967 0.153321 0.062088 0.052031
3 0.917047 0.204391 0.073722 0.052425
3 0.922020 0.254533 0.085175 0.052814
3 0.888047 0.012644 0.044440 0.025289
2 0.303528 0.497484 0.169312 0.049113
2 0.945933 0.511850 0.108133 0.050406
3 0.984854 0.856340 0.030292 0.050954
3 0.921160 0.856846 0.099192 0.053287
3 0.345247 0.986280 0.099192 0.027440
3 0.242433 0.984824 0.099193 0.030352
3 0.579272 0.988229 0.101063 0.023543
3 0.678796 0.955574 0.096665 0.055730
3 0.922340 0.907214 0.101175 0.049876
3 0.984966 0.895404 0.030068 0.031758
3 0.032977 0.393078 0.065954 0.049623
3 0.035230 0.342599 0.070460 0.054106
3 0.036562 0.292658 0.073123 0.054138
3 0.037306 0.242985 0.074611 0.054156
3 0.035833 0.188566 0.071666 0.054119
3 0.033117 0.492982 0.066235 0.054054
3 0.033132 0.441197 0.066265 0.054605
3 0.033855 0.543151 0.067710 0.050897
3 0.036126 0.136585 0.072251 0.054128
3 0.034083 0.590670 0.062509 0.050785
3 0.038326 0.641147 0.050427 0.053811
3 0.041820 0.690676 0.036223 0.053171
3 0.046454 0.743230 0.022626 0.050705
0 0.254688 0.899219 0.082812 0.057813
0 0.344531 0.904687 0.092188 0.064062
0 0.245312 0.948438 0.089063 0.060937
0 0.350000 0.953906 0.131250 0.082812
0 0.243750 0.850781 0.095312 0.071875
0 0.235937 0.795312 0.120313 0.084375
0 0.346094 0.799219 0.089063 0.067187
0 0.251563 0.648438 0.095312 0.064062
0 0.353125 0.649219 0.096875 0.064062
0 0.356250 0.594531 0.093750 0.068750
0 0.349219 0.553125 0.103125 0.071875
0 0.241406 0.446094 0.098437 0.076563
0 0.346875 0.451562 0.098437 0.076563
0 0.251563 0.393750 0.093750 0.065625
0 0.348438 0.398438 0.096875 0.073438
0 0.250781 0.347656 0.101562 0.071875
0 0.348438 0.350000 0.096875 0.070312
0 0.260937 0.287500 0.084375 0.062500
0 0.350781 0.296094 0.090625 0.065625
0 0.259375 0.243750 0.095312 0.065625
0 0.355469 0.243750 0.093750 0.071875
0 0.255469 0.139844 0.100000 0.068750
0 0.253125 0.056250 0.098437 0.048438
0 0.035156 0.589844 0.062500 0.057813
0 0.025781 0.540625 0.051562 0.062500
0 0.027344 0.492188 0.054688 0.062500
0 0.030469 0.439063 0.060937 0.065625
0 0.031250 0.345313 0.062500 0.084375
0 0.030469 0.285938 0.060937 0.068750
0 0.032031 0.236719 0.064062 0.057813
0 0.032031 0.182812 0.064062 0.059375
0 0.030469 0.125781 0.060937 0.060937
0 0.579688 0.850781 0.090625 0.067187
0 0.692187 0.757812 0.098437 0.071875
0 0.576562 0.705469 0.098437 0.067187
0 0.679688 0.658594 0.093750 0.067187
0 0.578906 0.653125 0.101562 0.073438
0 0.678125 0.906250 0.100000 0.070312
0 0.673438 0.957031 0.095312 0.053125
0 0.696094 0.603906 0.095312 0.071875
0 0.593750 0.551562 0.085938 0.064062
0 0.685937 0.553906 0.087500 0.065625
0 0.583594 0.506250 0.093750 0.071875
0 0.685156 0.503125 0.096875 0.070312
0 0.579688 0.449219 0.110937 0.060937
0 0.687500 0.450000 0.090625 0.051562
0 0.584375 0.401562 0.089063 0.053125
0 0.682031 0.403125 0.082812 0.048438
0 0.589844 0.351562 0.093750 0.057813
0 0.692187 0.356250 0.093750 0.054688
0 0.583594 0.299219 0.096875 0.057813
0 0.692187 0.303906 0.089063 0.051562
0 0.583594 0.250000 0.087500 0.056250
0 0.689063 0.252344 0.106250 0.057813
0 0.582031 0.203906 0.093750 0.057813
0 0.695312 0.203906 0.112500 0.060937
0 0.579688 0.090625 0.093750 0.053125
0 0.575000 0.014063 0.090625 0.028125
0 0.892969 0.020313 0.039062 0.040625
0 0.916406 0.214062 0.076563 0.064062
0 0.919531 0.259375 0.087500 0.059375
0 0.926562 0.307812 0.092188 0.060937
0 0.929688 0.359375 0.092188 0.062500
0 0.920312 0.408594 0.098437 0.067187
0 0.928125 0.456250 0.095312 0.062500
0 0.985938 0.463281 0.028125 0.054688
0 0.926562 0.560937 0.095312 0.064062
0 0.985938 0.567187 0.028125 0.059375
0 0.926562 0.611719 0.106250 0.071875
0 0.915625 0.660156 0.092188 0.064062
0 0.914062 0.710156 0.106250 0.070312
0 0.982812 0.715625 0.034375 0.078125
0 0.911719 0.760156 0.096875 0.070312
0 0.986719 0.760156 0.026562 0.060937
0 0.922656 0.814844 0.096875 0.073438
0 0.985938 0.813281 0.028125 0.076563
3 0.987937 0.460150 0.024126 0.049341
