1 0.500000 0.498437 1.000000 0.996875
3 0.144141 0.918944 0.056182 0.098185
3 0.098046 0.910342 0.052436 0.098185
3 0.190993 0.925836 0.062677 0.098084
3 0.237171 0.928981 0.054721 0.098359
3 0.284331 0.932503 0.057554 0.098185
3 0.336466 0.935102 0.064514 0.094802
3 0.385486 0.939842 0.053132 0.098185
3 0.432603 0.941628 0.063670 0.088161
3 0.482702 0.945907 0.053133 0.098185
3 0.529540 0.950320 0.058788 0.093113
3 0.578096 0.952499 0.056527 0.090823
3 0.630049 0.951703 0.058048 0.077659
3 0.676840 0.949055 0.056269 0.069920
3 0.724029 0.949146 0.052679 0.055969
0 0.142462 0.921855 0.045101 0.080767
0 0.190433 0.936997 0.047674 0.081480
0 0.284036 0.929510 0.034076 0.089033
0 0.434379 0.950294 0.046292 0.099413
0 0.529508 0.958842 0.040040 0.082317
0 0.674971 0.959396 0.041499 0.047686
0 0.330025 0.948364 0.049023 0.088845
3 0.767692 0.759318 0.097923 0.060826
3 0.771790 0.710657 0.097922 0.060827
3 0.777401 0.662145 0.097922 0.060827
3 0.685575 0.605149 0.097923 0.060827
3 0.682020 0.653356 0.097922 0.060826
3 0.677888 0.702793 0.097922 0.060827
3 0.672976 0.750900 0.097922 0.060827
3 0.787334 0.514997 0.097922 0.060827
3 0.692471 0.506233 0.097922 0.060826
3 0.784717 0.564067 0.097923 0.060827
3 0.780506 0.611960 0.097922 0.060826
3 0.689132 0.555199 0.097922 0.060827
3 0.800354 0.372066 0.097922 0.058249
3 0.702921 0.364172 0.098907 0.056038
3 0.796667 0.419851 0.097922 0.056968
3 0.699391 0.410938 0.099447 0.055459
3 0.790574 0.466929 0.097922 0.056623
3 0.694577 0.457619 0.097897 0.051885
3 0.809357 0.273727 0.099270 0.057878
3 0.712382 0.263448 0.098708 0.054312
3 0.805301 0.323148 0.097923 0.057118
3 0.709147 0.313993 0.097923 0.057738
3 0.821530 0.127827 0.097922 0.058133
3 0.726372 0.118895 0.098534 0.060191
3 0.816900 0.176581 0.100782 0.056641
3 0.721226 0.167499 0.100529 0.055874
3 0.812881 0.224518 0.100269 0.059158
3 0.716203 0.217596 0.094851 0.056979
3 0.829661 0.030777 0.097923 0.059848
3 0.732134 0.024572 0.098094 0.049145
3 0.826471 0.079958 0.094160 0.056734
3 0.730615 0.073137 0.097923 0.055326
3 0.975110 0.729437 0.049781 0.053254
3 0.974491 0.776267 0.051019 0.056094
3 0.980084 0.629700 0.039832 0.056430
3 0.978196 0.679421 0.043608 0.056743
3 0.983637 0.578961 0.032726 0.055840
3 0.985769 0.528077 0.028462 0.047422
3 0.987212 0.484121 0.025577 0.049540
3 0.988286 0.436016 0.022513 0.051527
0 0.728244 0.028222 0.079480 0.046901
3 0.443732 0.732885 0.101930 0.063409
3 0.449212 0.682387 0.103167 0.054351
3 0.453191 0.635064 0.103920 0.058961
3 0.454468 0.587287 0.102289 0.057621
3 0.353755 0.577722 0.104581 0.056789
3 0.350605 0.624825 0.104034 0.059147
3 0.347451 0.674033 0.102559 0.055947
3 0.342763 0.722447 0.101931 0.063409
3 0.358935 0.528646 0.103528 0.058667
3 0.463109 0.487730 0.103527 0.058667
3 0.379653 0.286243 0.103527 0.058667
3 0.476692 0.341613 0.103527 0.058668
3 0.376014 0.335199 0.103527 0.058667
3 0.472053 0.391710 0.103527 0.058667
3 0.371879 0.383387 0.103974 0.058667
3 0.457888 0.537915 0.103527 0.058667
3 0.480306 0.292765 0.102437 0.058694
3 0.383739 0.236406 0.103527 0.058667
3 0.467351 0.439690 0.103528 0.058667
3 0.366758 0.431480 0.103527 0.058667
3 0.362387 0.479173 0.103528 0.058667
3 0.484826 0.244878 0.103527 0.058667
3 0.391264 0.140510 0.101626 0.058668
3 0.387229 0.187966 0.100483 0.055625
3 0.487075 0.197159 0.103121 0.052008
3 0.499279 0.016827 0.101809 0.033655
3 0.492293 0.149164 0.103527 0.058667
2 0.445909 0.072624 0.207457 0.106690
0 0.357465 0.480833 0.077488 0.048404
0 0.456173 0.537357 0.091264 0.040765
0 0.356685 0.579912 0.077266 0.044700
0 0.453542 0.687645 0.084334 0.050138
0 0.340564 0.724098 0.076322 0.046280
0 0.478281 0.294663 0.098998 0.048160
0 0.484623 0.197839 0.101997 0.048858
0 0.493007 0.153014 0.083026 0.046122
3 0.401747 0.014944 0.101103 0.026308
3 0.118197 0.653744 0.099406 0.059971
3 0.171380 0.071578 0.099407 0.056526
3 0.165280 0.119277 0.099407 0.059972
3 0.160906 0.166822 0.099407 0.059972
3 0.156781 0.216475 0.099407 0.059971
3 0.153471 0.265408 0.099406 0.059971
3 0.136717 0.457705 0.099407 0.059972
3 0.132204 0.507716 0.099406 0.059971
3 0.115157 0.703348 0.099407 0.059971
3 0.123518 0.602934 0.099407 0.059972
3 0.148812 0.314830 0.096920 0.054243
3 0.144389 0.360326 0.099407 0.059972
3 0.140802 0.408263 0.099407 0.059972
3 0.064166 0.159060 0.099407 0.059972
3 0.059111 0.207254 0.099407 0.059971
3 0.056733 0.257211 0.099407 0.059972
3 0.052163 0.305801 0.099407 0.059972
3 0.048855 0.352994 0.097711 0.059972
3 0.075280 0.068269 0.098395 0.040813
3 0.069769 0.106506 0.099407 0.059972
3 0.044605 0.451552 0.089211 0.059184
3 0.045929 0.400891 0.091858 0.059465
3 0.042559 0.501028 0.085119 0.054491
3 0.040154 0.546540 0.080307 0.056449
3 0.040686 0.595821 0.072913 0.061536
3 0.042267 0.646691 0.061116 0.056821
3 0.043971 0.697837 0.050047 0.056110
0 0.107151 0.709119 0.086497 0.046802
3 0.129492 0.556234 0.099407 0.059971
0 0.125464 0.556988 0.076348 0.040127
0 0.152680 0.319104 0.112543 0.046217
0 0.152186 0.219433 0.079306 0.045269
0 0.159485 0.119684 0.087044 0.051166
0 0.031674 0.549695 0.063348 0.043382
