1 0.534757 0.500000 0.930486 1.000000
3 0.764844 0.492188 0.064062 0.095312
3 0.800000 0.392188 0.064062 0.095312
3 0.850781 0.382812 0.064062 0.095312
3 0.897656 0.375000 0.064062 0.095312
3 0.950000 0.365625 0.064062 0.095312
3 0.860156 0.473438 0.064062 0.095312
3 0.814063 0.479687 0.064062 0.095312
3 0.911719 0.465625 0.064062 0.095312
3 0.960938 0.456250 0.064062 0.095312
3 0.653125 0.415625 0.064062 0.095312
3 0.664062 0.507031 0.064062 0.095312
3 0.701562 0.407813 0.064062 0.095312
3 0.714844 0.498437 0.064062 0.095312
3 0.750000 0.400000 0.064062 0.095312
3 0.517969 0.530469 0.064062 0.095312
3 0.552344 0.431250 0.064062 0.095312
3 0.564844 0.521094 0.064062 0.095312
3 0.600781 0.424219 0.064062 0.095312
3 0.613281 0.515625 0.064062 0.095312
3 0.454688 0.447656 0.064062 0.095312
3 0.418750 0.546875 0.064062 0.095312
3 0.465625 0.539062 0.064062 0.095312
3 0.502344 0.439844 0.064062 0.095312
3 0.403906 0.453906 0.064062 0.095312
3 0.948438 0.709375 0.064062 0.095312
3 0.959375 0.796094 0.064062 0.095312
3 0.982812 0.697656 0.034375 0.095312
3 0.989844 0.788281 0.020313 0.095312
3 0.849219 0.722656 0.064062 0.095312
3 0.763281 0.828906 0.064062 0.095312
3 0.814063 0.821875 0.064062 0.095312
3 0.863281 0.814063 0.064062 0.095312
3 0.801562 0.731250 0.064062 0.095312
3 0.909375 0.804688 0.064062 0.095312
3 0.603125 0.762500 0.064062 0.095312
3 0.702344 0.746094 0.064062 0.095312
3 0.716406 0.835156 0.064062 0.095312
3 0.651563 0.753906 0.064062 0.095312
3 0.664062 0.845313 0.064062 0.095312
3 0.617188 0.853906 0.064062 0.095312
3 0.750781 0.740625 0.064062 0.095312
3 0.518750 0.870313 0.064062 0.095312
3 0.567187 0.860938 0.064062 0.095312
3 0.553906 0.768750 0.064062 0.095312
3 0.455469 0.787500 0.064062 0.095312
3 0.466406 0.879687 0.064062 0.095312
3 0.506250 0.778906 0.064062 0.095312
3 0.515625 0.089844 0.065625 0.103125
3 0.531250 0.186719 0.065625 0.103125
3 0.461719 0.099219 0.065625 0.103125
3 0.410938 0.106250 0.065625 0.103125
3 0.358594 0.114062 0.065625 0.103125
3 0.371875 0.210938 0.065625 0.103125
3 0.423438 0.203125 0.065625 0.103125
3 0.477344 0.194531 0.065625 0.103125
3 0.260937 0.979688 0.093750 0.040625
3 0.232031 0.788281 0.093750 0.062500
3 0.256250 0.937500 0.093750 0.062500
3 0.249219 0.889062 0.093750 0.062500
3 0.240625 0.838281 0.093750 0.062500
3 0.203906 0.615625 0.093750 0.062500
3 0.195312 0.564844 0.093750 0.062500
3 0.187500 0.514062 0.093750 0.062500
3 0.179688 0.467187 0.093750 0.062500
3 0.172656 0.417187 0.093750 0.062500
0 0.167969 0.375000 0.109375 0.064062
3 0.165625 0.368750 0.096875 0.057813
3 0.159375 0.323437 0.093750 0.062500
3 0.153125 0.274219 0.093750 0.062500
3 0.144531 0.225781 0.093750 0.062500
3 0.135937 0.175000 0.093750 0.062500
3 0.129688 0.129688 0.093750 0.062500
3 0.121094 0.080469 0.093750 0.062500
2 0.216406 0.701562 0.107813 0.131250
0 0.968750 0.805469 0.060937 0.096875
0 0.952344 0.707812 0.059375 0.096875
0 0.986719 0.696875 0.026562 0.096875
0 0.866406 0.821094 0.059375 0.096875
0 0.797656 0.718750 0.067187 0.115625
0 0.728125 0.821094 0.068750 0.134375
0 0.625000 0.853906 0.065625 0.109375
0 0.603125 0.754687 0.059375 0.096875
0 0.475781 0.884375 0.060937 0.098437
0 0.604688 0.750781 0.065625 0.106250
0 0.525781 0.876563 0.059375 0.089063
0 0.903125 0.717969 0.059375 0.096875
0 0.504687 0.785156 0.056250 0.087500
0 0.957812 0.367188 0.060937 0.098437
0 0.902344 0.376563 0.065625 0.109375
0 0.800781 0.394531 0.056250 0.093750
0 0.650000 0.414062 0.060937 0.096875
0 0.600781 0.422656 0.059375 0.096875
0 0.558594 0.420312 0.054688 0.089063
0 0.507812 0.437500 0.064062 0.096875
0 0.453906 0.435156 0.056250 0.090625
0 0.408594 0.457031 0.060937 0.100000
0 0.482812 0.190625 0.070312 0.103125
0 0.164062 0.422656 0.100000 0.057813
0 0.129688 0.130469 0.101562 0.054688
0 0.196094 0.516406 0.137500 0.075000
2 0.433594 0.839063 0.040625 0.181250
2 0.380469 0.503125 0.040625 0.179688
2 0.329688 0.165625 0.037500 0.178125
