1 0.500000 0.437198 1.000000 0.874396
3 0.501563 0.193750 0.092188 0.062500
3 0.597656 0.163281 0.092188 0.062500
3 0.607031 0.115625 0.092188 0.062500
3 0.615625 0.071875 0.092188 0.062500
3 0.625000 0.030469 0.089063 0.046875
3 0.521094 0.103906 0.092188 0.062500
3 0.514844 0.146875 0.092188 0.062500
3 0.531250 0.056250 0.092188 0.062500
3 0.538281 0.019531 0.089063 0.039062
3 0.570312 0.302344 0.092188 0.062500
3 0.483594 0.288281 0.092188 0.062500
3 0.578125 0.256250 0.092188 0.062500
3 0.493750 0.239844 0.092188 0.062500
3 0.587500 0.210938 0.092188 0.062500
3 0.457031 0.425781 0.092188 0.062500
3 0.551562 0.395313 0.092188 0.062500
3 0.466406 0.381250 0.092188 0.062500
3 0.560156 0.350000 0.092188 0.062500
3 0.474219 0.335938 0.092188 0.062500
3 0.533594 0.488281 0.092188 0.062500
3 0.438281 0.517969 0.092188 0.062500
3 0.446875 0.474219 0.092188 0.062500
3 0.542188 0.442969 0.092188 0.062500
3 0.525781 0.535156 0.092188 0.062500
3 0.300781 0.021875 0.092188 0.043750
3 0.221094 0.014844 0.092188 0.029687
3 0.285938 0.105469 0.092188 0.062500
3 0.182812 0.183594 0.092188 0.062500
3 0.191406 0.135937 0.092188 0.062500
3 0.200000 0.089844 0.092188 0.062500
3 0.275781 0.150781 0.092188 0.062500
3 0.210938 0.046094 0.092188 0.062500
3 0.239844 0.337500 0.092188 0.062500
3 0.259375 0.244531 0.092188 0.062500
3 0.175781 0.228125 0.092188 0.062500
3 0.250000 0.291406 0.092188 0.062500
3 0.164062 0.277344 0.092188 0.062500
3 0.154688 0.320312 0.092188 0.062500
3 0.265625 0.198437 0.092188 0.062500
3 0.135937 0.413281 0.092188 0.062500
3 0.146094 0.367188 0.092188 0.062500
3 0.232031 0.384375 0.092188 0.062500
3 0.210938 0.475781 0.092188 0.062500
3 0.125000 0.462500 0.092188 0.062500
3 0.221875 0.428125 0.092188 0.062500
3 0.872656 0.442188 0.098437 0.065625
3 0.782031 0.424219 0.098437 0.065625
3 0.862500 0.492188 0.098437 0.065625
3 0.853906 0.540625 0.098437 0.065625
3 0.845313 0.589844 0.098437 0.065625
3 0.753906 0.574219 0.098437 0.065625
3 0.763281 0.525000 0.098437 0.065625
3 0.773438 0.474219 0.098437 0.065625
3 0.022656 0.652344 0.045312 0.092188
3 0.203906 0.687500 0.062500 0.092188
3 0.063281 0.659375 0.062500 0.092188
3 0.108594 0.667188 0.062500 0.092188
3 0.157031 0.677344 0.062500 0.092188
3 0.365625 0.718750 0.062500 0.092188
3 0.414062 0.728906 0.062500 0.092188
3 0.461719 0.738281 0.062500 0.092188
3 0.506250 0.746875 0.062500 0.092188
3 0.552344 0.755469 0.062500 0.092188
0 0.592969 0.761719 0.062500 0.103125
3 0.597656 0.763281 0.057813 0.090625
3 0.639844 0.771094 0.062500 0.092188
3 0.686719 0.778125 0.062500 0.092188
3 0.732812 0.788281 0.062500 0.092188
3 0.780469 0.797656 0.062500 0.092188
3 0.822656 0.805469 0.062500 0.092188
3 0.868750 0.814844 0.062500 0.092188
3 0.911719 0.821875 0.062500 0.092188
3 0.941406 0.826562 0.025000 0.081250
2 0.285156 0.704688 0.126562 0.106250
0 0.211719 0.010156 0.092188 0.020313
0 0.303906 0.019531 0.092188 0.039062
0 0.193750 0.085938 0.092188 0.059375
0 0.288281 0.154688 0.110937 0.065625
0 0.189062 0.217188 0.126562 0.068750
0 0.154688 0.314063 0.104688 0.064062
0 0.247656 0.337500 0.092188 0.059375
0 0.120313 0.453125 0.093750 0.059375
0 0.251563 0.335938 0.103125 0.065625
0 0.129688 0.406250 0.084375 0.057813
0 0.292187 0.055469 0.092188 0.059375
0 0.216406 0.428906 0.084375 0.056250
0 0.623437 0.025781 0.090625 0.037500
0 0.615625 0.067187 0.104688 0.064062
0 0.594531 0.162500 0.089063 0.056250
0 0.571875 0.303906 0.093750 0.059375
0 0.561719 0.350781 0.092188 0.059375
0 0.562500 0.390625 0.084375 0.054688
0 0.545312 0.439063 0.093750 0.062500
0 0.545312 0.489063 0.087500 0.054688
0 0.523438 0.531250 0.095312 0.059375
0 0.777344 0.470313 0.098437 0.068750
0 0.546875 0.763281 0.057813 0.096875
0 0.821875 0.805469 0.054688 0.096875
0 0.459375 0.729688 0.075000 0.132812
2 0.162500 0.495312 0.171875 0.045312
2 0.478125 0.556250 0.168750 0.043750
2 0.796094 0.614844 0.165625 0.040625
