0 0.809375 0.507031 0.076563 0.043750
0 0.737500 0.240625 0.087500 0.039062
0 0.624219 0.168750 0.080469 0.034375
0 0.136719 0.804688 0.082031 0.034375
0 0.056250 0.391406 0.072656 0.036719
0 0.829688 0.596875 0.078906 0.042969
0 0.792188 0.464062 0.070312 0.048438
0 0.739844 0.666406 0.084375 0.039844
0 0.728906 0.195312 0.081250 0.036719
0 0.714063 0.571094 0.082812 0.040625
0 0.012500 0.126562 0.025000 0.042188
0 0.642188 0.256250 0.074219 0.035156
0 0.676562 0.389844 0.077344 0.035156
0 0.148438 0.885938 0.082812 0.042188
0 0.869531 0.718750 0.082031 0.036719
0 0.255469 0.833594 0.075000 0.046875
0 0.706250 0.053906 0.108594 0.039844
0 0.785156 0.367969 0.078906 0.034375
0 0.789844 0.414844 0.098437 0.047656
0 0.678125 0.438281 0.095312 0.031250
0 0.690625 0.484375 0.094531 0.035156
0 0.713281 0.517188 0.088281 0.032031
0 0.070312 0.930469 0.048438 0.063281
0 0.067664 0.062873 0.089429 0.054973
0 0.064944 0.021925 0.086766 0.043851
0 0.108944 0.192225 0.095809 0.063414
0 0.029229 0.264095 0.058458 0.059233
0 0.036379 0.303992 0.070745 0.058600
0 0.116022 0.287801 0.085129 0.060994
0 0.063845 0.437338 0.086233 0.062026
0 0.066663 0.485606 0.092211 0.063706
0 0.080465 0.528568 0.086234 0.062026
0 0.097922 0.572232 0.086234 0.062027
0 0.106658 0.619038 0.086234 0.062026
0 0.111699 0.665325 0.086234 0.062026
0 0.125192 0.709974 0.086234 0.062027
0 0.223892 0.682906 0.105765 0.063891
0 0.206153 0.642539 0.089533 0.059386
0 0.192413 0.595616 0.089533 0.059386
0 0.186748 0.548362 0.089533 0.059386
0 0.171592 0.504099 0.089533 0.059386
0 0.158244 0.464456 0.089533 0.059387
0 0.148287 0.421671 0.089533 0.059387
0 0.142946 0.374717 0.089533 0.059386
0 0.140162 0.329377 0.089533 0.059387
0 0.461400 0.824744 0.080674 0.054001
0 0.555180 0.796728 0.080673 0.054001
0 0.509500 0.620704 0.080673 0.054002
0 0.422958 0.638338 0.080674 0.054001
0 0.507474 0.570484 0.099867 0.059393
0 0.412902 0.597904 0.080673 0.054002
0 0.497643 0.526296 0.080674 0.054001
0 0.402198 0.554770 0.080674 0.054001
0 0.473774 0.486530 0.080673 0.054001
0 0.393176 0.506673 0.080674 0.054002
0 0.477166 0.440367 0.080673 0.054002
0 0.385346 0.458888 0.080673 0.054002
0 0.465356 0.400211 0.080673 0.054001
0 0.377776 0.415186 0.080673 0.054002
0 0.441046 0.304551 0.080674 0.054002
0 0.351775 0.325251 0.080674 0.054001
0 0.341878 0.282379 0.080673 0.054002
0 0.326555 0.240457 0.075808 0.048896
0 0.313668 0.195088 0.075808 0.048896
0 0.412421 0.170332 0.094950 0.055234
0 0.313672 0.148156 0.075808 0.048896
0 0.405443 0.127889 0.075808 0.048896
0 0.393101 0.083905 0.075808 0.048896
0 0.302960 0.098163 0.075809 0.048896
0 0.724185 0.964849 0.092507 0.056002
1 0.481250 0.499219 0.957812 0.998437
