1 0.453399 0.564835 0.906799 0.870330
3 0.799219 0.541406 0.089063 0.051562
3 0.803906 0.586719 0.087500 0.050000
3 0.811719 0.672656 0.087500 0.050000
3 0.816406 0.717969 0.089063 0.053125
3 0.821094 0.763281 0.089063 0.050000
3 0.825781 0.809375 0.087500 0.050000
3 0.840625 0.923438 0.089063 0.050000
3 0.842187 0.956250 0.084375 0.028125
3 0.792969 0.452344 0.087500 0.050000
3 0.795312 0.494531 0.087500 0.050000
3 0.807031 0.629687 0.087500 0.050000
3 0.784375 0.322656 0.087500 0.050000
3 0.782813 0.364844 0.087500 0.050000
3 0.789062 0.408594 0.087500 0.050000
3 0.471875 0.748437 0.054688 0.085938
3 0.180469 0.978906 0.054688 0.042188
3 0.224219 0.976562 0.054688 0.046875
3 0.271875 0.974219 0.053125 0.051562
3 0.316406 0.973437 0.054688 0.053125
3 0.360938 0.971094 0.053125 0.057813
3 0.407031 0.968750 0.054688 0.062500
3 0.450000 0.965625 0.053125 0.068750
3 0.498437 0.963281 0.050000 0.073438
3 0.539844 0.961719 0.054688 0.076563
3 0.587500 0.957812 0.053125 0.076563
3 0.291406 0.764844 0.054688 0.085938
3 0.339062 0.760156 0.054688 0.085938
3 0.382812 0.759375 0.054688 0.085938
3 0.426563 0.753125 0.054688 0.085938
3 0.156250 0.778125 0.054688 0.087500
3 0.202344 0.775000 0.054688 0.085938
3 0.248438 0.769531 0.054688 0.085938
3 0.148438 0.693750 0.054688 0.087500
3 0.565625 0.737500 0.054688 0.085938
3 0.615625 0.732031 0.065625 0.087500
3 0.518750 0.744531 0.054688 0.085938
3 0.267188 0.464062 0.054688 0.085938
3 0.285938 0.680469 0.054688 0.085938
3 0.240625 0.683594 0.054688 0.085938
3 0.193750 0.688281 0.054688 0.085938
3 0.308594 0.461719 0.054688 0.085938
3 0.219531 0.467969 0.054688 0.085938
3 0.172656 0.479687 0.054688 0.085938
3 0.610938 0.651563 0.060937 0.085938
3 0.557813 0.656250 0.054688 0.085938
3 0.509375 0.662500 0.054688 0.085938
3 0.465625 0.664844 0.054688 0.085938
3 0.419531 0.669531 0.054688 0.085938
3 0.375781 0.674219 0.054688 0.085938
3 0.331250 0.676562 0.054688 0.085938
3 0.637500 0.954688 0.056250 0.071875
3 0.125781 0.485156 0.060937 0.084375
3 0.535156 0.442188 0.054688 0.085938
3 0.489844 0.445312 0.054688 0.085938
3 0.447656 0.448437 0.054688 0.085938
3 0.401562 0.453906 0.054688 0.085938
3 0.357812 0.457031 0.054688 0.085938
3 0.172487 0.206260 0.121312 0.080218
3 0.115575 0.212483 0.099805 0.079249
3 0.169389 0.204054 0.121312 0.080219
3 0.228933 0.201106 0.097556 0.073317
3 0.311340 0.177877 0.108701 0.080219
3 0.069361 0.225403 0.099352 0.093153
2 0.270233 0.190687 0.086443 0.077934
2 0.834261 0.866985 0.093478 0.077387
2 0.323437 0.399219 0.459375 0.079687
2 0.082031 0.702344 0.154688 0.595313
0 0.610156 0.648438 0.051562 0.087500
0 0.145313 0.682031 0.054688 0.114062
0 0.194531 0.687500 0.051562 0.087500
0 0.200781 0.778906 0.051562 0.087500
0 0.178125 0.967187 0.059375 0.065625
0 0.270313 0.465625 0.051562 0.087500
0 0.321094 0.969531 0.051562 0.060937
0 0.361719 0.964844 0.051562 0.070312
0 0.412500 0.965625 0.053125 0.068750
0 0.546875 0.958594 0.051562 0.082812
0 0.588281 0.956250 0.051562 0.078125
0 0.337500 0.760156 0.051562 0.087500
0 0.289062 0.664844 0.051562 0.087500
0 0.294531 0.766406 0.051562 0.087500
0 0.242969 0.683594 0.051562 0.087500
0 0.246875 0.767969 0.051562 0.087500
0 0.521875 0.742188 0.053125 0.092188
0 0.465625 0.660156 0.051562 0.087500
0 0.419531 0.663281 0.051562 0.087500
0 0.334375 0.671875 0.051562 0.087500
0 0.320312 0.965625 0.053125 0.068750
0 0.625781 0.727344 0.057813 0.076563
0 0.563281 0.735156 0.050000 0.089063
0 0.513281 0.657813 0.051562 0.089063
0 0.275000 0.965625 0.050000 0.068750
0 0.221094 0.468750 0.051562 0.087500
0 0.176563 0.473438 0.051562 0.087500
0 0.453125 0.455469 0.051562 0.087500
0 0.454688 0.453906 0.051562 0.087500
0 0.407031 0.460156 0.051562 0.087500
0 0.357812 0.459375 0.051562 0.087500
0 0.312500 0.460156 0.051562 0.087500
0 0.500000 0.443750 0.051562 0.087500
0 0.849219 0.954688 0.087500 0.031250
0 0.823438 0.760938 0.092188 0.051562
0 0.787500 0.403906 0.089063 0.050000
0 0.795312 0.365625 0.093750 0.046875
0 0.786719 0.314063 0.093750 0.046875
0 0.073273 0.222072 0.085980 0.088095
0 0.559375 0.650781 0.051562 0.082812
