0 0.486719 0.827344 0.100000 0.046875
0 0.721094 0.264062 0.085938 0.050000
0 0.807813 0.252344 0.081250 0.054688
0 0.438281 0.413281 0.096875 0.060937
0 0.730469 0.412500 0.100000 0.056250
0 0.792188 0.108594 0.084375 0.054688
0 0.825000 0.350000 0.090625 0.057813
0 0.803906 0.832031 0.110937 0.064062
0 0.514062 0.347656 0.071875 0.048438
0 0.978906 0.041406 0.042188 0.020313
0 0.737500 0.363281 0.087500 0.051562
0 0.485156 0.161719 0.089063 0.059375
0 0.685156 0.075000 0.087500 0.056250
0 0.525000 0.535156 0.078125 0.048438
0 0.836719 0.396094 0.087500 0.057813
0 0.460156 0.068750 0.085938 0.056250
0 0.354687 0.005469 0.081250 0.010937
0 0.103125 0.506250 0.093750 0.057813
0 0.469531 0.735938 0.100000 0.060937
0 0.996094 0.263281 0.007812 0.042188
0 0.391406 0.171875 0.084375 0.056250
0 0.055469 0.032031 0.051562 0.050000
0 0.079687 0.276562 0.125000 0.067187
0 0.370312 0.077344 0.089063 0.059375
0 0.051562 0.006250 0.037500 0.012500
0 0.781250 0.548438 0.081250 0.046875
0 0.860938 0.488281 0.068750 0.046875
0 0.793750 0.643750 0.115625 0.073438
0 0.810156 0.741406 0.114062 0.073438
0 0.463281 0.696875 0.093750 0.059375
0 0.223438 0.592969 0.087500 0.062500
0 0.617969 0.988281 0.082812 0.023438
0 0.434375 0.464844 0.084375 0.059375
0 0.693750 0.126562 0.096875 0.059375
0 0.826562 0.300000 0.100000 0.062500
0 0.710938 0.221875 0.100000 0.065625
0 0.492188 0.205469 0.089063 0.073438
0 0.087500 0.365625 0.107813 0.070312
0 0.391406 0.278906 0.101562 0.071875
0 0.371094 0.125781 0.100000 0.065625
0 0.682031 0.038281 0.093750 0.059375
0 0.179688 0.301563 0.096875 0.062500
0 0.068750 0.128125 0.092188 0.075000
0 0.459375 0.005469 0.112500 0.010937
0 0.082031 0.322656 0.115625 0.068750
0 0.160938 0.166406 0.110937 0.070312
0 0.460938 0.027344 0.090625 0.054688
0 0.181250 0.256250 0.110937 0.073438
0 0.370312 0.035156 0.100000 0.065625
0 0.139844 0.117188 0.075000 0.042188
0 0.126562 0.023438 0.084375 0.046875
3 0.907031 0.862500 0.101562 0.071875
3 0.903125 0.811719 0.107813 0.075000
3 0.896094 0.764062 0.107813 0.075000
3 0.885938 0.717187 0.107813 0.073438
3 0.877344 0.671875 0.107813 0.076563
3 0.872656 0.625000 0.107813 0.075000
3 0.865625 0.578906 0.107813 0.073438
3 0.857812 0.528906 0.107813 0.081250
3 0.592969 0.911719 0.104688 0.076563
3 0.597656 0.958594 0.095312 0.071875
3 0.585938 0.866406 0.109375 0.079687
3 0.483594 0.830469 0.107813 0.075000
3 0.575781 0.815625 0.107813 0.078125
3 0.567187 0.771094 0.104688 0.075000
3 0.478906 0.784375 0.104688 0.075000
3 0.467187 0.735938 0.104688 0.073438
3 0.565625 0.721094 0.114062 0.076563
3 0.555469 0.677344 0.115625 0.082812
3 0.546094 0.627344 0.103125 0.078125
3 0.454688 0.642969 0.101562 0.071875
3 0.463281 0.692969 0.104688 0.081250
1 0.500000 0.500000 1.000000 1.000000
3 0.816406 0.878125 0.114062 0.081250
3 0.807813 0.830469 0.110937 0.079687
3 0.803906 0.781250 0.110937 0.081250
3 0.795312 0.732812 0.106250 0.075000
3 0.788281 0.685937 0.107813 0.075000
3 0.779687 0.635938 0.106250 0.071875
3 0.769531 0.592969 0.112500 0.079687
3 0.761719 0.546875 0.106250 0.075000
3 0.755469 0.500000 0.109375 0.079687
3 0.849219 0.482812 0.106250 0.075000
3 0.839063 0.434375 0.104688 0.076563
3 0.746094 0.451562 0.112500 0.090625
3 0.832031 0.390625 0.093750 0.068750
3 0.739062 0.406250 0.114062 0.073438
3 0.820312 0.351562 0.098437 0.067187
3 0.732812 0.360156 0.104688 0.073438
3 0.819531 0.300000 0.104688 0.073438
3 0.725000 0.310156 0.101562 0.081250
3 0.810937 0.248438 0.104688 0.070312
3 0.715625 0.264844 0.106250 0.075000
3 0.803125 0.203906 0.104688 0.075000
3 0.711719 0.219531 0.107813 0.078125
3 0.795312 0.151562 0.103125 0.081250
3 0.704688 0.171094 0.103125 0.081250
3 0.789844 0.105469 0.101562 0.076563
3 0.692969 0.122656 0.107813 0.078125
3 0.782031 0.060156 0.101562 0.071875
3 0.688281 0.076563 0.110937 0.075000
3 0.678906 0.040625 0.109375 0.065625
3 0.781250 0.034375 0.114062 0.039062
3 0.978125 0.071094 0.043750 0.073438
3 0.982031 0.122656 0.035937 0.067187
3 0.987500 0.169531 0.025000 0.064062
3 0.991406 0.217969 0.017188 0.057813
3 0.994531 0.265625 0.010937 0.056250
3 0.503125 0.966406 0.109375 0.067187
3 0.500000 0.925781 0.101562 0.075000
3 0.489844 0.879687 0.106250 0.071875
3 0.445312 0.593750 0.104688 0.076563
3 0.539062 0.582812 0.103125 0.076563
3 0.453125 0.460156 0.104688 0.081250
3 0.438281 0.546875 0.106250 0.078125
3 0.521875 0.487500 0.104688 0.071875
3 0.427344 0.499219 0.103125 0.075000
3 0.515625 0.441406 0.101562 0.070312
3 0.425781 0.452344 0.110937 0.076563
3 0.507812 0.389844 0.104688 0.071875
3 0.416406 0.408594 0.107813 0.073438
3 0.498437 0.345313 0.092188 0.073438
3 0.409375 0.359375 0.104688 0.075000
3 0.496094 0.299219 0.106250 0.078125
3 0.403125 0.311719 0.101562 0.073438
3 0.485156 0.251563 0.103125 0.078125
3 0.394531 0.265625 0.109375 0.076563
3 0.480469 0.207031 0.104688 0.073438
3 0.387500 0.217969 0.104688 0.079687
3 0.471875 0.154688 0.109375 0.079687
3 0.381250 0.173437 0.103125 0.075000
3 0.464062 0.108594 0.103125 0.082812
3 0.370312 0.122656 0.107813 0.081250
3 0.450000 0.060156 0.096875 0.073438
3 0.362500 0.076563 0.101562 0.071875
3 0.274219 0.955469 0.103125 0.065625
3 0.270313 0.914062 0.114062 0.075000
3 0.173437 0.926562 0.100000 0.075000
3 0.182812 0.961719 0.098437 0.040625
3 0.258594 0.866406 0.106250 0.068750
3 0.167187 0.877344 0.107813 0.078125
3 0.250000 0.817187 0.101562 0.076563
3 0.161719 0.829688 0.104688 0.078125
3 0.242969 0.771094 0.101562 0.067187
3 0.153125 0.784375 0.100000 0.078125
3 0.238281 0.723437 0.109375 0.076563
3 0.143750 0.735938 0.104688 0.075000
3 0.230469 0.678125 0.101562 0.075000
3 0.137500 0.689844 0.107813 0.075000
3 0.222656 0.628906 0.098437 0.078125
3 0.131250 0.644531 0.104688 0.071875
3 0.213281 0.583594 0.092188 0.068750
3 0.125781 0.597656 0.103125 0.076563
3 0.203906 0.533594 0.095312 0.071875
3 0.118750 0.548438 0.120313 0.079687
3 0.199482 0.488713 0.095618 0.060716
3 0.194185 0.440869 0.096865 0.060005
3 0.102825 0.454879 0.092028 0.067310
3 0.107096 0.499387 0.102437 0.064460
3 0.182206 0.394483 0.094527 0.072066
3 0.087560 0.410914 0.103290 0.068691
3 0.176784 0.347864 0.086768 0.056944
3 0.086021 0.362100 0.102235 0.064174
3 0.172428 0.300657 0.093520 0.061517
3 0.078066 0.314537 0.110607 0.065728
3 0.170429 0.252207 0.109913 0.062491
3 0.071771 0.269775 0.109480 0.067848
3 0.158413 0.206981 0.109863 0.062737
3 0.064682 0.218833 0.095050 0.065409
3 0.150054 0.158436 0.108594 0.060652
3 0.060880 0.173766 0.083186 0.065899
3 0.146137 0.113745 0.101522 0.063077
3 0.057813 0.128939 0.069903 0.053348
3 0.130083 0.024484 0.089847 0.048968
3 0.056454 0.026899 0.052947 0.053798
3 0.916131 0.907462 0.094653 0.063526
3 0.822961 0.922947 0.099005 0.070156
3 0.833418 0.968670 0.102238 0.062660
3 0.920854 0.954703 0.096578 0.065699
3 0.839684 0.990050 0.088775 0.019899
3 0.922601 0.986946 0.083873 0.026109
2 0.099621 0.074840 0.147359 0.073447
3 0.973106 0.042705 0.053787 0.025447
3 0.457536 0.023158 0.094385 0.046316
3 0.362572 0.030128 0.104831 0.060257
3 0.342389 0.006087 0.077627 0.012175
3 0.613913 0.985715 0.084362 0.028570
