1 0.500000 0.500000 1.000000 1.000000
3 0.058251 0.735615 0.056897 0.089878
3 0.189360 0.840300 0.056897 0.089878
3 0.199833 0.752807 0.056897 0.089879
3 0.143039 0.832406 0.056898 0.089879
3 0.152427 0.745496 0.056898 0.089878
3 0.097694 0.826240 0.056897 0.089878
3 0.049311 0.821588 0.056897 0.089878
3 0.332226 0.854635 0.056897 0.089878
3 0.293749 0.763437 0.056897 0.089878
3 0.283695 0.850856 0.056897 0.089878
3 0.248083 0.757277 0.056898 0.089878
3 0.238168 0.845251 0.056897 0.089878
3 0.105697 0.741434 0.056897 0.089878
3 0.523844 0.874764 0.056898 0.089878
3 0.474107 0.870634 0.056897 0.089878
3 0.483003 0.784116 0.056897 0.089878
3 0.014851 0.818184 0.029703 0.087923
3 0.020820 0.731166 0.041640 0.089270
3 0.340188 0.768335 0.056897 0.089878
3 0.672928 0.804899 0.056898 0.089878
3 0.663100 0.891555 0.056897 0.089878
3 0.625328 0.800284 0.056898 0.089879
3 0.618353 0.884731 0.056897 0.089878
3 0.581483 0.793117 0.056897 0.089878
3 0.570522 0.882269 0.056898 0.089878
3 0.533107 0.790271 0.056897 0.089879
3 0.817080 0.821866 0.056898 0.089878
3 0.807703 0.907872 0.056897 0.089878
3 0.769336 0.815786 0.056897 0.089878
3 0.760641 0.900879 0.056897 0.089879
3 0.722779 0.811634 0.056897 0.089878
3 0.713666 0.895564 0.056897 0.089878
3 0.951792 0.835748 0.039911 0.088258
3 0.943525 0.922741 0.038182 0.088107
3 0.912548 0.831918 0.056897 0.089878
3 0.902500 0.917673 0.056897 0.089879
3 0.866401 0.827174 0.056897 0.089879
3 0.857638 0.912744 0.056897 0.089878
3 0.184370 0.429481 0.056897 0.089878
3 0.177488 0.514647 0.056897 0.089878
3 0.136480 0.422006 0.056898 0.089878
3 0.128674 0.508531 0.056897 0.089878
3 0.089792 0.418033 0.056897 0.089878
3 0.082421 0.503417 0.056897 0.089879
3 0.042549 0.411150 0.056897 0.089878
3 0.035061 0.498441 0.056897 0.089878
3 0.371587 0.448147 0.056898 0.089878
3 0.364380 0.536248 0.056897 0.089878
3 0.324957 0.444894 0.056898 0.089879
3 0.317155 0.528815 0.056897 0.089879
3 0.277390 0.437245 0.056898 0.089878
3 0.270013 0.524659 0.056897 0.089878
3 0.232447 0.431644 0.056897 0.089879
3 0.224166 0.520330 0.056898 0.089879
3 0.657848 0.480286 0.056898 0.089878
3 0.649792 0.566724 0.056898 0.089878
3 0.609600 0.475193 0.056898 0.089878
3 0.601506 0.563555 0.056897 0.089878
3 0.562431 0.469583 0.056897 0.089878
3 0.553432 0.557344 0.056898 0.089878
3 0.793363 0.584035 0.056897 0.089878
3 0.752109 0.491696 0.056897 0.089878
3 0.745398 0.577964 0.056897 0.089878
3 0.706081 0.485182 0.056897 0.089879
3 0.697108 0.572911 0.056897 0.089878
3 0.504998 0.553985 0.056897 0.089878
3 0.513378 0.466385 0.056897 0.089878
3 0.981243 0.517189 0.037515 0.088502
3 0.975656 0.603808 0.040923 0.088345
3 0.943615 0.511390 0.056897 0.089878
3 0.935966 0.599524 0.056897 0.089878
3 0.895483 0.508688 0.056897 0.089878
3 0.889280 0.594836 0.056897 0.089878
3 0.848857 0.503096 0.056897 0.089879
3 0.841121 0.589229 0.056897 0.089879
3 0.798881 0.497444 0.056898 0.089878
3 0.987215 0.277281 0.025570 0.087787
3 0.960950 0.186045 0.056897 0.089878
3 0.952714 0.274088 0.056898 0.089879
3 0.991300 0.191447 0.017401 0.087080
3 0.151362 0.187630 0.056897 0.089878
3 0.205693 0.104600 0.056897 0.089878
3 0.199200 0.190245 0.056898 0.089878
3 0.252523 0.111249 0.056898 0.089878
3 0.244335 0.196373 0.056897 0.089879
3 0.111653 0.094615 0.056897 0.089878
3 0.104293 0.181710 0.056898 0.089879
3 0.159899 0.098696 0.056898 0.089878
3 0.067390 0.089401 0.056897 0.089878
3 0.057290 0.177782 0.056897 0.089879
2 0.645162 0.156611 0.304935 0.313222
2 0.431692 0.497675 0.177274 0.995351
0 0.011719 0.818750 0.023438 0.087500
0 0.046875 0.828906 0.050000 0.087500
0 0.137500 0.837500 0.051562 0.092188
0 0.153906 0.743750 0.048438 0.082812
0 0.181250 0.850000 0.048438 0.089063
0 0.196875 0.751563 0.042188 0.075000
0 0.231250 0.847656 0.048438 0.089063
0 0.240625 0.757812 0.051562 0.090625
0 0.280469 0.853906 0.056250 0.092188
0 0.291406 0.757812 0.046875 0.087500
0 0.333594 0.871094 0.048438 0.115625
0 0.367969 0.542188 0.046875 0.101562
0 0.325000 0.433594 0.046875 0.087500
0 0.260937 0.555469 0.053125 0.067187
0 0.219531 0.527344 0.042188 0.093750
0 0.189844 0.421094 0.045312 0.087500
0 0.172656 0.524219 0.043750 0.089063
0 0.125781 0.511719 0.051562 0.087500
0 0.089844 0.421875 0.042188 0.081250
0 0.250781 0.207813 0.043750 0.096875
0 0.050781 0.176563 0.040625 0.084375
0 0.205469 0.118750 0.056250 0.107813
0 0.458594 0.875781 0.048438 0.085938
0 0.476562 0.767188 0.048438 0.092188
0 0.533594 0.788281 0.046875 0.087500
0 0.567969 0.887500 0.046875 0.082812
0 0.578906 0.797656 0.048438 0.084375
0 0.631250 0.802344 0.050000 0.082812
0 0.664844 0.898438 0.043750 0.087500
0 0.725000 0.796094 0.045312 0.104688
0 0.797656 0.882812 0.059375 0.121875
0 0.900000 0.919531 0.051562 0.096875
0 0.910937 0.819531 0.046875 0.100000
0 0.496875 0.552344 0.046875 0.090625
0 0.556250 0.471875 0.046875 0.093750
0 0.607812 0.474219 0.059375 0.120313
0 0.704688 0.491406 0.045312 0.082812
0 0.850000 0.500781 0.042188 0.093750
0 0.895312 0.510938 0.042188 0.084375
0 0.939063 0.501563 0.029687 0.082812
0 0.984375 0.514062 0.031250 0.087500
0 0.987500 0.273438 0.025000 0.096875
