1 0.499792 0.500604 0.999186 0.998792
3 0.236262 0.091471 0.081645 0.047274
3 0.150567 0.225439 0.081645 0.047274
3 0.234083 0.226642 0.081646 0.047274
3 0.153419 0.180989 0.081646 0.047275
3 0.236279 0.181228 0.081645 0.047275
3 0.154739 0.137633 0.081646 0.047275
3 0.154331 0.091561 0.081645 0.047274
3 0.151208 0.361537 0.081646 0.047274
3 0.233368 0.316229 0.081646 0.047274
3 0.149962 0.315412 0.081646 0.047274
3 0.234651 0.272570 0.081645 0.047275
3 0.150736 0.271939 0.081645 0.047274
3 0.235478 0.136774 0.081646 0.047274
3 0.151219 0.544168 0.081646 0.047275
3 0.150185 0.496872 0.081645 0.047274
3 0.232625 0.496686 0.081645 0.047275
3 0.153700 0.045824 0.081646 0.047275
3 0.236279 0.048522 0.081645 0.047274
3 0.233352 0.360492 0.081645 0.047274
3 0.231851 0.677785 0.081646 0.047275
3 0.149188 0.677107 0.081645 0.047275
3 0.231486 0.632456 0.081646 0.047275
3 0.151187 0.634248 0.081646 0.047274
3 0.233898 0.590414 0.081646 0.047274
3 0.148770 0.588914 0.081645 0.047275
3 0.231788 0.544529 0.081646 0.047275
3 0.230139 0.815357 0.081646 0.047275
3 0.148133 0.815039 0.081646 0.047274
3 0.231141 0.769748 0.081645 0.047275
3 0.150063 0.769981 0.081646 0.047274
3 0.230441 0.725447 0.081645 0.047275
3 0.150418 0.725171 0.081646 0.047274
3 0.230478 0.951811 0.081646 0.047275
3 0.147667 0.953460 0.081646 0.047275
3 0.230123 0.906350 0.081645 0.047274
3 0.148287 0.905374 0.081646 0.047274
3 0.230022 0.862378 0.081646 0.047275
3 0.148489 0.862595 0.081645 0.047274
3 0.537348 0.180030 0.081645 0.047274
3 0.456381 0.181981 0.081645 0.047274
3 0.539649 0.134144 0.081645 0.047275
3 0.457309 0.135358 0.081646 0.047275
3 0.538769 0.089737 0.081645 0.047274
3 0.457548 0.091249 0.081646 0.047274
3 0.540577 0.044520 0.081645 0.047274
3 0.457546 0.046110 0.081645 0.047274
3 0.538301 0.358366 0.081645 0.047275
3 0.454535 0.360302 0.081645 0.047274
3 0.536748 0.314087 0.081646 0.047275
3 0.456863 0.315047 0.081646 0.047274
3 0.539245 0.268488 0.081646 0.047275
3 0.456110 0.270195 0.081645 0.047274
3 0.540072 0.225566 0.081646 0.047274
3 0.455649 0.226546 0.081646 0.047275
3 0.536366 0.631406 0.081646 0.047275
3 0.454085 0.632376 0.081645 0.047275
3 0.536387 0.585419 0.081646 0.047275
3 0.452287 0.586544 0.081645 0.047274
3 0.537002 0.540398 0.081645 0.047274
3 0.453379 0.540610 0.081645 0.047275
3 0.451990 0.769434 0.081645 0.047274
3 0.534950 0.721396 0.081645 0.047274
3 0.452961 0.723618 0.081646 0.047274
3 0.536531 0.677361 0.081646 0.047275
3 0.452939 0.677594 0.081646 0.047274
3 0.451747 0.494618 0.081645 0.047274
3 0.535157 0.493839 0.081645 0.047274
3 0.533932 0.949128 0.081645 0.047274
3 0.451481 0.950846 0.081645 0.047274
3 0.535359 0.903879 0.081646 0.047275
3 0.451519 0.905400 0.081645 0.047274
3 0.533137 0.858237 0.081646 0.047274
3 0.451312 0.860925 0.081645 0.047274
3 0.533789 0.813729 0.081646 0.047274
3 0.451826 0.814970 0.081646 0.047274
3 0.534166 0.766057 0.081645 0.047275
3 0.760938 0.936654 0.081645 0.047274
3 0.843776 0.887984 0.081646 0.047274
3 0.759963 0.888944 0.081646 0.047275
3 0.842329 0.935885 0.081645 0.047274
3 0.762068 0.124951 0.081645 0.047274
3 0.845722 0.167942 0.081645 0.047274
3 0.764342 0.170306 0.081645 0.047275
3 0.844094 0.212746 0.081645 0.047275
3 0.763038 0.213462 0.081646 0.047275
3 0.845818 0.078302 0.081645 0.047274
3 0.762985 0.079993 0.081646 0.047275
3 0.846751 0.124187 0.081645 0.047275
3 0.846348 0.036058 0.081645 0.047274
3 0.762031 0.035294 0.081646 0.047274
2 0.851216 0.586460 0.295939 0.268110
2 0.500272 0.422629 0.997828 0.088267
3 0.236056 0.013368 0.081232 0.026736
3 0.153641 0.011719 0.088029 0.023439
0 0.237500 0.009375 0.080469 0.017969
0 0.153125 0.010937 0.083594 0.021875
0 0.152344 0.043750 0.078906 0.038281
0 0.147656 0.088281 0.081250 0.039062
0 0.148438 0.175781 0.082812 0.039844
0 0.237500 0.181250 0.076563 0.039844
0 0.141406 0.217969 0.081250 0.037500
0 0.235156 0.222656 0.069531 0.032813
0 0.147656 0.264062 0.081250 0.037500
0 0.233594 0.264062 0.082031 0.039844
0 0.146875 0.312500 0.082031 0.043750
0 0.239063 0.312500 0.078906 0.036719
0 0.135937 0.364063 0.106250 0.035937
0 0.450000 0.363281 0.092969 0.035156
0 0.547656 0.311719 0.079687 0.034375
0 0.425781 0.264062 0.059375 0.044531
0 0.449219 0.221875 0.086719 0.031250
0 0.546094 0.183594 0.079687 0.033594
0 0.446875 0.178125 0.081250 0.033594
0 0.454688 0.132031 0.078906 0.041406
0 0.535937 0.089063 0.072656 0.032031
0 0.753125 0.220312 0.089063 0.033594
0 0.763281 0.028125 0.077344 0.030469
0 0.832812 0.167969 0.098437 0.042969
0 0.143750 0.482812 0.078906 0.039062
0 0.248438 0.488281 0.084375 0.037500
0 0.233594 0.543750 0.079687 0.034375
0 0.143750 0.585938 0.075781 0.036719
0 0.230469 0.587500 0.077344 0.037500
0 0.230469 0.637500 0.073438 0.040625
0 0.142969 0.678906 0.080469 0.032813
0 0.246094 0.725000 0.095312 0.033594
0 0.171094 0.802344 0.110937 0.043750
0 0.146094 0.902344 0.089063 0.039844
0 0.241406 0.903125 0.092188 0.035937
0 0.224219 0.985156 0.078906 0.029687
0 0.137500 0.983594 0.078125 0.032813
3 0.228726 0.985536 0.085139 0.027299
3 0.145572 0.987818 0.085378 0.022735
0 0.453125 0.485938 0.082812 0.035937
0 0.534375 0.533594 0.085938 0.035156
0 0.537500 0.583594 0.110937 0.045312
0 0.530469 0.675781 0.075000 0.035156
0 0.536719 0.814063 0.085156 0.031250
0 0.532031 0.857812 0.078125 0.032813
0 0.544531 0.897656 0.077344 0.019531
0 0.538281 0.949219 0.079687 0.035937
3 0.453206 0.985830 0.081221 0.026711
3 0.534623 0.986974 0.089025 0.026053
3 0.505469 0.987500 0.007031 0.024219
0 0.542188 0.986719 0.082812 0.026562
0 0.765625 0.935156 0.087500 0.042969
