0 0.135156 0.498437 0.089063 0.056250
0 0.189062 0.193750 0.101562 0.051562
0 0.308594 0.102344 0.093750 0.045312
0 0.913281 0.764062 0.093750 0.046875
0 0.953125 0.296875 0.065625 0.045312
0 0.121094 0.600000 0.090625 0.056250
0 0.150781 0.448437 0.082812 0.059375
0 0.228125 0.668750 0.096875 0.051562
0 0.194531 0.142969 0.093750 0.048438
0 0.247656 0.559375 0.096875 0.054688
0 0.296875 0.202344 0.087500 0.046875
0 0.271875 0.354687 0.089063 0.048438
0 0.908594 0.855469 0.096875 0.054688
0 0.089063 0.739062 0.095312 0.048438
0 0.784375 0.807813 0.089063 0.060937
0 0.148438 0.340625 0.090625 0.046875
0 0.147656 0.392969 0.114062 0.062500
0 0.275000 0.408594 0.109375 0.043750
0 0.264844 0.460938 0.109375 0.048438
0 0.243750 0.500000 0.101562 0.043750
0 0.985156 0.896094 0.029687 0.076563
0 0.884736 0.078670 0.105670 0.063402
0 0.960618 0.143399 0.024281 0.046787
0 0.957725 0.192408 0.039082 0.051824
0 0.885993 0.185658 0.092183 0.061270
0 0.951327 0.346060 0.079515 0.060412
0 0.952921 0.400388 0.085944 0.061680
0 0.949122 0.450453 0.094353 0.062672
0 0.933960 0.500802 0.094417 0.062673
0 0.928789 0.553802 0.094417 0.062672
0 0.927684 0.605864 0.094417 0.062672
0 0.917004 0.656925 0.094417 0.062672
0 0.804532 0.636645 0.116675 0.062397
0 0.820329 0.589741 0.098299 0.059338
0 0.831063 0.536123 0.098299 0.059338
0 0.832768 0.482922 0.098298 0.059338
0 0.845340 0.432131 0.098299 0.059338
0 0.856348 0.386661 0.098299 0.059339
0 0.863270 0.338023 0.098298 0.059339
0 0.864644 0.285189 0.098298 0.059338
0 0.863327 0.234401 0.098299 0.059339
0 0.553652 0.817855 0.087869 0.053354
0 0.446437 0.795782 0.087868 0.053354
0 0.480172 0.595214 0.087868 0.053354
0 0.578312 0.606426 0.087869 0.053354
0 0.477634 0.538949 0.109578 0.057721
0 0.585574 0.560396 0.087868 0.053354
0 0.484180 0.488875 0.087869 0.053354
0 0.593295 0.511296 0.087869 0.053354
0 0.506898 0.442243 0.087868 0.053354
0 0.598659 0.456830 0.087869 0.053355
0 0.498619 0.391142 0.087868 0.053354
0 0.602724 0.402827 0.087868 0.053354
0 0.507862 0.345252 0.087868 0.053354
0 0.606899 0.353398 0.087868 0.053355
0 0.525624 0.236303 0.087869 0.053354
0 0.627101 0.250664 0.087869 0.053354
0 0.633949 0.201934 0.087868 0.053355
0 0.647093 0.153727 0.082918 0.047703
0 0.657029 0.101924 0.082918 0.047703
0 0.544686 0.083563 0.104671 0.053708
0 0.652450 0.049636 0.082918 0.047703
0 0.548228 0.036001 0.082918 0.047703
0 0.559536 0.004822 0.078167 0.009644
0 0.659345 0.008372 0.082476 0.016743
0 0.275929 0.985778 0.097949 0.028444
1 0.500000 0.500000 1.000000 1.000000
