0 0.738281 0.187500 0.072656 0.039062
0 0.945312 0.178906 0.071875 0.039062
0 0.639844 0.680469 0.078125 0.049219
0 0.733594 0.542188 0.074219 0.042969
0 0.732812 0.225000 0.076563 0.039062
0 0.650781 0.046875 0.069531 0.039062
0 0.436719 0.307812 0.078125 0.039844
0 0.645312 0.092969 0.078125 0.039844
0 0.638281 0.581250 0.082812 0.040625
0 0.746094 0.487500 0.089844 0.039844
0 0.741406 0.902344 0.085938 0.042969
0 0.442188 0.603125 0.084375 0.049219
0 0.731250 0.633594 0.070312 0.038281
0 0.435937 0.558594 0.077344 0.043750
0 0.431250 0.648438 0.076563 0.035937
0 0.429688 0.689844 0.078906 0.048438
0 0.730469 0.590625 0.075000 0.045312
0 0.740625 0.314844 0.074219 0.040625
0 0.942969 0.358594 0.089063 0.043750
0 0.438281 0.264844 0.082812 0.041406
0 0.645312 0.477344 0.092969 0.045312
0 0.433594 0.217188 0.085156 0.047656
0 0.947656 0.480469 0.089844 0.037500
0 0.430469 0.778125 0.089844 0.039062
0 0.647656 0.895312 0.094531 0.047656
0 0.742969 0.724219 0.107813 0.038281
0 0.663281 0.798438 0.111719 0.045312
0 0.946094 0.218750 0.084375 0.039062
0 0.953125 0.125000 0.087500 0.038281
0 0.438281 0.131250 0.088281 0.050000
0 0.636719 0.363281 0.107813 0.039844
0 0.939063 0.260156 0.090625 0.042188
0 0.646094 0.264062 0.089063 0.045312
0 0.642969 0.171875 0.091406 0.050000
0 0.444531 0.086719 0.089844 0.043750
0 0.732812 0.263281 0.090625 0.046875
0 0.443750 0.038281 0.084375 0.041406
0 0.645312 0.307812 0.087500 0.044531
0 0.439063 0.917188 0.102344 0.041406
0 0.633594 0.979688 0.071094 0.039062
0 0.432031 0.985938 0.082812 0.025781
0 0.737500 0.010156 0.082812 0.019531
0 0.640625 0.217188 0.078906 0.041406
0 0.318750 0.467187 0.050000 0.077344
0 0.650781 0.010937 0.084375 0.021094
0 0.442188 0.010937 0.077344 0.021094
0 0.714063 0.978125 0.069531 0.026562
0 0.235156 0.608594 0.084375 0.085156
0 0.953125 0.007812 0.081250 0.015625
0 0.434379 0.173535 0.097777 0.053911
0 0.164033 0.965785 0.083766 0.066802
0 0.170591 0.854951 0.086024 0.078682
0 0.171847 0.806194 0.102110 0.084540
0 0.170236 0.752118 0.082600 0.067957
0 0.170750 0.530358 0.083629 0.074981
0 0.186326 0.385276 0.079493 0.074053
1 0.544211 0.499593 0.909949 0.999186
