1 0.500781 0.578125 0.998437 0.843750
3 0.284375 0.206250 0.045312 0.085156
3 0.024219 0.207813 0.042188 0.084375
3 0.066406 0.207813 0.042188 0.084375
3 0.110937 0.207813 0.042188 0.084375
3 0.153906 0.208594 0.042188 0.084375
3 0.197656 0.208594 0.042188 0.084375
3 0.239844 0.207031 0.042188 0.084375
3 0.538281 0.205469 0.042188 0.084375
3 0.490625 0.203906 0.042188 0.084375
3 0.446094 0.203906 0.042188 0.084375
3 0.402344 0.203125 0.042188 0.084375
3 0.330469 0.204687 0.042188 0.084375
3 0.716406 0.203906 0.042188 0.084375
3 0.670312 0.203906 0.042188 0.084375
3 0.625781 0.204687 0.042188 0.084375
3 0.583594 0.203906 0.042188 0.084375
3 0.896875 0.202344 0.042188 0.084375
3 0.850781 0.202344 0.042188 0.084375
3 0.806250 0.203125 0.042188 0.084375
3 0.761719 0.204687 0.042188 0.084375
3 0.942187 0.201563 0.042188 0.084375
0 0.282813 0.206250 0.035937 0.082031
0 0.490625 0.201563 0.042188 0.088281
0 0.535937 0.203125 0.045312 0.100781
0 0.628906 0.187500 0.035937 0.078125
0 0.714844 0.201563 0.039062 0.093750
0 0.893750 0.203125 0.039062 0.096875
3 0.238281 0.409375 0.090625 0.053125
3 0.546094 0.407813 0.092969 0.052344
3 0.848437 0.400000 0.089063 0.042969
3 0.240625 0.457813 0.087500 0.046094
3 0.453906 0.501563 0.093750 0.046875
3 0.150000 0.592187 0.088281 0.047656
3 0.148438 0.680469 0.093750 0.044531
3 0.763281 0.445312 0.081250 0.046094
3 0.146875 0.767969 0.091406 0.047656
3 0.146875 0.981250 0.098437 0.035937
3 0.849219 0.489063 0.089063 0.046094
3 0.764062 0.534375 0.078125 0.044531
3 0.145313 0.862500 0.092188 0.053125
3 0.241406 0.982031 0.095312 0.035937
3 0.235937 0.725000 0.085938 0.044531
3 0.980149 0.198316 0.038072 0.084471
3 0.240064 0.590818 0.089036 0.045578
3 0.151691 0.503887 0.089036 0.045578
3 0.241643 0.504618 0.089036 0.045578
3 0.150585 0.455952 0.088595 0.050207
3 0.150476 0.407906 0.089036 0.045578
3 0.239046 0.680485 0.089036 0.045578
3 0.149967 0.635463 0.089036 0.045578
3 0.239793 0.636968 0.089036 0.045578
3 0.150853 0.546183 0.089036 0.045578
3 0.241024 0.546024 0.089036 0.045578
3 0.236554 0.768136 0.089036 0.045579
3 0.236581 0.814340 0.089036 0.045578
3 0.546430 0.457147 0.089036 0.045578
3 0.455825 0.408547 0.089036 0.045578
3 0.148128 0.815327 0.089036 0.045578
3 0.236072 0.859802 0.089036 0.045578
3 0.148314 0.724032 0.089036 0.045578
3 0.455893 0.546745 0.089036 0.045578
3 0.544680 0.502259 0.089036 0.045578
3 0.455040 0.456649 0.089036 0.045578
3 0.453439 0.635156 0.089036 0.045578
3 0.543106 0.590923 0.089036 0.045578
3 0.455257 0.590579 0.089036 0.045578
3 0.544033 0.547249 0.089036 0.045579
3 0.542819 0.725218 0.089036 0.045578
3 0.454340 0.723925 0.089036 0.045578
3 0.543153 0.680711 0.089036 0.045578
3 0.454134 0.679327 0.089036 0.045578
3 0.541721 0.635901 0.089036 0.045578
3 0.540625 0.857897 0.089036 0.045578
3 0.453333 0.858867 0.089036 0.045578
3 0.541573 0.814191 0.089036 0.045578
3 0.452739 0.815309 0.089036 0.045578
3 0.542120 0.769217 0.089036 0.045578
3 0.453831 0.769471 0.089036 0.045578
3 0.849196 0.622362 0.089035 0.045578
3 0.759185 0.666535 0.089036 0.045578
3 0.847796 0.667186 0.089036 0.045578
3 0.759476 0.713921 0.089036 0.045578
3 0.846450 0.712982 0.089036 0.045578
3 0.849901 0.535256 0.089036 0.045578
3 0.848337 0.578866 0.089036 0.045578
3 0.759285 0.580590 0.089036 0.045578
3 0.760743 0.622239 0.089036 0.045578
3 0.762539 0.489682 0.089036 0.045578
3 0.764870 0.401169 0.079613 0.042370
3 0.451239 0.981697 0.089969 0.034976
0 0.150000 0.403125 0.085938 0.041406
0 0.232031 0.395313 0.067969 0.044531
0 0.150781 0.452344 0.076563 0.038281
0 0.233594 0.453125 0.073438 0.042969
0 0.150000 0.495312 0.080469 0.040625
0 0.239844 0.499219 0.070312 0.035156
0 0.150781 0.544531 0.078906 0.039062
0 0.149219 0.589063 0.075781 0.039844
0 0.236719 0.679688 0.077344 0.035156
0 0.147656 0.677344 0.078125 0.040625
0 0.236719 0.723437 0.076563 0.035156
0 0.142969 0.718750 0.076563 0.034375
0 0.149219 0.767969 0.078906 0.032813
0 0.235937 0.768750 0.078906 0.034375
0 0.149219 0.813281 0.075781 0.033594
0 0.238281 0.813281 0.078125 0.037500
0 0.136719 0.860156 0.102344 0.039062
0 0.446094 0.864062 0.091406 0.033594
0 0.547656 0.810156 0.075000 0.041406
0 0.443750 0.763281 0.081250 0.032813
0 0.449219 0.721094 0.082031 0.036719
0 0.543750 0.682031 0.081250 0.039844
0 0.446875 0.675000 0.076563 0.033594
0 0.455469 0.628906 0.072656 0.039844
0 0.536719 0.585938 0.071094 0.039844
0 0.454688 0.496094 0.078906 0.037500
0 0.456250 0.449219 0.071875 0.038281
0 0.555469 0.402344 0.071094 0.038281
0 0.758594 0.437500 0.079687 0.036719
0 0.850781 0.482031 0.078125 0.035937
0 0.761719 0.531250 0.075781 0.036719
0 0.830469 0.667188 0.106250 0.039062
0 0.754687 0.714844 0.089063 0.036719
0 0.843750 0.395313 0.069531 0.030469
0 0.144531 0.980469 0.083594 0.035937
0 0.240625 0.982812 0.085156 0.033594
0 0.450781 0.982812 0.071094 0.032813
