0 0.501563 0.825000 0.056250 0.089063
0 0.222656 0.712500 0.053125 0.101562
0 0.159375 0.580469 0.048438 0.092188
0 0.914844 0.135156 0.048438 0.092188
0 0.474219 0.017969 0.045312 0.035937
0 0.596094 0.859375 0.056250 0.090625
0 0.457813 0.800781 0.062500 0.084375
0 0.683594 0.771094 0.054688 0.096875
0 0.175000 0.696875 0.051562 0.092188
0 0.583594 0.730469 0.054688 0.095312
0 0.252344 0.610938 0.046875 0.085938
0 0.392969 0.666406 0.046875 0.089063
0 0.985938 0.158594 0.028125 0.095312
0 0.723437 0.918750 0.051562 0.095312
0 0.929688 0.268750 0.059375 0.087500
0 0.026562 0.652344 0.053125 0.123438
0 0.354687 0.781250 0.048438 0.090625
0 0.404687 0.792188 0.065625 0.114062
0 0.444531 0.674219 0.046875 0.106250
0 0.492969 0.693750 0.050000 0.106250
0 0.525000 0.722656 0.045312 0.100000
0 0.250903 0.038333 0.072813 0.076667
0 0.356785 0.046062 0.075274 0.092123
0 0.519353 0.027736 0.063015 0.055472
0 0.571530 0.035892 0.066836 0.065002
0 0.619942 0.047612 0.070760 0.076057
0 0.667610 0.063221 0.076050 0.094329
0 0.717203 0.078202 0.076049 0.095777
0 0.766724 0.089831 0.076049 0.095777
0 0.813345 0.110407 0.076050 0.095777
0 0.770497 0.214013 0.081284 0.116276
0 0.729361 0.189358 0.073722 0.099074
0 0.680309 0.168212 0.073722 0.099074
0 0.629820 0.155777 0.073722 0.099073
0 0.583841 0.133449 0.073722 0.099074
0 0.542629 0.113696 0.073723 0.099074
0 0.497561 0.097202 0.073723 0.099073
0 0.447356 0.085159 0.073722 0.099073
0 0.398560 0.076102 0.073723 0.099074
0 0.892639 0.490327 0.067861 0.090232
0 0.849772 0.588289 0.067861 0.090231
0 0.664976 0.515319 0.067862 0.090231
0 0.695622 0.423821 0.067861 0.090232
0 0.610946 0.506572 0.075948 0.110600
0 0.653115 0.407534 0.067862 0.090231
0 0.564181 0.489891 0.067861 0.090232
0 0.607766 0.390183 0.067861 0.090232
0 0.524237 0.458713 0.067861 0.090231
0 0.556812 0.373996 0.067862 0.090232
0 0.473728 0.456245 0.067862 0.090231
0 0.506037 0.359144 0.067862 0.090231
0 0.431756 0.438092 0.067861 0.090231
0 0.459655 0.345115 0.067862 0.090231
0 0.331261 0.398994 0.067862 0.090232
0 0.365593 0.304946 0.067861 0.090232
0 0.320422 0.288506 0.067862 0.090231
0 0.277010 0.266569 0.062275 0.084403
0 0.229528 0.246554 0.062275 0.084403
0 0.190087 0.350430 0.070590 0.104488
0 0.178636 0.240310 0.062275 0.084403
0 0.144440 0.337127 0.062275 0.084403
0 0.098387 0.317887 0.062275 0.084403
0 0.125850 0.222038 0.062274 0.084404
1 0.500000 0.500000 1.000000 1.000000
