0 0.196875 0.236719 0.043750 0.076563
0 0.202344 0.032813 0.045312 0.065625
0 0.687500 0.371094 0.054688 0.081250
0 0.553906 0.267188 0.048438 0.078125
0 0.234375 0.244531 0.043750 0.081250
0 0.048438 0.314844 0.045312 0.073438
0 0.296875 0.550000 0.045312 0.081250
0 0.094531 0.323437 0.045312 0.081250
0 0.586719 0.365625 0.046875 0.087500
0 0.500000 0.250000 0.046875 0.093750
0 0.918750 0.285156 0.050000 0.090625
0 0.594531 0.565625 0.056250 0.089063
0 0.646875 0.275000 0.043750 0.075000
0 0.549219 0.567969 0.048438 0.081250
0 0.639844 0.579688 0.042188 0.081250
0 0.682031 0.584375 0.054688 0.082812
0 0.603125 0.273438 0.050000 0.078125
0 0.325000 0.243750 0.045312 0.078125
0 0.384375 0.044531 0.050000 0.089063
0 0.253125 0.545312 0.046875 0.087500
0 0.482031 0.350781 0.053125 0.096875
0 0.205469 0.546875 0.054688 0.090625
0 0.507812 0.046094 0.043750 0.092188
0 0.771094 0.589063 0.046875 0.093750
0 0.903906 0.378125 0.053125 0.100000
0 0.738281 0.271094 0.046875 0.112500
0 0.807813 0.356250 0.054688 0.115625
0 0.242188 0.036719 0.046875 0.073438
0 0.147656 0.030469 0.045312 0.060937
0 0.118750 0.535937 0.056250 0.092188
0 0.366406 0.352344 0.048438 0.112500
0 0.282813 0.043750 0.050000 0.087500
0 0.267188 0.335156 0.053125 0.093750
0 0.174219 0.332031 0.056250 0.096875
0 0.073438 0.526563 0.050000 0.093750
0 0.272656 0.247656 0.053125 0.093750
0 0.025000 0.524219 0.048438 0.087500
0 0.311719 0.339844 0.051562 0.090625
0 0.911719 0.590625 0.048438 0.106250
0 0.982812 0.398438 0.034375 0.075000
0 0.980469 0.602344 0.031250 0.084375
0 0.021875 0.225781 0.014063 0.082812
0 0.219531 0.337500 0.046875 0.082812
0 0.450000 0.679688 0.081250 0.054688
0 0.017188 0.314063 0.017188 0.085938
0 0.004687 0.523438 0.009375 0.078125
0 0.988281 0.315625 0.023438 0.071875
0 0.585938 0.775000 0.093750 0.090625
0 0.035156 0.024219 0.010937 0.048438
0 0.157640 0.544466 0.054250 0.099206
0 0.941318 0.871883 0.064064 0.085442
0 0.829969 0.856947 0.075016 0.086543
0 0.780719 0.852291 0.080463 0.103423
0 0.725781 0.850024 0.064628 0.082904
0 0.502350 0.834240 0.072240 0.084784
0 0.356920 0.807869 0.071830 0.081041
1 0.500000 0.474683 1.000000 0.949366
