0 0.353338 0.637317 0.079983 0.092223
0 0.395944 0.661734 0.094182 0.105164
0 0.424499 0.689450 0.082725 0.085740
0 0.460215 0.718441 0.079913 0.091606
0 0.501333 0.741144 0.070955 0.081637
0 0.538611 0.762724 0.073697 0.079194
0 0.180771 0.894461 0.078211 0.093827
0 0.221153 0.914409 0.075750 0.088023
0 0.291540 0.957248 0.079366 0.083876
0 0.329111 0.967020 0.087082 0.064332
0 0.657790 0.921068 0.095620 0.079921
0 0.680546 0.883821 0.089603 0.083603
0 0.703723 0.855444 0.095493 0.079976
0 0.474928 0.470734 0.080963 0.095316
0 0.372984 0.770847 0.074589 0.082411
0 0.034447 0.799149 0.068894 0.085740
0 0.049687 0.764235 0.099374 0.081999
0 0.069555 0.732362 0.097490 0.086873
0 0.095293 0.694066 0.103910 0.085200
0 0.121555 0.654020 0.095105 0.081605
0 0.141732 0.625814 0.098140 0.086663
0 0.173586 0.588606 0.107963 0.099037
0 0.198328 0.545472 0.088597 0.087687
0 0.294693 0.406194 0.080619 0.064380
0 0.488192 0.114007 0.072476 0.065147
0 0.567997 0.018322 0.087134 0.036645
0 0.937798 0.028502 0.073290 0.057003
0 0.892101 0.016287 0.054560 0.032573
0 0.515472 0.492264 0.060261 0.075733
0 0.587134 0.540309 0.060261 0.074104
0 0.660831 0.589984 0.057818 0.062704
0 0.801863 0.711167 0.072781 0.064637
0 0.486188 0.848127 0.061953 0.082248
0 0.409202 0.790309 0.057818 0.070847
0 0.300489 0.714169 0.063518 0.073290
1 0.499593 0.499001 0.999186 0.998002
