1 0.500000 0.500000 1.000000 1.000000
3 0.064844 0.172656 0.065625 0.101562
3 0.109375 0.164062 0.056250 0.100000
3 0.591406 0.073438 0.056250 0.100000
3 0.549219 0.081250 0.056250 0.100000
3 0.504687 0.090625 0.056250 0.100000
3 0.462500 0.099219 0.056250 0.100000
3 0.416406 0.107031 0.056250 0.100000
3 0.374219 0.114844 0.056250 0.100000
3 0.282031 0.132031 0.056250 0.100000
3 0.238281 0.140625 0.056250 0.100000
3 0.765625 0.046094 0.059375 0.092188
3 0.722656 0.052344 0.056250 0.100000
3 0.678125 0.058594 0.056250 0.100000
3 0.634375 0.065625 0.056250 0.100000
3 0.194531 0.150000 0.059375 0.101562
3 0.082031 0.266406 0.060937 0.100000
3 0.036719 0.275000 0.056250 0.100000
3 0.024219 0.182031 0.048438 0.101562
3 0.150781 0.158594 0.056250 0.100000
3 0.256250 0.235937 0.056250 0.100000
3 0.211719 0.242969 0.056250 0.100000
3 0.168750 0.250781 0.056250 0.100000
3 0.125000 0.258594 0.056250 0.100000
3 0.479687 0.192188 0.056250 0.100000
3 0.435937 0.202344 0.056250 0.100000
3 0.392188 0.210156 0.056250 0.100000
3 0.345313 0.217969 0.056250 0.100000
3 0.301563 0.227344 0.056250 0.100000
3 0.739062 0.142187 0.056250 0.100000
3 0.696875 0.150781 0.056250 0.100000
3 0.652344 0.158594 0.056250 0.100000
3 0.608594 0.167969 0.056250 0.100000
3 0.565625 0.177344 0.056250 0.100000
3 0.522656 0.185938 0.056250 0.100000
3 0.888281 0.035156 0.082812 0.070312
3 0.914844 0.110156 0.062500 0.101562
3 0.871094 0.117969 0.056250 0.100000
3 0.827344 0.126562 0.056250 0.100000
3 0.207031 0.466406 0.056250 0.100000
3 0.782813 0.134375 0.056250 0.100000
3 0.164844 0.475000 0.056250 0.100000
3 0.120313 0.484375 0.056250 0.100000
3 0.078906 0.491406 0.056250 0.100000
3 0.035156 0.498437 0.056250 0.100000
3 0.821875 0.042969 0.084375 0.085938
3 0.428125 0.422656 0.060937 0.100000
3 0.385156 0.431250 0.059375 0.100000
3 0.341406 0.439844 0.059375 0.100000
3 0.294531 0.447656 0.060937 0.100000
3 0.249219 0.457031 0.056250 0.100000
3 0.250000 0.457031 0.056250 0.100000
3 0.475000 0.415625 0.062500 0.103125
3 0.734375 0.364063 0.062500 0.103125
3 0.911719 0.331250 0.062500 0.103125
3 0.867969 0.340625 0.059375 0.103125
3 0.824219 0.348438 0.062500 0.103125
3 0.778906 0.357031 0.062500 0.103125
3 0.560937 0.400000 0.060937 0.104688
3 0.603906 0.389844 0.059375 0.100000
3 0.645312 0.381250 0.062500 0.103125
3 0.689063 0.372656 0.062500 0.103125
3 0.093750 0.585156 0.062500 0.103125
3 0.051562 0.592969 0.056250 0.100000
3 0.518750 0.407031 0.059375 0.103125
3 0.138281 0.575781 0.062500 0.103125
3 0.358594 0.534375 0.059375 0.103125
3 0.314063 0.540625 0.057813 0.100000
3 0.270313 0.550000 0.059375 0.100000
3 0.226562 0.559375 0.059375 0.103125
3 0.182031 0.567969 0.062500 0.100000
3 0.579688 0.492969 0.059375 0.100000
3 0.535937 0.500781 0.054688 0.101562
3 0.492188 0.510156 0.059375 0.101562
3 0.446875 0.517188 0.059375 0.100000
3 0.402344 0.525781 0.065625 0.103125
3 0.623437 0.484375 0.057813 0.100000
3 0.797656 0.451562 0.057813 0.100000
3 0.840625 0.442969 0.057813 0.100000
3 0.882812 0.434375 0.057813 0.100000
3 0.925781 0.428906 0.057813 0.100000
2 0.971875 0.407813 0.053125 0.098437
3 0.666406 0.475000 0.057813 0.100000
3 0.709375 0.467969 0.057813 0.100000
3 0.754687 0.460156 0.060937 0.100000
3 0.010937 0.284375 0.021875 0.096875
3 0.010156 0.505469 0.020313 0.098437
3 0.020313 0.600781 0.035937 0.092188
3 0.643750 0.698438 0.062500 0.096875
3 0.286719 0.764844 0.056250 0.093750
3 0.329688 0.755469 0.062500 0.096875
3 0.554688 0.714063 0.062500 0.096875
3 0.376563 0.745313 0.062500 0.096875
3 0.417969 0.735938 0.062500 0.096875
3 0.463281 0.729688 0.062500 0.096875
3 0.509375 0.720313 0.062500 0.096875
3 0.140625 0.944531 0.062500 0.096875
3 0.094531 0.950781 0.060937 0.096875
3 0.107031 0.796875 0.062500 0.096875
3 0.156250 0.789062 0.062500 0.096875
3 0.199219 0.781250 0.062500 0.096875
3 0.244531 0.771875 0.062500 0.096875
3 0.450000 0.886719 0.062500 0.096875
3 0.404687 0.894531 0.062500 0.096875
3 0.184375 0.935156 0.062500 0.096875
3 0.228125 0.926562 0.062500 0.096875
3 0.359375 0.901563 0.059375 0.096875
3 0.732812 0.682031 0.062500 0.096875
3 0.318750 0.908594 0.053125 0.093750
3 0.537500 0.869531 0.062500 0.096875
3 0.276562 0.917969 0.062500 0.096875
3 0.494531 0.877344 0.062500 0.096875
3 0.449219 0.885938 0.062500 0.096875
3 0.688281 0.690625 0.062500 0.096875
3 0.789844 0.671094 0.076563 0.100000
3 0.891406 0.803906 0.062500 0.096875
3 0.847656 0.813281 0.062500 0.096875
3 0.802344 0.820312 0.062500 0.096875
3 0.757031 0.829688 0.062500 0.096875
3 0.713281 0.835938 0.062500 0.096875
3 0.670312 0.845313 0.059375 0.096875
3 0.625781 0.852344 0.062500 0.096875
3 0.582031 0.860156 0.062500 0.096875
3 0.070312 0.803125 0.062500 0.098437
3 0.600000 0.705469 0.059375 0.096875
3 0.853125 0.660156 0.081250 0.103125
3 0.921875 0.646875 0.085938 0.100000
3 0.975000 0.635156 0.050000 0.101562
3 0.949219 0.794531 0.079687 0.100000
3 0.988281 0.782031 0.023438 0.098437
0 0.021094 0.187500 0.042188 0.090625
0 0.238281 0.142969 0.054688 0.087500
3 0.327344 0.122656 0.065625 0.100000
0 0.328906 0.113281 0.060937 0.100000
0 0.414844 0.108594 0.050000 0.087500
0 0.460938 0.099219 0.056250 0.096875
0 0.503906 0.089844 0.048438 0.089063
0 0.546875 0.083594 0.043750 0.079687
0 0.589063 0.071875 0.050000 0.085938
0 0.632031 0.059375 0.053125 0.087500
0 0.673438 0.042188 0.050000 0.084375
0 0.761719 0.039062 0.057813 0.078125
0 0.815625 0.029687 0.046875 0.059375
0 0.882812 0.022656 0.046875 0.045312
0 0.081250 0.264844 0.048438 0.078125
0 0.121094 0.265625 0.046875 0.079687
0 0.166406 0.250000 0.051562 0.085938
0 0.211719 0.244531 0.062500 0.103125
0 0.255469 0.235937 0.051562 0.081250
0 0.297656 0.221875 0.051562 0.085938
0 0.345313 0.215625 0.059375 0.109375
0 0.389062 0.202344 0.051562 0.085938
0 0.434375 0.199219 0.050000 0.084375
0 0.481250 0.195312 0.050000 0.089063
0 0.520312 0.185938 0.050000 0.085938
0 0.607031 0.167187 0.051562 0.085938
0 0.689063 0.143750 0.051562 0.092188
0 0.739062 0.136719 0.053125 0.092188
0 0.782031 0.123438 0.051562 0.089063
0 0.821094 0.107813 0.053125 0.089063
0 0.867969 0.107031 0.054688 0.090625
0 0.914844 0.103125 0.059375 0.089063
0 0.007812 0.499219 0.015625 0.104688
0 0.075781 0.494531 0.054688 0.090625
0 0.120313 0.489844 0.053125 0.090625
0 0.164844 0.471875 0.050000 0.082812
0 0.207813 0.467187 0.059375 0.096875
0 0.248438 0.456250 0.053125 0.090625
0 0.295312 0.446094 0.051562 0.089063
0 0.340625 0.433594 0.045312 0.082812
0 0.385937 0.425000 0.051562 0.085938
0 0.428125 0.426563 0.051562 0.082812
0 0.474219 0.414062 0.048438 0.092188
0 0.514844 0.408594 0.048438 0.092188
0 0.560937 0.399219 0.050000 0.090625
0 0.603906 0.397656 0.046875 0.076563
0 0.644531 0.375000 0.053125 0.092188
0 0.688281 0.372656 0.048438 0.090625
0 0.735156 0.365625 0.051562 0.089063
0 0.774219 0.354687 0.057813 0.090625
0 0.821875 0.347656 0.051562 0.092188
0 0.863281 0.329688 0.056250 0.098437
0 0.912500 0.326562 0.067187 0.114062
0 0.017969 0.596094 0.029687 0.085938
0 0.052344 0.588281 0.042188 0.075000
0 0.094531 0.589844 0.045312 0.085938
0 0.139844 0.578125 0.048438 0.087500
0 0.183594 0.570312 0.051562 0.087500
0 0.225000 0.553906 0.042188 0.082812
0 0.270313 0.548438 0.053125 0.092188
0 0.315625 0.538281 0.053125 0.090625
0 0.357812 0.525000 0.046875 0.082812
0 0.404687 0.515625 0.050000 0.076563
0 0.446094 0.508594 0.051562 0.085938
0 0.489063 0.498437 0.054688 0.093750
0 0.537500 0.499219 0.045312 0.092188
0 0.581250 0.492969 0.051562 0.089063
0 0.624219 0.485156 0.045312 0.085938
0 0.667188 0.471875 0.048438 0.085938
0 0.703906 0.461719 0.048438 0.089063
0 0.750000 0.454688 0.046875 0.079687
0 0.797656 0.450000 0.050000 0.093750
0 0.838281 0.439063 0.048438 0.084375
0 0.884375 0.423438 0.048438 0.085938
0 0.928125 0.418750 0.040625 0.081250
0 0.068750 0.805469 0.051562 0.089063
0 0.116406 0.793750 0.059375 0.104688
0 0.159375 0.790625 0.045312 0.082812
0 0.202344 0.777344 0.050000 0.084375
0 0.245312 0.778125 0.054688 0.092188
0 0.291406 0.769531 0.048438 0.084375
0 0.336719 0.759375 0.054688 0.089063
0 0.378125 0.757812 0.054688 0.093750
0 0.422656 0.742969 0.051562 0.089063
0 0.464062 0.731250 0.050000 0.082812
0 0.511719 0.724219 0.054688 0.093750
0 0.554688 0.714844 0.053125 0.090625
0 0.596094 0.707031 0.056250 0.090625
0 0.691406 0.692969 0.050000 0.082812
0 0.728125 0.676562 0.056250 0.087500
0 0.786719 0.660156 0.060937 0.109375
0 0.849219 0.650781 0.056250 0.084375
0 0.919531 0.646094 0.054688 0.090625
0 0.990625 0.768750 0.018750 0.084375
0 0.950000 0.787500 0.054688 0.089063
0 0.891406 0.793750 0.051562 0.085938
0 0.846875 0.801562 0.051562 0.085938
0 0.800781 0.804688 0.051562 0.085938
0 0.760156 0.823438 0.048438 0.089063
0 0.714063 0.831250 0.059375 0.096875
0 0.667969 0.839844 0.051562 0.089063
0 0.625000 0.835938 0.051562 0.092188
0 0.581250 0.847656 0.053125 0.090625
0 0.540625 0.868750 0.050000 0.082812
0 0.492188 0.868750 0.054688 0.090625
0 0.448437 0.883594 0.046875 0.079687
0 0.404687 0.875781 0.046875 0.076563
0 0.360156 0.895312 0.048438 0.085938
0 0.317969 0.907031 0.051562 0.089063
0 0.271094 0.914062 0.050000 0.082812
0 0.226562 0.924219 0.051562 0.081250
0 0.181250 0.921094 0.053125 0.087500
0 0.135937 0.940625 0.051562 0.090625
0 0.093750 0.944531 0.054688 0.090625
