0 0.323757 0.331664 0.099265 0.094318
0 0.291233 0.375868 0.112362 0.110695
0 0.255698 0.403716 0.092360 0.098136
0 0.219360 0.439269 0.099549 0.093783
0 0.188688 0.481749 0.088277 0.084759
0 0.159544 0.519946 0.086504 0.086046
0 0.078312 0.109569 0.070223 0.088086
0 0.059706 0.157771 0.048427 0.070225
0 0.008782 0.606794 0.017563 0.033440
0 0.028482 0.655298 0.056964 0.086180
0 0.041360 0.690278 0.082721 0.102558
0 0.491022 0.488801 0.103791 0.094945
0 0.173914 0.336210 0.089743 0.086547
0 0.205408 0.016536 0.058547 0.033073
0 0.250062 0.029323 0.087817 0.058647
0 0.296362 0.047984 0.100918 0.095969
0 0.336595 0.073909 0.096181 0.102901
0 0.364739 0.099903 0.102214 0.106557
0 0.401842 0.140785 0.116899 0.116230
0 0.446093 0.173520 0.102720 0.095935
0 0.586456 0.299172 0.073767 0.085804
0 0.883340 0.552026 0.077664 0.077918
0 0.972706 0.659450 0.033302 0.084386
0 0.932217 0.991136 0.024631 0.017728
0 0.462533 0.530316 0.080962 0.072711
0 0.399388 0.603353 0.079495 0.072695
0 0.334264 0.678716 0.066435 0.069005
0 0.182063 0.817389 0.075901 0.078209
0 0.073127 0.449602 0.086057 0.075616
0 0.146673 0.372856 0.074574 0.070108
0 0.246630 0.263053 0.077713 0.075645
1 0.495622 0.500000 0.991244 1.000000
