0 0.230469 0.892188 0.037500 0.089063
0 0.299884 0.755640 0.086980 0.094342
0 0.648765 0.644455 0.099622 0.086955
0 0.110294 0.389044 0.096365 0.081427
0 0.084379 0.422187 0.100239 0.082159
0 0.057191 0.458574 0.091835 0.073258
0 0.039979 0.494678 0.079958 0.077305
0 0.027064 0.526126 0.054127 0.076098
0 0.269897 0.157465 0.091975 0.080402
0 0.297715 0.117805 0.086204 0.082515
0 0.323077 0.085999 0.092374 0.088643
0 0.377869 0.030076 0.091243 0.060152
0 0.081474 0.960533 0.087649 0.073754
0 0.029399 0.923249 0.049814 0.081026
0 0.539444 0.798936 0.115914 0.092987
0 0.487006 0.884966 0.102702 0.098923
0 0.425814 0.566841 0.082946 0.104366
0 0.350223 0.519656 0.091212 0.105743
0 0.319406 0.491599 0.081695 0.097204
0 0.280798 0.465073 0.082655 0.093012
0 0.334780 0.392903 0.090353 0.098509
0 0.368816 0.416031 0.081929 0.092649
0 0.409250 0.433486 0.081630 0.091193
0 0.475707 0.480555 0.078806 0.094660
0 0.696914 0.575129 0.087029 0.075340
0 0.839457 0.359400 0.078797 0.077414
0 0.452225 0.223283 0.094355 0.099584
0 0.153648 0.644124 0.072107 0.083037
0 0.187242 0.671274 0.087025 0.094227
0 0.224022 0.222729 0.065324 0.061094
0 0.098788 0.722579 0.067283 0.077189
0 0.462326 0.595388 0.079700 0.100347
2 0.583529 0.253986 0.150343 0.179911
2 0.234193 0.755041 0.138000 0.167270
1 0.499593 0.499075 0.999186 0.997967
