0 0.010156 0.525781 0.020313 0.042188
0 0.268477 0.034206 0.064277 0.046696
0 0.201407 0.071960 0.071434 0.082455
0 0.165114 0.102602 0.061164 0.082152
0 0.126275 0.135420 0.062687 0.082368
0 0.066525 0.189902 0.076871 0.086332
0 0.398165 0.219247 0.065528 0.062885
0 0.444064 0.291293 0.072751 0.067271
0 0.473493 0.326272 0.079235 0.067081
0 0.427740 0.662990 0.063600 0.077672
0 0.196676 0.311125 0.074365 0.066257
0 0.120930 0.369754 0.086751 0.082161
0 0.144708 0.409074 0.103347 0.099387
0 0.180583 0.437923 0.082350 0.077617
0 0.208346 0.475182 0.094555 0.080593
0 0.231240 0.519634 0.091098 0.073039
0 0.261427 0.558961 0.079105 0.071329
0 0.222265 0.815388 0.081643 0.083769
0 0.090092 0.684453 0.092289 0.080573
0 0.062383 0.649926 0.089691 0.085012
0 0.044289 0.610259 0.078433 0.085188
0 0.027871 0.569710 0.051171 0.071073
0 0.031005 0.208971 0.062009 0.085938
0 0.100197 0.157345 0.077373 0.082657
0 0.258097 0.379323 0.081587 0.071073
0 0.280938 0.416182 0.087083 0.074010
0 0.346987 0.488981 0.089836 0.076615
0 0.501205 0.601436 0.076315 0.081895
0 0.536547 0.572195 0.073864 0.080805
0 0.851215 0.313334 0.060657 0.060880
0 0.570199 0.540690 0.067923 0.071684
0 0.374306 0.178335 0.075516 0.068638
0 0.234857 0.056354 0.085950 0.085969
2 0.732972 0.066749 0.160208 0.133498
1 0.495168 0.500000 0.990337 1.000000
