1 0.562669 0.347982 0.874663 0.695964
3 0.984699 0.299774 0.030601 0.060340
3 0.968656 0.349644 0.062689 0.087597
3 0.934479 0.070143 0.113419 0.087565
3 0.762587 0.107640 0.113420 0.103579
3 0.843306 0.173745 0.113419 0.103579
3 0.729465 0.144155 0.113420 0.103579
3 0.813075 0.210653 0.113420 0.103579
3 0.906374 0.093760 0.109244 0.096103
3 0.967425 0.050955 0.065151 0.043537
3 0.830070 0.047143 0.096970 0.057348
3 0.870344 0.035392 0.048970 0.024857
3 0.556511 0.024660 0.087808 0.049321
3 0.536376 0.265082 0.106384 0.116344
3 0.652687 0.354818 0.106384 0.116344
3 0.614015 0.323815 0.106384 0.116345
3 0.575664 0.293917 0.106384 0.116345
3 0.424215 0.171856 0.106384 0.116344
3 0.461704 0.203537 0.106384 0.116345
3 0.499163 0.234811 0.106384 0.116344
3 0.348388 0.111531 0.106384 0.116344
3 0.386674 0.141681 0.106384 0.116345
3 0.689321 0.385541 0.106384 0.116344
3 0.268832 0.051897 0.106384 0.103793
3 0.307759 0.076933 0.107583 0.118319
3 0.841504 0.506286 0.106384 0.116344
3 0.804874 0.476092 0.106384 0.116344
3 0.764882 0.446025 0.106384 0.116345
3 0.727788 0.416589 0.106384 0.116345
3 0.971346 0.654495 0.044047 0.084424
3 0.954560 0.609767 0.084334 0.116344
3 0.927293 0.576556 0.106384 0.116344
3 0.220795 0.036669 0.102515 0.073337
3 0.163174 0.018582 0.072416 0.037165
2 0.829941 0.103775 0.197759 0.173142
2 0.883162 0.543751 0.101018 0.111264
0 0.466406 0.213281 0.053125 0.100000
0 0.391406 0.140625 0.081250 0.103125
0 0.232031 0.026562 0.095312 0.053125
0 0.692764 0.381533 0.083914 0.094335
