0 0.502344 0.014063 0.039062 0.028125
0 0.028094 0.296824 0.056189 0.065961
0 0.066368 0.230456 0.082248 0.068404
0 0.094055 0.193404 0.082248 0.057818
0 0.124186 0.153502 0.082248 0.059446
0 0.174674 0.092020 0.087134 0.073290
0 0.220430 0.416016 0.059752 0.065362
0 0.293846 0.457749 0.063963 0.072476
0 0.329805 0.484779 0.063518 0.078990
0 0.657980 0.422638 0.078176 0.060261
0 0.300489 0.213355 0.063518 0.074919
0 0.354314 0.135936 0.078615 0.086204
0 0.394289 0.157249 0.095265 0.102771
0 0.424286 0.190783 0.074206 0.081892
0 0.462314 0.216288 0.077168 0.093814
0 0.507117 0.236670 0.070363 0.090585
0 0.547367 0.264106 0.068857 0.078701
0 0.797132 0.212483 0.083467 0.078250
0 0.661618 0.089498 0.077213 0.091832
0 0.626158 0.064116 0.081497 0.089144
0 0.585966 0.043487 0.081338 0.086975
0 0.550822 0.029831 0.079875 0.059459
0 0.191409 0.049200 0.085550 0.072342
0 0.144337 0.126524 0.082204 0.073894
0 0.370548 0.270072 0.067893 0.080861
0 0.408086 0.290687 0.070725 0.086261
0 0.482819 0.352014 0.072969 0.089182
0 0.601365 0.497504 0.081523 0.072895
0 0.574483 0.533823 0.080091 0.070357
0 0.336178 0.856442 0.059736 0.058432
0 0.545100 0.568583 0.070844 0.065258
0 0.179143 0.394597 0.065534 0.075297
0 0.047947 0.264509 0.094239 0.082152
2 0.084380 0.752660 0.133651 0.160508
1 0.497890 0.501076 0.995780 0.995171
