1 0.399704 0.751417 0.756552 0.497166
3 0.264506 0.694734 0.106886 0.090358
3 0.280307 0.764065 0.099654 0.087963
3 0.299579 0.826643 0.102201 0.087676
3 0.312851 0.880509 0.095069 0.068811
3 0.324322 0.921099 0.095476 0.069755
3 0.334395 0.965634 0.095000 0.064234
3 0.339994 0.986898 0.091557 0.026204
3 0.243984 0.628983 0.100675 0.085987
3 0.387938 0.594259 0.110679 0.097965
3 0.405449 0.663165 0.101662 0.082104
3 0.418589 0.710885 0.099241 0.062222
3 0.430234 0.754945 0.100475 0.067549
3 0.445326 0.797140 0.101781 0.065353
3 0.455091 0.844644 0.099394 0.072406
3 0.462419 0.888937 0.106193 0.065335
3 0.473273 0.926282 0.102931 0.063154
3 0.480469 0.967187 0.107813 0.065625
3 0.489063 0.989844 0.103125 0.020313
3 0.139063 0.982812 0.068750 0.034375
3 0.128125 0.950781 0.068750 0.057813
3 0.116406 0.907813 0.067187 0.056250
3 0.105469 0.866406 0.065625 0.056250
3 0.094531 0.825000 0.065625 0.056250
3 0.083594 0.782813 0.062500 0.054688
3 0.072656 0.739844 0.062500 0.053125
3 0.061719 0.698438 0.062500 0.054688
2 0.051562 0.657813 0.060937 0.050000
2 0.359195 0.784025 0.156986 0.431951
2 0.666205 0.729312 0.214930 0.447914
3 0.609375 0.622656 0.106250 0.075000
3 0.619531 0.664844 0.101562 0.062500
3 0.629687 0.707812 0.101562 0.067187
3 0.642188 0.743750 0.101562 0.065625
3 0.656250 0.789844 0.106250 0.073438
3 0.664844 0.835156 0.101562 0.064062
3 0.688281 0.915625 0.106250 0.073438
3 0.675781 0.873437 0.103125 0.060937
3 0.695312 0.953125 0.096875 0.048438
3 0.592998 0.573900 0.102400 0.064773
0 0.135937 0.983594 0.059375 0.032813
0 0.122656 0.949219 0.057813 0.053125
0 0.113281 0.910937 0.050000 0.042188
0 0.100000 0.871875 0.051562 0.046875
0 0.092969 0.826562 0.057813 0.042188
0 0.080469 0.785156 0.053125 0.042188
0 0.066406 0.743750 0.048438 0.046875
0 0.057031 0.699219 0.051562 0.048438
0 0.341406 0.989062 0.089063 0.021875
0 0.322656 0.918750 0.081250 0.054688
0 0.303906 0.880469 0.089063 0.050000
0 0.282031 0.826562 0.115625 0.075000
0 0.266406 0.767188 0.098437 0.060937
0 0.258594 0.693750 0.087500 0.059375
0 0.482812 0.992969 0.081250 0.014063
0 0.464844 0.970313 0.089063 0.051562
0 0.466406 0.930469 0.085938 0.050000
0 0.458594 0.886719 0.092188 0.051562
0 0.446875 0.841406 0.084375 0.054688
0 0.428906 0.800000 0.075000 0.048438
0 0.415625 0.756250 0.078125 0.050000
0 0.404687 0.715625 0.084375 0.054688
0 0.395313 0.661719 0.089063 0.065625
0 0.376563 0.601562 0.079687 0.059375
0 0.701562 0.953906 0.082812 0.040625
0 0.683594 0.919531 0.084375 0.054688
0 0.679688 0.871875 0.089063 0.051562
0 0.668750 0.831250 0.089063 0.050000
0 0.652344 0.789844 0.084375 0.054688
0 0.648438 0.745313 0.082812 0.050000
0 0.630469 0.703906 0.098437 0.056250
0 0.606250 0.622656 0.095312 0.064062
0 0.592187 0.574219 0.098437 0.060937
