0 0.122656 0.841406 0.079687 0.035937
0 0.514062 0.595313 0.085938 0.035937
0 0.513281 0.645312 0.089063 0.042188
0 0.510156 0.692187 0.096875 0.040625
0 0.507812 0.739844 0.103125 0.043750
0 0.502344 0.785937 0.093750 0.050000
0 0.507031 0.830469 0.092188 0.057813
0 0.508594 0.877344 0.095312 0.048438
0 0.503906 0.925781 0.093750 0.045312
0 0.503125 0.968750 0.098437 0.051562
0 0.600781 0.976562 0.101562 0.046875
0 0.602344 0.930469 0.090625 0.040625
0 0.607812 0.887500 0.106250 0.053125
0 0.609375 0.836719 0.117188 0.051562
0 0.606250 0.788281 0.104688 0.051562
0 0.610938 0.742188 0.104688 0.051562
0 0.616406 0.692187 0.098437 0.042188
0 0.618750 0.650781 0.101562 0.051562
0 0.620313 0.600000 0.118750 0.053125
0 0.721094 0.954688 0.079687 0.090625
0 0.850781 0.556250 0.085938 0.053125
0 0.853125 0.611719 0.092188 0.051562
0 0.850000 0.658594 0.090625 0.042188
0 0.846094 0.700000 0.100000 0.059375
0 0.845313 0.750000 0.095312 0.056250
0 0.843750 0.800000 0.092188 0.056250
0 0.836719 0.892188 0.096875 0.056250
0 0.826562 0.976562 0.090625 0.046875
0 0.959375 0.577344 0.078125 0.042188
0 0.950781 0.649219 0.075000 0.045312
0 0.950000 0.707031 0.092188 0.054688
0 0.934375 0.889062 0.098437 0.053125
0 0.954688 0.800781 0.079687 0.045312
0 0.943750 0.846094 0.085938 0.048438
0 0.288281 0.644531 0.101562 0.065625
0 0.931250 0.935156 0.090625 0.051562
0 0.928906 0.975781 0.095312 0.048438
0 0.140625 0.799219 0.079687 0.053125
0 0.280469 0.980469 0.085938 0.032813
0 0.297656 0.792188 0.120313 0.065625
0 0.137500 0.702344 0.084375 0.048438
0 0.134375 0.644531 0.092188 0.054688
0 0.139844 0.977344 0.090625 0.034375
0 0.284375 0.849219 0.095312 0.048438
0 0.296094 0.724219 0.104688 0.057813
0 0.139063 0.750000 0.082812 0.050000
0 0.125781 0.941406 0.089063 0.048438
0 0.143750 0.570312 0.081250 0.046875
0 0.122656 0.894531 0.089063 0.056250
0 0.279687 0.898438 0.092188 0.053125
0 0.293750 0.568750 0.092188 0.048438
0 0.396094 0.900781 0.082812 0.104688
1 0.499219 0.758594 0.998437 0.482812
