0 0.024219 0.620313 0.028125 0.046875
0 0.322424 0.986200 0.041234 0.027601
0 0.266049 0.975314 0.054044 0.049371
0 0.186408 0.952927 0.068189 0.094146
0 0.526172 0.826822 0.075915 0.056149
0 0.554856 0.736333 0.086156 0.061785
0 0.574289 0.689463 0.092771 0.056925
0 0.423523 0.348702 0.058581 0.093181
0 0.285646 0.790515 0.089631 0.060818
0 0.187815 0.750714 0.097536 0.074535
0 0.200912 0.701184 0.116640 0.091151
0 0.228791 0.660917 0.092947 0.070056
0 0.247736 0.613120 0.105452 0.073427
0 0.259529 0.559418 0.102780 0.069070
0 0.278385 0.508307 0.089496 0.068284
0 0.159504 0.249722 0.074838 0.095512
0 0.060116 0.428765 0.104497 0.073785
0 0.046055 0.474367 0.092111 0.078030
0 0.038199 0.525564 0.076397 0.072192
0 0.028509 0.573201 0.057017 0.065560
0 0.134313 0.949953 0.068582 0.097524
0 0.233493 0.968213 0.063219 0.063575
0 0.329274 0.700346 0.090481 0.063818
0 0.342691 0.653530 0.096297 0.066606
0 0.391589 0.557589 0.100483 0.067506
0 0.519291 0.391104 0.068489 0.092926
0 0.566092 0.411169 0.065134 0.089645
0 0.974859 0.590737 0.050282 0.063969
0 0.611702 0.435261 0.063190 0.078305
0 0.513230 0.877333 0.086417 0.061438
2 0.916161 0.872992 0.167678 0.086263
1 0.500000 0.564814 1.000000 0.870372
