1 0.500000 0.500000 1.000000 1.000000
3 0.052344 0.217188 0.098437 0.065625
3 0.061719 0.260937 0.100000 0.059375
3 0.156250 0.735156 0.100000 0.060937
3 0.148438 0.692969 0.100000 0.059375
3 0.140625 0.649219 0.100000 0.059375
3 0.131250 0.607812 0.100000 0.059375
3 0.122656 0.562500 0.100000 0.059375
3 0.114844 0.520312 0.100000 0.059375
3 0.096094 0.430469 0.100000 0.059375
3 0.087500 0.387500 0.100000 0.059375
3 0.192188 0.905469 0.098437 0.060937
3 0.185156 0.862500 0.100000 0.060937
3 0.174219 0.820312 0.100000 0.060937
3 0.164844 0.777344 0.100000 0.060937
3 0.079687 0.344531 0.100000 0.060937
3 0.144531 0.197656 0.101562 0.062500
3 0.135937 0.153125 0.100000 0.059375
3 0.047656 0.171875 0.095312 0.062500
3 0.071094 0.301563 0.100000 0.059375
3 0.180469 0.368750 0.100000 0.059375
3 0.171875 0.326562 0.100000 0.059375
3 0.161719 0.283594 0.100000 0.059375
3 0.153125 0.240625 0.100000 0.059375
3 0.224219 0.589063 0.100000 0.059375
3 0.216406 0.545312 0.100000 0.059375
3 0.207813 0.502344 0.100000 0.059375
3 0.196875 0.457031 0.100000 0.059375
3 0.189844 0.413281 0.100000 0.059375
3 0.273438 0.844531 0.100000 0.059375
3 0.266406 0.803125 0.100000 0.059375
3 0.257031 0.759375 0.100000 0.059375
3 0.249219 0.715625 0.100000 0.059375
3 0.241406 0.672656 0.100000 0.059375
3 0.232813 0.631250 0.100000 0.059375
3 0.310156 0.992188 0.101562 0.015625
3 0.300000 0.971094 0.100000 0.057813
3 0.292187 0.930469 0.100000 0.059375
3 0.372656 0.239063 0.100000 0.059375
3 0.282813 0.887500 0.100000 0.059375
3 0.366406 0.196875 0.100000 0.059375
3 0.357812 0.153125 0.100000 0.059375
3 0.350000 0.112500 0.100000 0.059375
3 0.339062 0.069531 0.100000 0.059375
3 0.203906 0.959375 0.104688 0.081250
3 0.415625 0.457031 0.100000 0.062500
3 0.407813 0.414062 0.100000 0.062500
3 0.399219 0.370312 0.101562 0.062500
3 0.388281 0.325781 0.100000 0.062500
3 0.380469 0.281250 0.100000 0.059375
3 0.380469 0.281250 0.100000 0.059375
3 0.425781 0.502344 0.103125 0.065625
3 0.475000 0.758594 0.103125 0.065625
3 0.510156 0.931250 0.103125 0.065625
3 0.503125 0.889062 0.103125 0.060937
3 0.493750 0.845313 0.103125 0.065625
3 0.485156 0.800781 0.103125 0.065625
3 0.442188 0.586719 0.103125 0.062500
3 0.450000 0.629687 0.098437 0.060937
3 0.457813 0.670312 0.103125 0.065625
3 0.466406 0.714063 0.103125 0.065625
3 0.439844 0.090625 0.103125 0.065625
3 0.431250 0.050781 0.098437 0.059375
3 0.433594 0.545312 0.103125 0.060937
3 0.448437 0.135937 0.103125 0.065625
3 0.491406 0.351562 0.101562 0.062500
3 0.481250 0.310156 0.100000 0.059375
3 0.473438 0.265625 0.098437 0.060937
3 0.465625 0.221875 0.101562 0.062500
3 0.456250 0.178906 0.101562 0.065625
3 0.534375 0.569531 0.100000 0.062500
3 0.526563 0.526563 0.100000 0.057813
3 0.518750 0.483594 0.101562 0.062500
3 0.508594 0.439063 0.101562 0.062500
3 0.500000 0.395313 0.101562 0.067187
3 0.542969 0.612500 0.100000 0.059375
3 0.578125 0.783594 0.100000 0.059375
3 0.585938 0.826562 0.100000 0.059375
3 0.592969 0.867188 0.100000 0.059375
3 0.604688 0.910156 0.100000 0.059375
2 0.602344 0.960938 0.100000 0.059375
3 0.550781 0.654687 0.100000 0.059375
3 0.560156 0.696875 0.100000 0.059375
3 0.569531 0.740625 0.101562 0.062500
2 0.042188 0.115625 0.084375 0.071875
2 0.125781 0.078906 0.068750 0.032813
3 0.128906 0.110937 0.096875 0.057813
3 0.333594 0.035937 0.098437 0.042188
3 0.424219 0.018750 0.092188 0.037500
3 0.746875 0.552344 0.096875 0.064062
3 0.675000 0.201563 0.093750 0.057813
3 0.682031 0.244531 0.096875 0.064062
3 0.727344 0.465625 0.096875 0.064062
3 0.691406 0.290625 0.096875 0.064062
3 0.697656 0.332031 0.096875 0.064062
3 0.708594 0.375781 0.096875 0.064062
3 0.717187 0.421875 0.096875 0.064062
3 0.784375 0.016406 0.096875 0.032813
3 0.639062 0.028906 0.096875 0.057813
3 0.650000 0.072656 0.096875 0.064062
3 0.657813 0.114844 0.096875 0.064062
3 0.666406 0.160156 0.096875 0.064062
3 0.846094 0.305469 0.096875 0.064062
3 0.837500 0.261719 0.096875 0.064062
3 0.792969 0.044531 0.096875 0.064062
3 0.801562 0.088281 0.096875 0.064062
3 0.826562 0.217188 0.093750 0.059375
3 0.764844 0.639844 0.096875 0.064062
3 0.818750 0.177344 0.093750 0.054688
3 0.863281 0.391406 0.096875 0.064062
3 0.811719 0.135937 0.096875 0.064062
3 0.854688 0.349219 0.096875 0.064062
3 0.846094 0.304688 0.096875 0.064062
3 0.755469 0.596094 0.096875 0.064062
3 0.775781 0.695312 0.100000 0.078125
3 0.934375 0.739062 0.096875 0.064062
3 0.926562 0.696094 0.096875 0.064062
3 0.916406 0.652344 0.096875 0.064062
3 0.907813 0.607031 0.096875 0.064062
3 0.897656 0.564844 0.096875 0.064062
3 0.890625 0.522656 0.095312 0.060937
3 0.880469 0.478125 0.096875 0.064062
3 0.871094 0.435937 0.096875 0.064062
3 0.628906 0.010156 0.098437 0.020313
3 0.736719 0.509375 0.095312 0.060937
3 0.789062 0.757031 0.103125 0.082812
3 0.801562 0.825000 0.100000 0.087500
3 0.817969 0.892188 0.100000 0.085938
3 0.946875 0.795312 0.100000 0.082812
3 0.955469 0.862500 0.089063 0.084375
0 0.049219 0.168750 0.090625 0.053125
0 0.089063 0.386719 0.084375 0.056250
3 0.103906 0.475781 0.098437 0.067187
0 0.096094 0.480469 0.101562 0.062500
0 0.123438 0.560937 0.085938 0.050000
0 0.131250 0.606250 0.095312 0.056250
0 0.139844 0.649219 0.089063 0.050000
0 0.150000 0.690625 0.076563 0.045312
0 0.153906 0.732812 0.085938 0.051562
0 0.157812 0.777344 0.087500 0.054688
0 0.157031 0.821875 0.087500 0.051562
0 0.182812 0.906250 0.092188 0.060937
0 0.192188 0.958594 0.073438 0.046875
0 0.142969 0.198437 0.078125 0.050000
0 0.158594 0.235156 0.079687 0.048438
0 0.160938 0.281250 0.087500 0.051562
0 0.172656 0.324219 0.101562 0.065625
0 0.180469 0.367969 0.078125 0.051562
0 0.182812 0.411719 0.085938 0.053125
0 0.195312 0.457031 0.107813 0.060937
0 0.199219 0.502344 0.087500 0.051562
0 0.213281 0.545312 0.084375 0.051562
0 0.227344 0.589063 0.089063 0.051562
0 0.233594 0.628125 0.084375 0.050000
0 0.246875 0.714844 0.087500 0.053125
0 0.255469 0.797656 0.092188 0.054688
0 0.268750 0.846094 0.093750 0.054688
0 0.271875 0.890625 0.090625 0.054688
0 0.273438 0.931250 0.087500 0.053125
0 0.287500 0.972656 0.090625 0.054688
0 0.327344 0.035156 0.103125 0.039062
0 0.350000 0.107813 0.087500 0.056250
0 0.363281 0.151562 0.089063 0.054688
0 0.362500 0.198437 0.081250 0.051562
0 0.374219 0.239063 0.095312 0.059375
0 0.378906 0.281250 0.089063 0.054688
0 0.388281 0.327344 0.090625 0.053125
0 0.392188 0.372656 0.079687 0.046875
0 0.400781 0.417969 0.087500 0.051562
0 0.418750 0.455469 0.081250 0.051562
0 0.424219 0.502344 0.089063 0.051562
0 0.433594 0.541406 0.089063 0.051562
0 0.442969 0.587500 0.089063 0.051562
0 0.456250 0.626563 0.076563 0.048438
0 0.451562 0.671875 0.090625 0.054688
0 0.465625 0.713281 0.089063 0.051562
0 0.475781 0.758594 0.090625 0.054688
0 0.481250 0.798438 0.090625 0.059375
0 0.491406 0.844531 0.093750 0.054688
0 0.490625 0.889062 0.096875 0.057813
0 0.506250 0.935937 0.110937 0.070312
0 0.421094 0.017188 0.082812 0.034375
0 0.428125 0.053125 0.073438 0.042188
0 0.444531 0.090625 0.085938 0.046875
0 0.450781 0.136719 0.085938 0.050000
0 0.459375 0.178906 0.087500 0.053125
0 0.460156 0.222656 0.079687 0.045312
0 0.471094 0.267188 0.090625 0.054688
0 0.478906 0.311719 0.090625 0.056250
0 0.482812 0.355469 0.082812 0.050000
0 0.490625 0.400781 0.076563 0.051562
0 0.500000 0.441406 0.084375 0.053125
0 0.507031 0.484375 0.092188 0.057813
0 0.525000 0.528125 0.092188 0.048438
0 0.535937 0.571094 0.090625 0.054688
0 0.543750 0.612500 0.085938 0.046875
0 0.547656 0.657031 0.085938 0.050000
0 0.552344 0.694531 0.087500 0.051562
0 0.562500 0.739062 0.081250 0.048438
0 0.575781 0.784375 0.092188 0.051562
0 0.581250 0.825781 0.082812 0.050000
0 0.584375 0.873437 0.085938 0.050000
0 0.595313 0.914844 0.081250 0.042188
0 0.631250 0.007031 0.087500 0.014063
0 0.639062 0.035156 0.103125 0.059375
0 0.651563 0.075781 0.082812 0.046875
0 0.655469 0.120313 0.084375 0.053125
0 0.671875 0.158594 0.090625 0.057813
0 0.680469 0.203906 0.082812 0.050000
0 0.688281 0.248438 0.087500 0.056250
0 0.703125 0.287500 0.092188 0.056250
0 0.706250 0.334375 0.090625 0.053125
0 0.710156 0.376563 0.082812 0.053125
0 0.721094 0.421875 0.093750 0.057813
0 0.728906 0.464844 0.090625 0.054688
0 0.736719 0.504687 0.087500 0.056250
0 0.759375 0.596875 0.082812 0.053125
0 0.757812 0.636719 0.085938 0.056250
0 0.764844 0.696875 0.109375 0.064062
0 0.778906 0.757812 0.085938 0.057813
0 0.800000 0.823438 0.089063 0.056250
0 0.946094 0.859375 0.082812 0.056250
0 0.940625 0.798438 0.087500 0.056250
0 0.924219 0.742969 0.085938 0.053125
0 0.915625 0.699219 0.087500 0.054688
0 0.901563 0.657031 0.084375 0.053125
0 0.903906 0.612500 0.087500 0.051562
0 0.893750 0.566406 0.096875 0.060937
0 0.885156 0.521875 0.089063 0.053125
0 0.864844 0.484375 0.093750 0.054688
0 0.859375 0.439844 0.090625 0.056250
0 0.864062 0.394531 0.082812 0.053125
0 0.846094 0.350781 0.090625 0.057813
0 0.842969 0.305469 0.078125 0.048438
0 0.819531 0.267969 0.078125 0.048438
0 0.821094 0.220312 0.084375 0.050000
0 0.817187 0.177344 0.089063 0.053125
0 0.805469 0.131250 0.084375 0.053125
0 0.798438 0.088281 0.078125 0.051562
0 0.778906 0.047656 0.087500 0.053125
0 0.779687 0.012500 0.090625 0.025000
