0 0.876563 0.191406 0.093750 0.043750
0 0.742967 0.272595 0.094377 0.091491
0 0.654902 0.634408 0.091679 0.099555
0 0.357651 0.106321 0.085908 0.096369
0 0.389150 0.077580 0.086950 0.100517
0 0.424292 0.048938 0.077535 0.088831
0 0.460599 0.034371 0.079372 0.066606
0 0.501488 0.019464 0.056811 0.038929
0 0.134219 0.284363 0.084486 0.092578
0 0.095865 0.315461 0.086432 0.086145
0 0.065574 0.343758 0.093684 0.091703
0 0.022340 0.411650 0.044681 0.075330
0 0.933415 0.040878 0.070589 0.081757
0 0.803479 0.512506 0.098035 0.116136
0 0.887573 0.452945 0.104690 0.103157
0 0.560210 0.413552 0.104620 0.087466
0 0.507107 0.340240 0.106237 0.096196
0 0.476433 0.311357 0.097420 0.086612
0 0.446821 0.273616 0.093749 0.086739
0 0.377289 0.333698 0.099009 0.094582
0 0.403674 0.366283 0.092692 0.085942
0 0.424055 0.406076 0.092092 0.086241
0 0.476553 0.470172 0.095766 0.083782
0 0.587826 0.687917 0.078960 0.087784
0 0.379308 0.847765 0.081603 0.079334
0 0.213763 0.464916 0.100215 0.098999
0 0.619476 0.131978 0.083353 0.075959
0 0.649555 0.164327 0.094056 0.091908
0 0.196982 0.233602 0.065457 0.064131
0 0.695066 0.070938 0.077069 0.070996
0 0.591796 0.448758 0.100757 0.084251
2 0.254749 0.596068 0.178264 0.158897
2 0.737777 0.206178 0.166227 0.147474
1 0.498077 0.500000 0.996154 1.000000
