0 0.028125 0.267969 0.056250 0.051562
0 0.453906 0.439844 0.093750 0.053125
0 0.442969 0.389844 0.096875 0.059375
0 0.431250 0.342969 0.104688 0.060937
0 0.419531 0.296094 0.110937 0.064062
0 0.404687 0.250000 0.101562 0.068750
0 0.401562 0.204687 0.103125 0.076563
0 0.392969 0.157812 0.103125 0.067187
0 0.379688 0.109375 0.103125 0.062500
0 0.369531 0.067187 0.106250 0.070312
0 0.363281 0.031250 0.106250 0.046875
0 0.457031 0.012500 0.104688 0.025000
0 0.465625 0.037500 0.110937 0.070312
0 0.477344 0.085156 0.100000 0.057813
0 0.492188 0.127344 0.115625 0.073438
0 0.502344 0.178906 0.126562 0.073438
0 0.509375 0.227344 0.114062 0.070312
0 0.521875 0.274219 0.114062 0.070312
0 0.537500 0.322656 0.106250 0.060937
0 0.548438 0.364063 0.110937 0.071875
0 0.559375 0.414844 0.126562 0.076563
0 0.589844 0.045312 0.101562 0.090625
0 0.799219 0.413281 0.096875 0.070312
0 0.790625 0.357031 0.101562 0.068750
0 0.778906 0.311719 0.100000 0.059375
0 0.767188 0.269531 0.110937 0.078125
0 0.757031 0.219531 0.106250 0.075000
0 0.745313 0.169531 0.101562 0.073438
0 0.720313 0.079687 0.106250 0.075000
0 0.694531 0.013281 0.101562 0.026562
0 0.907031 0.370312 0.092188 0.059375
0 0.882031 0.300781 0.085938 0.059375
0 0.871094 0.242188 0.101562 0.073438
0 0.818750 0.062500 0.107813 0.071875
0 0.860156 0.146094 0.096875 0.064062
0 0.837500 0.103906 0.095312 0.064062
0 0.217188 0.434375 0.112500 0.085938
0 0.806250 0.025781 0.100000 0.051562
0 0.041406 0.306250 0.082812 0.068750
0 0.142969 0.089844 0.095312 0.065625
0 0.198437 0.284375 0.132812 0.089063
0 0.054688 0.405469 0.092188 0.064062
0 0.062500 0.464062 0.103125 0.071875
0 0.025000 0.119531 0.050000 0.067187
0 0.174219 0.229687 0.104688 0.067187
0 0.210156 0.352344 0.115625 0.079687
0 0.046875 0.357812 0.092188 0.067187
0 0.021875 0.167187 0.043750 0.065625
0 0.086719 0.536719 0.089063 0.062500
0 0.025781 0.214844 0.051562 0.073438
0 0.159375 0.181250 0.103125 0.071875
0 0.237500 0.508594 0.100000 0.067187
0 0.275781 0.156250 0.104688 0.121875
1 0.494531 0.302344 0.989062 0.604688
