1 0.629969 0.248894 0.718782 0.497788
3 0.332813 0.112500 0.096875 0.059375
3 0.338281 0.156250 0.096875 0.059375
3 0.343750 0.199219 0.096875 0.059375
3 0.352344 0.245312 0.096875 0.059375
3 0.357812 0.288281 0.096875 0.059375
3 0.364063 0.331250 0.096875 0.059375
3 0.325781 0.069531 0.096875 0.059375
3 0.565625 0.210938 0.096875 0.059375
3 0.560156 0.167969 0.096875 0.059375
3 0.542188 0.035937 0.096875 0.059375
3 0.547656 0.079687 0.096875 0.059375
3 0.554688 0.125781 0.096875 0.059375
3 0.571875 0.256250 0.096875 0.059375
3 0.653906 0.155469 0.096875 0.059375
3 0.646094 0.110937 0.096875 0.059375
3 0.638281 0.066406 0.096875 0.059375
3 0.580469 0.301563 0.096875 0.059375
3 0.672656 0.287500 0.096875 0.059375
3 0.664844 0.243750 0.096875 0.059375
3 0.658594 0.198437 0.096875 0.059375
3 0.631250 0.025000 0.096875 0.050000
3 0.535937 0.010937 0.093750 0.021875
3 0.321094 0.035156 0.093750 0.040625
3 0.692969 0.417969 0.096875 0.059375
3 0.686719 0.374219 0.096875 0.059375
3 0.679688 0.331250 0.096875 0.059375
3 0.589844 0.358594 0.103125 0.079687
3 0.599219 0.424219 0.101562 0.079687
3 0.855469 0.034375 0.096875 0.057813
3 0.860938 0.078906 0.096875 0.057813
3 0.867969 0.123438 0.096875 0.057813
3 0.875000 0.167187 0.096875 0.057813
3 0.881250 0.211719 0.096875 0.057813
3 0.889062 0.253906 0.096875 0.057813
3 0.902344 0.342969 0.096875 0.057813
3 0.895312 0.299219 0.096875 0.057813
3 0.850000 0.008594 0.096875 0.017188
3 0.964844 0.335938 0.037500 0.051562
3 0.957031 0.289844 0.037500 0.048438
3 0.950000 0.246094 0.037500 0.051562
3 0.942969 0.201563 0.037500 0.050000
3 0.935156 0.154688 0.039062 0.050000
3 0.914844 0.025000 0.037500 0.048438
3 0.923438 0.067969 0.034375 0.050000
3 0.928125 0.110937 0.039062 0.051562
0 0.307031 0.035156 0.065625 0.031250
0 0.317969 0.068750 0.082812 0.048438
0 0.340625 0.198437 0.084375 0.054688
0 0.349219 0.245312 0.092188 0.050000
0 0.360938 0.330469 0.093750 0.059375
0 0.534375 0.007031 0.084375 0.014063
0 0.538281 0.039062 0.079687 0.042188
0 0.543750 0.081250 0.064062 0.040625
0 0.551562 0.124219 0.085938 0.046875
0 0.551562 0.170313 0.085938 0.046875
0 0.545312 0.212500 0.076563 0.046875
0 0.569531 0.300000 0.085938 0.054688
0 0.574219 0.355469 0.070312 0.039062
0 0.579688 0.423438 0.085938 0.043750
0 0.636719 0.024219 0.078125 0.039062
0 0.646094 0.109375 0.089063 0.050000
0 0.650781 0.196094 0.076563 0.045312
0 0.661719 0.242969 0.082812 0.048438
0 0.658594 0.289062 0.084375 0.043750
0 0.663281 0.331250 0.081250 0.045312
0 0.669531 0.375781 0.090625 0.053125
0 0.684375 0.421094 0.089063 0.056250
0 0.850000 0.007812 0.093750 0.015625
0 0.862500 0.032031 0.073438 0.042188
0 0.857812 0.078125 0.079687 0.046875
0 0.866406 0.119531 0.092188 0.053125
0 0.874219 0.167187 0.087500 0.050000
0 0.878906 0.212500 0.085938 0.050000
0 0.886719 0.257031 0.085938 0.048438
0 0.886719 0.303906 0.085938 0.046875
0 0.895312 0.350000 0.110937 0.053125
0 0.917969 0.023438 0.029687 0.037500
0 0.924219 0.066406 0.031250 0.035937
0 0.932031 0.110156 0.029687 0.031250
0 0.939844 0.155469 0.028125 0.039062
0 0.945312 0.200000 0.031250 0.037500
0 0.953125 0.240625 0.028125 0.037500
0 0.957031 0.285938 0.034375 0.042188
0 0.966406 0.332813 0.032813 0.043750
2 0.966406 0.379688 0.046875 0.045312
2 0.369531 0.420312 0.093750 0.137500
2 0.904687 0.382031 0.084375 0.040625
