0 0.607812 0.625781 0.056250 0.096875
0 0.942969 0.796875 0.028125 0.092188
0 0.660937 0.397656 0.048438 0.085938
0 0.840625 0.658594 0.076563 0.095312
0 0.748437 0.422656 0.056250 0.096875
0 0.157031 0.532813 0.046875 0.089063
0 0.235937 0.154688 0.051562 0.092188
0 0.539062 0.950000 0.043750 0.084375
0 0.603125 0.239063 0.054688 0.095312
0 0.752344 0.648438 0.059375 0.085938
0 0.926562 0.696094 0.062500 0.089063
0 0.306250 0.314844 0.068750 0.096875
0 0.440625 0.332813 0.064062 0.095312
0 0.396094 0.332813 0.065625 0.092188
0 0.628125 0.956250 0.056250 0.087500
0 0.963281 0.698438 0.028125 0.084375
0 0.746875 0.269531 0.067187 0.096875
0 0.488281 0.350781 0.067187 0.098437
0 0.256250 0.300000 0.067187 0.095312
0 0.493750 0.924219 0.059375 0.093750
0 0.351562 0.322656 0.068750 0.096875
0 0.122656 0.264062 0.068750 0.096875
0 0.992188 0.328125 0.015625 0.096875
0 0.524219 0.600781 0.060937 0.095312
0 0.581250 0.373437 0.064062 0.095312
0 0.719531 0.751563 0.057813 0.093750
0 0.550000 0.709375 0.068750 0.101562
0 0.626563 0.029687 0.050000 0.037500
0 0.569531 0.610156 0.064062 0.095312
0 0.161719 0.282031 0.051562 0.081250
0 0.365625 0.896875 0.059375 0.096875
0 0.671875 0.039062 0.048438 0.032813
0 0.792969 0.289844 0.064062 0.089063
0 0.407813 0.677344 0.062500 0.092188
0 0.200781 0.539062 0.043750 0.067187
0 0.898438 0.086719 0.048438 0.032813
0 0.414062 0.910937 0.064062 0.092188
0 0.696875 0.262500 0.064062 0.092188
0 0.491406 0.010156 0.048438 0.020313
0 0.320312 0.893750 0.059375 0.085938
0 0.361719 0.665625 0.056250 0.089063
0 0.528906 0.363281 0.053125 0.084375
0 0.193750 0.125781 0.046875 0.070312
0 0.807813 0.978906 0.062500 0.042188
0 0.445312 0.004687 0.053125 0.009375
0 0.470313 0.192969 0.054688 0.078125
0 0.155469 0.120313 0.062500 0.089063
0 0.762500 0.059375 0.054688 0.039062
0 0.927344 0.300000 0.071875 0.110937
0 0.070312 0.262500 0.060937 0.089063
0 0.455469 0.917188 0.054688 0.084375
0 0.852344 0.076563 0.048438 0.032813
0 0.070312 0.509375 0.059375 0.089063
0 0.432031 0.175781 0.068750 0.090625
0 0.116406 0.517188 0.064062 0.093750
0 0.378125 0.183594 0.065625 0.106250
0 0.389062 0.571875 0.054688 0.092188
0 0.295312 0.145313 0.059375 0.076563
0 0.622656 0.379688 0.062500 0.092188
0 0.516406 0.206250 0.073438 0.115625
0 0.464844 0.689844 0.064062 0.095312
0 0.835938 0.450781 0.057813 0.096875
0 0.587500 0.018750 0.042188 0.029687
0 0.719531 0.045312 0.051562 0.028125
0 0.105469 0.116406 0.073438 0.109375
0 0.486719 0.989062 0.051562 0.021875
0 0.336719 0.160156 0.062500 0.078125
0 0.557813 0.224219 0.060937 0.089063
0 0.469531 0.603125 0.060937 0.089063
0 0.253906 0.876563 0.056250 0.100000
0 0.023438 0.492188 0.046875 0.093750
0 0.308594 0.671094 0.060937 0.079687
0 0.767188 0.128125 0.098437 0.060937
0 0.303125 0.956250 0.051562 0.034375
0 0.314063 0.542188 0.059375 0.062500
0 0.265625 0.532031 0.056250 0.056250
0 0.440625 0.981250 0.053125 0.037500
0 0.393750 0.447656 0.103125 0.082812
0 0.355469 0.965625 0.064062 0.040625
0 0.940625 0.096094 0.048438 0.032813
0 0.869531 0.302344 0.057813 0.096875
0 0.701562 0.414062 0.056250 0.085938
0 0.209375 0.280469 0.067187 0.093750
0 0.647656 0.248438 0.059375 0.089063
0 0.673438 0.965625 0.059375 0.068750
0 0.536719 0.017969 0.054688 0.035937
1 0.530484 0.187791 0.939033 0.375583
1 0.500000 0.599633 1.000000 0.800734
