0 0.518925 0.799004 0.097285 0.086608
0 0.547050 0.763395 0.095015 0.084073
0 0.569530 0.731372 0.096651 0.091409
0 0.595172 0.693286 0.094227 0.083641
0 0.621018 0.658213 0.084525 0.075383
0 0.646895 0.623432 0.084722 0.080739
0 0.675556 0.587165 0.107931 0.099412
0 0.693757 0.549463 0.090703 0.082251
0 0.791474 0.407354 0.084805 0.081822
0 0.677894 0.897881 0.078558 0.092178
0 0.723150 0.917164 0.079325 0.085143
0 0.789897 0.954421 0.082858 0.078460
0 0.837115 0.968648 0.060057 0.061075
0 0.802206 0.717710 0.083227 0.093400
0 0.872003 0.766108 0.078239 0.097733
0 0.908267 0.793853 0.083177 0.092592
0 0.970226 0.850249 0.057919 0.099978
0 0.855412 0.640660 0.087515 0.096403
0 0.892696 0.662045 0.084848 0.109357
0 0.924789 0.691603 0.085810 0.093305
0 0.960024 0.721613 0.074925 0.091434
0 0.984935 0.749796 0.028502 0.067907
0 0.418160 0.939332 0.062704 0.061075
0 0.467427 0.871336 0.070033 0.058632
0 0.969849 0.470849 0.058674 0.078507
1 0.657709 0.642559 0.682954 0.713252
