1 0.239847 0.330449 0.476675 0.657459
3 0.370630 0.224588 0.071673 0.091570
3 0.299962 0.224206 0.069493 0.086830
3 0.235096 0.226611 0.068699 0.087705
3 0.179596 0.227361 0.048600 0.087657
3 0.137792 0.225299 0.052715 0.089577
3 0.092707 0.227019 0.042843 0.093441
3 0.049311 0.224800 0.049571 0.087710
3 0.014746 0.225086 0.029493 0.086438
3 0.438822 0.220588 0.066027 0.088299
3 0.437926 0.368048 0.077807 0.094756
3 0.367173 0.367017 0.061854 0.090711
3 0.317099 0.369572 0.041867 0.093362
3 0.272992 0.369329 0.046527 0.092620
3 0.226704 0.373533 0.048150 0.092832
3 0.180934 0.372478 0.052423 0.093489
3 0.136393 0.369389 0.044772 0.098691
3 0.097190 0.369941 0.040961 0.096389
3 0.054688 0.367188 0.043750 0.100000
3 0.014844 0.367188 0.029687 0.098437
3 0.028125 0.030469 0.044531 0.060937
3 0.071094 0.031250 0.039062 0.062500
3 0.111719 0.030469 0.045312 0.060937
3 0.155469 0.030469 0.045312 0.060937
3 0.200781 0.030469 0.043750 0.058594
3 0.243750 0.029687 0.042969 0.059375
3 0.286719 0.029687 0.043750 0.057031
3 0.329688 0.028125 0.042969 0.054688
3 0.373437 0.028125 0.041406 0.054688
3 0.415625 0.027344 0.042969 0.054688
2 0.457813 0.027344 0.038281 0.054688
2 0.239023 0.293078 0.478046 0.050250
2 0.237192 0.602031 0.474384 0.105541
3 0.357812 0.575000 0.053125 0.096094
3 0.313281 0.573438 0.040625 0.093750
3 0.270313 0.573438 0.047656 0.092188
3 0.232031 0.576562 0.043750 0.094531
3 0.185156 0.578906 0.050781 0.096875
3 0.139063 0.576562 0.041406 0.092188
3 0.056250 0.579688 0.051562 0.095312
3 0.100000 0.578125 0.039062 0.095312
3 0.016406 0.578906 0.031250 0.093750
3 0.411431 0.570981 0.051971 0.092132
0 0.027344 0.031250 0.035156 0.053906
0 0.071875 0.030469 0.037500 0.056250
0 0.114062 0.029687 0.040625 0.050781
0 0.159375 0.026562 0.041406 0.047656
0 0.198437 0.026562 0.032813 0.044531
0 0.239063 0.022656 0.037500 0.045312
0 0.285938 0.026562 0.032031 0.053125
0 0.327344 0.025781 0.031250 0.046875
0 0.371875 0.021875 0.037500 0.040625
0 0.416406 0.022656 0.038281 0.045312
0 0.013281 0.223438 0.025781 0.077344
0 0.049219 0.223438 0.042188 0.080469
0 0.140625 0.226562 0.035937 0.075781
0 0.181250 0.217969 0.032031 0.083594
0 0.239063 0.209375 0.049219 0.107031
0 0.300781 0.208594 0.039062 0.089063
0 0.372656 0.218750 0.039062 0.078906
0 0.015625 0.359375 0.025000 0.078125
0 0.057031 0.351562 0.032813 0.084375
0 0.095312 0.362500 0.030469 0.081250
0 0.138281 0.365625 0.030469 0.085938
0 0.185156 0.364844 0.035937 0.078906
0 0.229687 0.357812 0.032813 0.068750
0 0.275000 0.355469 0.034375 0.071094
0 0.317188 0.354687 0.036719 0.077344
0 0.371094 0.358594 0.048438 0.078906
0 0.432812 0.354687 0.043750 0.071094
0 0.014844 0.584375 0.025000 0.079687
0 0.053125 0.575000 0.035937 0.077344
0 0.100781 0.582031 0.032813 0.083594
0 0.141406 0.581250 0.030469 0.082812
0 0.185938 0.575781 0.037500 0.077344
0 0.228906 0.582031 0.032031 0.078125
0 0.273438 0.575000 0.033594 0.092188
0 0.357812 0.571094 0.042969 0.086719
0 0.407813 0.569531 0.039844 0.090625
