1 0.500000 0.500000 1.000000 1.000000
3 0.130469 0.121875 0.047656 0.090625
3 0.174219 0.121875 0.040625 0.091406
3 0.653125 0.116406 0.040625 0.091406
3 0.610156 0.116406 0.040625 0.091406
3 0.566406 0.117969 0.040625 0.091406
3 0.525000 0.118750 0.040625 0.091406
3 0.478906 0.118750 0.040625 0.091406
3 0.436719 0.119531 0.040625 0.091406
3 0.346094 0.120313 0.040625 0.091406
3 0.302344 0.121094 0.040625 0.091406
3 0.825000 0.115625 0.041406 0.090625
3 0.781250 0.117969 0.040625 0.091406
3 0.738281 0.116406 0.040625 0.091406
3 0.695312 0.115625 0.040625 0.091406
3 0.259375 0.121875 0.041406 0.092969
3 0.131250 0.214844 0.043750 0.091406
3 0.085938 0.215625 0.040625 0.091406
3 0.085156 0.123438 0.043750 0.092969
3 0.215625 0.123438 0.040625 0.091406
3 0.303125 0.214844 0.040625 0.091406
3 0.260156 0.214844 0.040625 0.091406
3 0.217188 0.214062 0.040625 0.091406
3 0.174219 0.214844 0.040625 0.091406
3 0.525781 0.211719 0.040625 0.091406
3 0.481250 0.213281 0.040625 0.091406
3 0.438281 0.214062 0.040625 0.091406
3 0.392188 0.212500 0.040625 0.091406
3 0.348438 0.214844 0.040625 0.091406
3 0.782813 0.207031 0.040625 0.091406
3 0.740625 0.208594 0.040625 0.091406
3 0.696875 0.208594 0.040625 0.091406
3 0.653125 0.210156 0.040625 0.091406
3 0.609375 0.210938 0.040625 0.091406
3 0.567187 0.211719 0.040625 0.091406
3 0.949219 0.114844 0.066406 0.091406
3 0.958594 0.206250 0.049219 0.092188
3 0.913281 0.206250 0.040625 0.091406
3 0.870313 0.207031 0.040625 0.091406
3 0.217188 0.427344 0.040625 0.091406
3 0.825781 0.207031 0.040625 0.091406
3 0.175781 0.429688 0.040625 0.091406
3 0.131250 0.430469 0.040625 0.091406
3 0.090625 0.430469 0.040625 0.091406
3 0.046875 0.429688 0.040625 0.091406
3 0.881250 0.117188 0.065625 0.092188
3 0.437500 0.424219 0.043750 0.091406
3 0.393750 0.425000 0.042969 0.090625
3 0.350000 0.425781 0.042188 0.091406
3 0.304688 0.425000 0.044531 0.091406
3 0.259375 0.426563 0.040625 0.091406
3 0.260156 0.426563 0.040625 0.091406
3 0.482812 0.425000 0.046875 0.094531
3 0.740625 0.419531 0.046875 0.094531
3 0.915625 0.417969 0.046875 0.094531
3 0.872656 0.419531 0.041406 0.095312
3 0.828906 0.419531 0.045312 0.093750
3 0.784375 0.420312 0.046875 0.094531
3 0.567969 0.423438 0.042969 0.096094
3 0.611719 0.421875 0.041406 0.090625
3 0.652344 0.421094 0.046875 0.094531
3 0.695312 0.419531 0.046875 0.094531
3 0.088281 0.522656 0.046875 0.094531
3 0.046875 0.523438 0.040625 0.091406
3 0.526563 0.423438 0.041406 0.095312
3 0.132812 0.521094 0.046875 0.094531
3 0.350781 0.518750 0.043750 0.093750
3 0.307812 0.517188 0.041406 0.092188
3 0.264062 0.519531 0.041406 0.090625
3 0.220312 0.520312 0.042969 0.092969
3 0.175781 0.521094 0.046094 0.091406
3 0.570312 0.516406 0.042969 0.091406
3 0.526563 0.516406 0.038281 0.093750
3 0.483594 0.517969 0.042188 0.092969
3 0.439063 0.517188 0.042969 0.092188
3 0.394531 0.518750 0.047656 0.092969
3 0.613281 0.515625 0.041406 0.092188
3 0.786719 0.513281 0.041406 0.092188
3 0.829688 0.513281 0.041406 0.092188
3 0.870313 0.511719 0.041406 0.092188
3 0.913281 0.514062 0.041406 0.092188
2 0.962500 0.501563 0.041406 0.092188
3 0.656250 0.514062 0.041406 0.092188
3 0.699219 0.514844 0.041406 0.092188
3 0.743750 0.514062 0.043750 0.092188
2 0.028906 0.131250 0.057813 0.081250
2 0.010937 0.221875 0.021875 0.064844
3 0.043750 0.217969 0.041406 0.088281
3 0.012500 0.431250 0.025000 0.094531
3 0.012500 0.524219 0.025000 0.089063
3 0.596875 0.724219 0.045312 0.088281
3 0.242969 0.727344 0.041406 0.085938
3 0.286719 0.725781 0.045312 0.088281
3 0.508594 0.724219 0.045312 0.088281
3 0.332813 0.724219 0.045312 0.088281
3 0.374219 0.722656 0.045312 0.088281
3 0.418750 0.723437 0.045312 0.088281
3 0.464844 0.722656 0.045312 0.088281
3 0.072656 0.875000 0.045312 0.088281
3 0.028125 0.874219 0.045312 0.088281
3 0.065625 0.728125 0.045312 0.088281
3 0.113281 0.728906 0.045312 0.088281
3 0.156250 0.728906 0.045312 0.088281
3 0.201563 0.727344 0.045312 0.088281
3 0.378906 0.871875 0.045312 0.088281
3 0.334375 0.871875 0.045312 0.088281
3 0.115625 0.873437 0.045312 0.088281
3 0.160156 0.872656 0.045312 0.088281
3 0.289844 0.871094 0.041406 0.087500
3 0.685156 0.723437 0.045312 0.088281
3 0.250000 0.871094 0.037500 0.086719
3 0.465625 0.870313 0.045312 0.088281
3 0.207813 0.872656 0.045312 0.088281
3 0.423438 0.870313 0.045312 0.088281
3 0.378125 0.871094 0.045312 0.088281
3 0.640625 0.724219 0.045312 0.088281
3 0.741406 0.722656 0.060156 0.088281
3 0.816406 0.867188 0.045312 0.088281
3 0.773438 0.869531 0.045312 0.088281
3 0.728906 0.867969 0.045312 0.088281
3 0.683594 0.869531 0.045312 0.088281
3 0.640625 0.868750 0.045312 0.088281
3 0.597656 0.870313 0.042969 0.087500
3 0.553125 0.869531 0.045312 0.088281
3 0.510156 0.868750 0.045312 0.088281
3 0.026562 0.728125 0.053125 0.089844
3 0.553906 0.723437 0.042969 0.087500
3 0.804688 0.722656 0.064062 0.091406
3 0.871875 0.721875 0.069531 0.086719
3 0.940625 0.723437 0.067969 0.087500
3 0.874219 0.868750 0.064844 0.088281
3 0.941406 0.867969 0.066406 0.085156
0 0.082812 0.128906 0.035156 0.083594
0 0.302344 0.123438 0.039844 0.078125
3 0.390625 0.118750 0.048438 0.089844
0 0.393750 0.109375 0.043750 0.091406
0 0.477344 0.120313 0.034375 0.080469
0 0.522656 0.118750 0.039062 0.088281
0 0.565625 0.117188 0.032813 0.082812
0 0.608594 0.118750 0.030469 0.071875
0 0.650000 0.114062 0.035156 0.078906
0 0.693750 0.109375 0.038281 0.079687
0 0.736719 0.099219 0.035156 0.081250
0 0.823438 0.106250 0.042188 0.082812
0 0.875781 0.104688 0.035156 0.066406
0 0.944531 0.096875 0.032031 0.080469
0 0.130469 0.213281 0.035156 0.071875
0 0.169531 0.221094 0.033594 0.072656
0 0.214844 0.214062 0.035937 0.079687
0 0.259375 0.216406 0.045312 0.093750
0 0.303125 0.214844 0.038281 0.071875
0 0.345313 0.207813 0.035937 0.078125
0 0.392188 0.210938 0.040625 0.100000
0 0.436719 0.205469 0.035937 0.079687
0 0.480469 0.210156 0.035937 0.078125
0 0.525781 0.214844 0.035156 0.082812
0 0.564844 0.212500 0.035156 0.078906
0 0.652344 0.207813 0.036719 0.079687
0 0.734375 0.200000 0.035937 0.085156
0 0.782813 0.201563 0.038281 0.085938
0 0.826562 0.196094 0.036719 0.082812
0 0.867188 0.188281 0.038281 0.081250
0 0.911719 0.195312 0.039062 0.082812
0 0.957812 0.199219 0.043750 0.080469
0 0.010156 0.425000 0.020313 0.100000
0 0.085938 0.432812 0.039844 0.081250
0 0.130469 0.435937 0.038281 0.081250
0 0.176563 0.425781 0.036719 0.075000
0 0.217969 0.428906 0.041406 0.088281
0 0.259375 0.425000 0.038281 0.082031
0 0.305469 0.424219 0.035937 0.082812
0 0.350781 0.418750 0.032031 0.075000
0 0.396094 0.417969 0.035937 0.079687
0 0.436719 0.426563 0.037500 0.074219
0 0.482812 0.422656 0.032813 0.084375
0 0.522656 0.424219 0.032813 0.084375
0 0.567969 0.423438 0.034375 0.083594
0 0.610156 0.428906 0.033594 0.069531
0 0.652344 0.414844 0.038281 0.083594
0 0.695312 0.419531 0.033594 0.083594
0 0.740625 0.420312 0.037500 0.082812
0 0.780469 0.417187 0.042188 0.082031
0 0.827344 0.417969 0.035937 0.085156
0 0.870313 0.407813 0.039062 0.089844
0 0.917969 0.413281 0.049219 0.102344
0 0.012500 0.521094 0.019531 0.080469
0 0.048438 0.518750 0.028906 0.068750
0 0.089063 0.527344 0.031250 0.079687
0 0.134375 0.523438 0.032813 0.080469
0 0.177344 0.523438 0.036719 0.080469
0 0.219531 0.515625 0.028906 0.075000
0 0.264844 0.517188 0.038281 0.083594
0 0.309375 0.514844 0.038281 0.082812
0 0.352344 0.510156 0.033594 0.075781
0 0.397656 0.508594 0.035937 0.069531
0 0.439063 0.508594 0.037500 0.078125
0 0.482031 0.506250 0.039062 0.085156
0 0.528125 0.514844 0.030469 0.085938
0 0.571875 0.516406 0.036719 0.082812
0 0.614062 0.516406 0.031250 0.079687
0 0.657813 0.510938 0.033594 0.079687
0 0.695312 0.507812 0.033594 0.081250
0 0.740625 0.507812 0.033594 0.074219
0 0.786719 0.511719 0.033594 0.086719
0 0.827344 0.508594 0.034375 0.078125
0 0.875000 0.501563 0.033594 0.079687
0 0.917188 0.503906 0.026562 0.077344
0 0.027344 0.729688 0.036719 0.081250
0 0.075000 0.726562 0.040625 0.096094
0 0.116406 0.731250 0.032031 0.076563
0 0.160156 0.725000 0.037500 0.077344
0 0.201563 0.733594 0.039844 0.083594
0 0.246875 0.732031 0.034375 0.077344
0 0.291406 0.731250 0.039844 0.080469
0 0.332031 0.736719 0.039062 0.084375
0 0.377344 0.729688 0.035937 0.082812
0 0.419531 0.725000 0.036719 0.075781
0 0.466406 0.726562 0.039844 0.085938
0 0.508594 0.725781 0.038281 0.082812
0 0.549219 0.724219 0.041406 0.081250
0 0.642969 0.727344 0.035937 0.075781
0 0.681250 0.717969 0.040625 0.078906
0 0.740625 0.712500 0.042969 0.101562
0 0.802344 0.713281 0.042188 0.076563
0 0.870313 0.721094 0.040625 0.081250
0 0.935156 0.854688 0.041406 0.075781
0 0.875000 0.861719 0.040625 0.080469
0 0.817969 0.857031 0.036719 0.078906
0 0.774219 0.857812 0.037500 0.079687
0 0.729688 0.853125 0.037500 0.078125
0 0.687500 0.864844 0.034375 0.081250
0 0.641406 0.864062 0.042188 0.088281
0 0.596094 0.864844 0.035937 0.082031
0 0.556250 0.853125 0.037500 0.085156
0 0.511719 0.857031 0.038281 0.082812
0 0.468750 0.871094 0.037500 0.075781
0 0.422656 0.862500 0.039062 0.082812
0 0.378906 0.868750 0.034375 0.071875
0 0.337500 0.853125 0.034375 0.070312
0 0.291406 0.864844 0.033594 0.078906
0 0.249219 0.869531 0.037500 0.082031
0 0.202344 0.868750 0.035937 0.077344
0 0.159375 0.870313 0.038281 0.071875
0 0.115625 0.860156 0.037500 0.080469
0 0.068750 0.870313 0.036719 0.083594
0 0.028125 0.867969 0.039062 0.081250
