1 0.239393 0.676538 0.477502 0.645296
3 0.107031 0.407031 0.044531 0.089063
3 0.149219 0.405469 0.044531 0.089063
3 0.192188 0.404687 0.044531 0.089063
3 0.237500 0.405469 0.044531 0.089063
3 0.279687 0.404687 0.044531 0.089063
3 0.321875 0.403906 0.044531 0.089063
3 0.064844 0.407031 0.044531 0.089063
3 0.237500 0.615625 0.044531 0.089063
3 0.194531 0.617969 0.044531 0.089063
3 0.065625 0.620313 0.044531 0.089063
3 0.107813 0.618750 0.044531 0.089063
3 0.153125 0.618750 0.044531 0.089063
3 0.281250 0.615625 0.044531 0.089063
3 0.196094 0.709375 0.044531 0.089063
3 0.152344 0.709375 0.044531 0.089063
3 0.109375 0.707812 0.044531 0.089063
3 0.326562 0.616406 0.044531 0.089063
3 0.326562 0.707812 0.044531 0.089063
3 0.283594 0.707031 0.044531 0.089063
3 0.239844 0.707812 0.044531 0.089063
3 0.064062 0.709375 0.044531 0.089063
3 0.021875 0.619531 0.043750 0.089063
3 0.023438 0.407813 0.041406 0.086719
3 0.455469 0.707031 0.044531 0.089063
3 0.412500 0.707812 0.044531 0.089063
3 0.370312 0.707812 0.044531 0.089063
3 0.020313 0.707812 0.040625 0.088281
3 0.382031 0.617188 0.064062 0.090625
3 0.446875 0.616406 0.063281 0.089844
3 0.111719 0.921875 0.042969 0.089063
3 0.154688 0.920312 0.042969 0.089063
3 0.199219 0.920312 0.042969 0.089063
3 0.242188 0.920312 0.042969 0.089063
3 0.285156 0.919531 0.042969 0.089063
3 0.327344 0.921094 0.042969 0.089063
3 0.415625 0.920312 0.042969 0.089063
3 0.371875 0.919531 0.042969 0.089063
3 0.066406 0.923438 0.042969 0.089063
3 0.021875 0.924219 0.042969 0.089063
3 0.024219 0.984375 0.045312 0.031250
3 0.418750 0.982812 0.044531 0.034375
3 0.372656 0.982812 0.042188 0.033594
3 0.328906 0.982812 0.045312 0.033594
3 0.285938 0.982812 0.043750 0.033594
3 0.240625 0.982812 0.043750 0.034375
3 0.065625 0.984375 0.045312 0.031250
3 0.110937 0.982812 0.040625 0.034375
3 0.154688 0.984375 0.045312 0.031250
3 0.196875 0.982812 0.044531 0.034375
0 0.022656 0.394531 0.034375 0.060937
0 0.062500 0.399219 0.034375 0.076563
0 0.190625 0.401562 0.042969 0.075781
0 0.236719 0.402344 0.035937 0.085156
0 0.321094 0.400781 0.044531 0.084375
0 0.021094 0.619531 0.035156 0.080469
0 0.067187 0.616406 0.031250 0.073438
0 0.108594 0.614844 0.029687 0.057031
0 0.151562 0.615625 0.034375 0.079687
0 0.195312 0.608594 0.034375 0.079687
0 0.235937 0.596875 0.035156 0.069531
0 0.322656 0.606250 0.040625 0.078125
0 0.376563 0.603125 0.028906 0.065625
0 0.442969 0.596875 0.031250 0.081250
0 0.027344 0.712500 0.028125 0.078125
0 0.067969 0.712500 0.028125 0.073438
0 0.151562 0.708594 0.036719 0.082031
0 0.235156 0.700000 0.033594 0.070312
0 0.282031 0.703125 0.035156 0.076563
0 0.325781 0.694531 0.029687 0.077344
0 0.367188 0.691406 0.034375 0.074219
0 0.410938 0.690625 0.040625 0.083594
0 0.457031 0.698438 0.042188 0.080469
0 0.020313 0.924219 0.032813 0.083594
0 0.067969 0.922656 0.035156 0.086719
0 0.110156 0.928906 0.029687 0.065625
0 0.153125 0.917969 0.035156 0.074219
0 0.194531 0.918750 0.039062 0.084375
0 0.242188 0.919531 0.035937 0.080469
0 0.285938 0.917969 0.036719 0.079687
0 0.329688 0.918750 0.035156 0.078125
0 0.375000 0.910937 0.033594 0.078906
0 0.421094 0.912500 0.035937 0.103906
0 0.022656 0.984375 0.036719 0.029687
0 0.067187 0.985938 0.028906 0.028125
0 0.110156 0.985938 0.032813 0.028125
0 0.153125 0.983594 0.032031 0.027344
0 0.196094 0.984375 0.028906 0.025000
0 0.239844 0.986719 0.035156 0.026562
0 0.284375 0.984375 0.034375 0.028125
0 0.325000 0.985156 0.033594 0.025000
0 0.369531 0.982812 0.038281 0.029687
0 0.415625 0.985156 0.038281 0.029687
2 0.460156 0.977344 0.038281 0.040625
2 0.407813 0.395313 0.123438 0.074219
2 0.453125 0.915625 0.027344 0.078125
