0 0.591406 0.603906 0.085938 0.042188
0 0.658594 0.967969 0.090625 0.045312
0 0.370312 0.592969 0.076563 0.035937
0 0.560156 0.823438 0.084375 0.062500
0 0.371094 0.678906 0.085938 0.042188
0 0.623437 0.171094 0.079687 0.032813
0 0.260937 0.146094 0.082812 0.040625
0 0.903125 0.626563 0.076563 0.031250
0 0.242188 0.500000 0.085938 0.040625
0 0.574219 0.741406 0.076563 0.045312
0 0.571094 0.911719 0.081250 0.048438
0 0.388281 0.250000 0.084375 0.054688
0 0.369531 0.376563 0.085938 0.050000
0 0.203125 0.935156 0.075000 0.037500
0 0.380469 0.335938 0.082812 0.050000
0 0.887500 0.710156 0.081250 0.042188
0 0.564063 0.961719 0.082812 0.048438
0 0.232031 0.637500 0.087500 0.053125
0 0.372656 0.424219 0.087500 0.053125
0 0.386719 0.201563 0.085938 0.053125
0 0.890625 0.578906 0.084375 0.046875
0 0.382031 0.292969 0.084375 0.054688
0 0.389844 0.071094 0.084375 0.056250
0 0.216406 0.895312 0.089063 0.045312
0 0.590625 0.522656 0.085938 0.046875
0 0.369531 0.514844 0.084375 0.050000
0 0.675781 0.738281 0.084375 0.043750
0 0.682031 0.572656 0.090625 0.053125
0 0.032031 0.464844 0.060937 0.046875
0 0.586719 0.565625 0.087500 0.050000
0 0.879687 0.975781 0.084375 0.048438
0 0.395313 0.110156 0.071875 0.040625
0 0.900000 0.456250 0.090625 0.046875
0 0.028125 0.509375 0.056250 0.043750
0 0.238281 0.685156 0.079687 0.051562
0 0.689844 0.437500 0.081250 0.048438
0 0.617969 0.213281 0.060937 0.034375
0 0.020313 0.725000 0.040625 0.043750
0 0.900000 0.503125 0.081250 0.048438
0 0.238281 0.590625 0.082812 0.050000
0 0.039844 0.336719 0.062500 0.043750
0 0.908594 0.413281 0.076563 0.045312
0 0.691406 0.392188 0.081250 0.042188
0 0.373437 0.465625 0.073438 0.039062
0 0.246094 0.099219 0.060937 0.035937
0 0.886719 0.885938 0.090625 0.048438
0 0.042969 0.292187 0.062500 0.051562
0 0.235156 0.367969 0.071875 0.042188
0 0.250000 0.063281 0.081250 0.050000
0 0.026562 0.596875 0.053125 0.053125
0 0.213281 0.808594 0.100000 0.056250
0 0.401562 0.023438 0.081250 0.046875
0 0.894531 0.542188 0.075000 0.042188
0 0.021875 0.681250 0.043750 0.043750
0 0.625000 0.086719 0.079687 0.045312
0 0.047656 0.204687 0.059375 0.046875
0 0.228906 0.328125 0.078125 0.054688
0 0.620313 0.130469 0.084375 0.050000
0 0.250000 0.281250 0.096875 0.051562
0 0.600000 0.392188 0.082812 0.042188
0 0.236719 0.196094 0.067187 0.048438
0 0.049219 0.160938 0.056250 0.053125
0 0.364844 0.554688 0.082812 0.046875
0 0.235156 0.412500 0.103125 0.056250
0 0.685937 0.492188 0.087500 0.050000
0 0.373437 0.766406 0.087500 0.043750
0 0.051562 0.068750 0.046875 0.040625
0 0.042188 0.247656 0.053125 0.043750
0 0.031250 0.425781 0.056250 0.039062
0 0.023438 0.552344 0.046875 0.048438
0 0.260156 0.022656 0.098437 0.045312
0 0.054688 0.027344 0.048438 0.050000
0 0.969531 0.592187 0.053125 0.048438
0 0.239844 0.237500 0.068750 0.051562
0 0.239844 0.454688 0.081250 0.048438
0 0.048438 0.115625 0.048438 0.046875
0 0.606250 0.472656 0.079687 0.046875
0 0.910937 0.348438 0.090625 0.040625
0 0.015625 0.901563 0.031250 0.043750
0 0.624219 0.030469 0.084375 0.051562
0 0.709375 0.345313 0.071875 0.048438
0 0.964844 0.725781 0.043750 0.053125
0 0.098437 0.619531 0.048438 0.089063
0 0.978906 0.414062 0.042188 0.046875
0 0.592187 0.316406 0.053125 0.050000
0 0.595313 0.269531 0.046875 0.046875
0 0.968750 0.676562 0.043750 0.050000
0 0.960156 0.807813 0.040625 0.048438
0 0.967187 0.546875 0.051562 0.046875
0 0.485156 0.364063 0.068750 0.092188
0 0.971875 0.635938 0.042188 0.043750
0 0.974219 0.464062 0.051562 0.059375
0 0.019531 0.766406 0.039062 0.045312
0 0.229687 0.757812 0.089063 0.043750
0 0.375000 0.635156 0.078125 0.043750
0 0.382031 0.153906 0.084375 0.053125
0 0.238281 0.542969 0.079687 0.045312
0 0.892188 0.756250 0.081250 0.046875
0 0.039062 0.379688 0.067187 0.051562
1 0.155504 0.492135 0.311008 0.984271
1 0.651291 0.500000 0.697418 1.000000
