1 0.624688 0.747522 0.722596 0.504955
3 0.328906 0.879687 0.096875 0.062500
3 0.335938 0.836719 0.096875 0.062500
3 0.343750 0.793750 0.096875 0.062500
3 0.352344 0.747656 0.096875 0.062500
3 0.360156 0.705469 0.096875 0.062500
3 0.367969 0.662500 0.096875 0.062500
3 0.321094 0.921875 0.096875 0.062500
3 0.564844 0.789062 0.096875 0.062500
3 0.558594 0.832812 0.096875 0.062500
3 0.535937 0.963281 0.096875 0.062500
3 0.542188 0.920312 0.096875 0.062500
3 0.551562 0.874219 0.096875 0.062500
3 0.573438 0.745313 0.096875 0.062500
3 0.650781 0.848437 0.096875 0.062500
3 0.642188 0.892969 0.096875 0.062500
3 0.632812 0.936719 0.096875 0.062500
3 0.582812 0.700000 0.096875 0.062500
3 0.675000 0.717187 0.096875 0.062500
3 0.665625 0.760938 0.096875 0.062500
3 0.657813 0.805469 0.096875 0.062500
3 0.625000 0.975000 0.096875 0.050000
3 0.527344 0.987500 0.095312 0.025000
3 0.314063 0.957812 0.095312 0.046875
3 0.699219 0.587500 0.096875 0.062500
3 0.691406 0.631250 0.096875 0.062500
3 0.683594 0.672656 0.096875 0.062500
3 0.594531 0.643750 0.104688 0.082812
3 0.606250 0.578125 0.103125 0.081250
3 0.848437 0.972656 0.096875 0.054688
3 0.856250 0.932031 0.096875 0.060937
3 0.864062 0.886719 0.096875 0.062500
3 0.872656 0.843750 0.096875 0.060937
3 0.881250 0.800000 0.096875 0.060937
3 0.889844 0.757812 0.096875 0.060937
3 0.906250 0.668750 0.096875 0.060937
3 0.897656 0.713281 0.096875 0.060937
3 0.964063 0.677344 0.029687 0.048438
3 0.954688 0.723437 0.029687 0.046875
3 0.946094 0.767188 0.029687 0.050000
3 0.937500 0.811719 0.029687 0.048438
3 0.928125 0.857812 0.031250 0.048438
3 0.903906 0.982031 0.029687 0.035937
3 0.913281 0.942969 0.028125 0.050000
3 0.919531 0.901563 0.031250 0.050000
0 0.300000 0.957812 0.065625 0.035937
0 0.312500 0.923438 0.082812 0.050000
0 0.340625 0.793750 0.084375 0.057813
0 0.350000 0.747656 0.093750 0.053125
0 0.364063 0.663281 0.095312 0.062500
0 0.527344 0.990625 0.085938 0.018750
0 0.532031 0.960938 0.079687 0.046875
0 0.539062 0.918750 0.064062 0.042188
0 0.547656 0.875781 0.085938 0.050000
0 0.548438 0.830469 0.085938 0.050000
0 0.545312 0.786719 0.078125 0.048438
0 0.572656 0.700781 0.085938 0.056250
0 0.578906 0.646094 0.071875 0.042188
0 0.585938 0.578125 0.087500 0.046875
0 0.629687 0.978906 0.079687 0.042188
0 0.641406 0.894531 0.090625 0.053125
0 0.649219 0.807813 0.076563 0.046875
0 0.661719 0.760938 0.082812 0.050000
0 0.660937 0.714844 0.084375 0.045312
0 0.666406 0.672656 0.081250 0.048438
0 0.675000 0.628906 0.092188 0.056250
0 0.691406 0.584375 0.089063 0.059375
0 0.855469 0.978125 0.073438 0.043750
0 0.853125 0.932813 0.081250 0.050000
0 0.862500 0.892188 0.093750 0.056250
0 0.872656 0.843750 0.089063 0.053125
0 0.878906 0.800000 0.087500 0.051562
0 0.888281 0.755469 0.085938 0.050000
0 0.889062 0.708594 0.085938 0.050000
0 0.900000 0.661719 0.110937 0.056250
0 0.906250 0.985156 0.021875 0.029687
0 0.914062 0.946094 0.023438 0.035937
0 0.923438 0.902344 0.020313 0.032813
0 0.932813 0.857812 0.020313 0.037500
0 0.939844 0.813281 0.023438 0.037500
0 0.949219 0.772656 0.020313 0.035937
0 0.954688 0.726562 0.026562 0.040625
0 0.965625 0.680469 0.025000 0.042188
2 0.967187 0.634375 0.037500 0.043750
2 0.375781 0.573438 0.098437 0.140625
2 0.909375 0.629687 0.084375 0.043750
