0 0.185156 0.868750 0.032031 0.073438
0 0.419531 0.510156 0.032813 0.079687
0 0.372656 0.510156 0.038281 0.082812
0 0.328906 0.511719 0.036719 0.089063
0 0.285156 0.513281 0.039062 0.094531
0 0.242188 0.517969 0.044531 0.085156
0 0.200781 0.512500 0.053125 0.083594
0 0.157812 0.510938 0.043750 0.085938
0 0.112500 0.513281 0.040625 0.087500
0 0.073438 0.514062 0.046875 0.089063
0 0.028125 0.514062 0.049219 0.092969
0 0.024219 0.426563 0.039844 0.092188
0 0.064844 0.423438 0.045312 0.092188
0 0.110156 0.421875 0.035937 0.084375
0 0.150000 0.417969 0.047656 0.096875
0 0.197656 0.417969 0.046094 0.107031
0 0.241406 0.421094 0.045312 0.095312
0 0.285156 0.417969 0.045312 0.096094
0 0.331250 0.414062 0.037500 0.090625
0 0.370312 0.411719 0.046875 0.092969
0 0.416406 0.411719 0.047656 0.108594
0 0.077344 0.311719 0.107813 0.072656
0 0.460938 0.198437 0.047656 0.078906
0 0.409375 0.196094 0.046094 0.084375
0 0.366406 0.197656 0.037500 0.085156
0 0.327344 0.200781 0.053125 0.091406
0 0.281250 0.200781 0.050000 0.087500
0 0.235156 0.200781 0.050000 0.083594
0 0.150000 0.206250 0.050781 0.088281
0 0.069531 0.213281 0.042188 0.084375
0 0.025000 0.214062 0.044531 0.087500
0 0.442969 0.095312 0.038281 0.077344
0 0.376563 0.104688 0.039844 0.070312
0 0.322656 0.103125 0.050000 0.083594
0 0.153906 0.115625 0.046875 0.090625
0 0.235937 0.095312 0.041406 0.080469
0 0.193750 0.107031 0.043750 0.078906
0 0.370312 0.718750 0.059375 0.092188
0 0.111719 0.117969 0.046875 0.082812
0 0.069531 0.118750 0.048438 0.087500
0 0.027344 0.121094 0.048438 0.092188
0 0.224219 0.852344 0.048438 0.071094
0 0.050781 0.720313 0.045312 0.079687
0 0.234375 0.707031 0.059375 0.110937
0 0.314063 0.857031 0.042969 0.077344
0 0.367969 0.860938 0.049219 0.083594
0 0.014063 0.856250 0.028125 0.078125
0 0.051562 0.850781 0.046094 0.083594
0 0.180469 0.717969 0.043750 0.087500
0 0.295312 0.710156 0.053125 0.096094
0 0.270313 0.854688 0.045312 0.076563
0 0.092188 0.864062 0.043750 0.080469
0 0.435937 0.853125 0.042188 0.074219
0 0.135937 0.867969 0.050781 0.080469
0 0.134375 0.721875 0.047656 0.084375
0 0.439844 0.714063 0.043750 0.083594
0 0.015625 0.717969 0.030469 0.070312
0 0.134375 0.614062 0.095312 0.075781
1 0.241406 0.500000 0.482812 1.000000
