0 0.059375 0.328125 0.096875 0.056250
0 0.211979 0.366321 0.098598 0.076316
0 0.403621 0.689233 0.075595 0.104452
0 0.534578 0.092007 0.070599 0.100813
0 0.494546 0.074096 0.070357 0.103978
0 0.452420 0.055726 0.062719 0.095193
0 0.411610 0.047084 0.066765 0.080502
0 0.369524 0.040201 0.055190 0.059202
0 0.803412 0.198941 0.070825 0.094269
0 0.849166 0.217363 0.073576 0.090390
0 0.887375 0.234339 0.076329 0.098836
0 0.950451 0.287616 0.039793 0.070069
0 0.009800 0.133640 0.019599 0.045655
0 0.222752 0.615828 0.080851 0.120560
0 0.126435 0.584162 0.084719 0.105974
0 0.429201 0.449132 0.108371 0.072065
0 0.459297 0.362622 0.109028 0.079200
0 0.480127 0.324078 0.101003 0.069461
0 0.497830 0.280857 0.094918 0.073178
0 0.581934 0.317468 0.101440 0.080760
0 0.568342 0.357810 0.096798 0.072654
0 0.559611 0.402203 0.092488 0.070393
0 0.528046 0.479426 0.095439 0.066249
0 0.483484 0.722153 0.067036 0.088600
0 0.732688 0.814931 0.067353 0.080698
0 0.779257 0.395491 0.102140 0.083599
0 0.289655 0.195008 0.085850 0.062897
0 0.270790 0.234214 0.099149 0.075151
0 0.726981 0.166856 0.049710 0.072234
0 0.198236 0.157738 0.081155 0.058302
0 0.409232 0.491590 0.103658 0.068567
2 0.780626 0.533369 0.193606 0.129442
2 0.197654 0.299951 0.178409 0.113530
1 0.500000 0.464281 1.000000 0.923228
