0 0.194531 0.305469 0.056250 0.095312
0 0.292187 0.305469 0.054688 0.085938
0 0.341406 0.326562 0.056250 0.082812
0 0.050000 0.280469 0.064062 0.096875
0 0.345313 0.676562 0.064062 0.093750
0 0.361719 0.923438 0.059375 0.090625
0 0.403906 0.586719 0.045312 0.090625
0 0.313281 0.913281 0.057813 0.092188
0 0.296875 0.671875 0.056250 0.089063
0 0.250781 0.666406 0.064062 0.096875
0 0.062500 0.525000 0.051562 0.095312
0 0.154688 0.655469 0.057813 0.092188
0 0.017969 0.622656 0.035937 0.092188
0 0.261719 0.904687 0.056250 0.092188
0 0.103125 0.639844 0.050000 0.089063
0 0.164062 0.547656 0.054688 0.095312
0 0.197656 0.660156 0.059375 0.101562
0 0.458594 0.928906 0.059375 0.114062
0 0.048438 0.635938 0.057813 0.117188
0 0.168750 0.890625 0.057813 0.095312
0 0.216406 0.897656 0.062500 0.100000
0 0.124219 0.882812 0.060937 0.095312
0 0.027344 0.861719 0.054688 0.095312
0 0.073438 0.871875 0.062500 0.096875
0 0.418750 0.435156 0.089063 0.053125
0 0.779687 0.044531 0.092188 0.039062
0 0.597994 0.622958 0.082187 0.089051
0 0.768131 0.799108 0.069733 0.084399
0 0.671721 0.842292 0.080166 0.101378
0 0.631591 0.874160 0.070595 0.089478
0 0.593599 0.900215 0.071417 0.087825
1 0.500000 0.500000 1.000000 1.000000
