1 0.500000 0.519728 1.000000 0.960544
3 0.678087 0.484920 0.086485 0.095857
3 0.486591 0.370816 0.086485 0.097421
3 0.525859 0.393359 0.081416 0.090243
3 0.559298 0.630487 0.102462 0.085836
3 0.513532 0.706923 0.102462 0.085836
3 0.491287 0.746115 0.102462 0.085836
3 0.470230 0.783264 0.102462 0.085836
3 0.447620 0.822993 0.102461 0.085836
3 0.529492 0.873769 0.102462 0.085836
3 0.596682 0.756423 0.102462 0.085836
3 0.553329 0.834196 0.102462 0.085836
3 0.536876 0.667849 0.102461 0.087352
3 0.573602 0.795803 0.102461 0.085836
3 0.617578 0.717618 0.102461 0.085836
3 0.641300 0.678929 0.102462 0.085836
3 0.811241 0.828397 0.102091 0.083621
3 0.787580 0.864835 0.102091 0.083622
3 0.765834 0.905598 0.102091 0.083621
3 0.743670 0.940357 0.102091 0.077427
3 0.835911 0.788669 0.102091 0.083622
3 0.367748 0.521190 0.102091 0.083621
3 0.868679 0.914119 0.102091 0.083621
3 0.892304 0.874137 0.102091 0.083622
3 0.914075 0.835984 0.102091 0.083621
3 0.253780 0.714571 0.102091 0.083621
3 0.326577 0.595795 0.094671 0.079335
3 0.345230 0.560724 0.102091 0.083621
3 0.173512 0.666752 0.102091 0.083621
3 0.277206 0.674875 0.102091 0.083621
3 0.264895 0.514459 0.102091 0.083621
3 0.197375 0.626710 0.102091 0.083622
3 0.289501 0.476450 0.102091 0.083621
3 0.245377 0.550584 0.097624 0.078529
3 0.563855 0.417213 0.083911 0.091182
3 0.758130 0.530345 0.083911 0.091182
3 0.719068 0.508384 0.083911 0.091182
3 0.639735 0.459638 0.083912 0.091182
3 0.602413 0.436285 0.083912 0.091182
3 0.917691 0.618737 0.083911 0.091182
3 0.877766 0.598027 0.083911 0.091182
3 0.835629 0.574704 0.083911 0.091182
3 0.795607 0.551631 0.083911 0.091182
3 0.445414 0.345664 0.083911 0.091182
3 0.976556 0.662383 0.046888 0.089701
3 0.957612 0.641154 0.083911 0.091182
3 0.265858 0.240808 0.066422 0.083920
3 0.294937 0.260031 0.083911 0.091181
3 0.331382 0.282583 0.083912 0.091182
3 0.407587 0.325958 0.078542 0.086071
3 0.845425 0.940629 0.102552 0.063673
3 0.806723 0.964022 0.054828 0.026904
3 0.710511 0.961626 0.097422 0.048847
3 0.096389 0.366153 0.095892 0.082003
3 0.075904 0.404444 0.095892 0.082004
3 0.051226 0.442262 0.095892 0.082003
3 0.080710 0.136771 0.079262 0.092394
3 0.043536 0.116364 0.079262 0.092394
3 0.022215 0.093991 0.044431 0.092395
3 0.030939 0.318836 0.061879 0.071943
3 0.019662 0.367518 0.039325 0.064405
2 0.255638 0.607981 0.194991 0.142912
3 0.035987 0.477490 0.071973 0.077672
3 0.028088 0.517315 0.056176 0.071517
0 0.639245 0.677090 0.078610 0.061396
0 0.584630 0.795704 0.088122 0.067810
0 0.558942 0.835300 0.097258 0.078914
0 0.622096 0.717760 0.085737 0.073887
0 0.914624 0.834750 0.091025 0.074216
0 0.834866 0.785174 0.090124 0.067306
0 0.784013 0.861845 0.084719 0.063014
0 0.869880 0.909882 0.095363 0.073786
0 0.767646 0.902695 0.090029 0.068553
0 0.899831 0.874040 0.104232 0.083800
0 0.073070 0.405378 0.093939 0.072482
0 0.099178 0.365689 0.087645 0.068143
0 0.285379 0.466975 0.090734 0.075371
0 0.702652 0.965854 0.083537 0.039438
0 0.845267 0.941086 0.096598 0.061030
0 0.052908 0.446435 0.076282 0.070326
0 0.029776 0.321854 0.059552 0.065881
0 0.571703 0.413028 0.064047 0.075005
0 0.884216 0.591855 0.068121 0.086940
0 0.836642 0.566393 0.074364 0.091775
0 0.721880 0.500151 0.079336 0.092758
0 0.645575 0.456080 0.074699 0.088995
0 0.759569 0.528122 0.073274 0.090456
0 0.794925 0.546742 0.075749 0.093272
0 0.486498 0.370257 0.083442 0.102758
0 0.409843 0.326631 0.077298 0.093378
0 0.979214 0.658863 0.041572 0.085389
0 0.951638 0.639965 0.085462 0.106461
0 0.914432 0.611463 0.071726 0.087972
0 0.045823 0.111720 0.057555 0.072468
0 0.081535 0.133736 0.072835 0.092028
0 0.263688 0.234002 0.067713 0.087530
0 0.332761 0.277075 0.069741 0.087825
0 0.375180 0.304436 0.072526 0.087188
0 0.019239 0.088818 0.038478 0.071358
0 0.018049 0.368193 0.036099 0.050955
0 0.025668 0.521207 0.051337 0.058376
0 0.813581 0.965495 0.048754 0.022226
3 0.370413 0.305027 0.082683 0.088337
3 0.285196 0.953453 0.092322 0.093094
3 0.171185 0.899964 0.096092 0.116342
3 0.128671 0.877652 0.094430 0.117546
3 0.089964 0.857111 0.094430 0.117545
3 0.247381 0.942759 0.094431 0.114483
3 0.207791 0.922074 0.094431 0.117546
3 0.331331 0.963242 0.079844 0.073515
3 0.062599 0.833901 0.069800 0.121162
0 0.173661 0.893438 0.070634 0.097334
2 0.380904 0.975761 0.080158 0.048479
