1 0.499107 0.499593 0.997557 0.999186
3 0.499568 0.340686 0.092513 0.087281
3 0.373206 0.515847 0.093950 0.087281
3 0.398377 0.479809 0.086555 0.082663
3 0.630087 0.467594 0.088033 0.098007
3 0.700010 0.518230 0.088033 0.098007
3 0.735966 0.543015 0.088033 0.098007
3 0.770050 0.566480 0.088033 0.098007
3 0.806494 0.591663 0.088033 0.098006
3 0.862426 0.516915 0.088033 0.098007
3 0.754819 0.442141 0.088033 0.098007
3 0.826237 0.490561 0.088034 0.098007
3 0.664420 0.492459 0.089179 0.098006
3 0.790886 0.467748 0.088033 0.098006
3 0.719123 0.418692 0.088033 0.098006
3 0.683776 0.392523 0.088033 0.098007
3 0.842592 0.241164 0.085309 0.097895
3 0.875770 0.267083 0.085309 0.097895
3 0.913285 0.291519 0.085309 0.097894
3 0.947957 0.316113 0.085309 0.097895
3 0.806324 0.213993 0.085309 0.097895
3 0.508568 0.643351 0.085309 0.097895
3 0.930197 0.192956 0.085309 0.097895
3 0.893594 0.166771 0.085309 0.097894
3 0.858602 0.142532 0.085309 0.097895
3 0.685626 0.769706 0.085309 0.097895
3 0.576900 0.689402 0.081375 0.090377
3 0.544830 0.668428 0.085309 0.097894
3 0.632684 0.843154 0.085309 0.097895
3 0.649283 0.743738 0.085309 0.097895
3 0.493383 0.742074 0.085309 0.097895
3 0.596044 0.816737 0.085309 0.097895
3 0.458768 0.715110 0.085309 0.097895
3 0.526575 0.763982 0.081210 0.092980
3 0.424588 0.445171 0.087467 0.084800
3 0.550210 0.267179 0.087467 0.084800
3 0.525711 0.303034 0.087467 0.084800
3 0.471952 0.375502 0.087467 0.084800
3 0.446255 0.409560 0.087467 0.084800
3 0.649017 0.120610 0.087467 0.084800
3 0.625652 0.157403 0.087467 0.084800
3 0.599579 0.196111 0.087467 0.084800
3 0.573924 0.232798 0.087467 0.084800
3 0.345513 0.553467 0.087467 0.084800
3 0.697009 0.052476 0.086571 0.079588
3 0.674030 0.083965 0.087467 0.084800
3 0.229076 0.718083 0.079074 0.068799
3 0.250137 0.691501 0.087466 0.084800
3 0.274986 0.658223 0.087467 0.084800
3 0.323387 0.588320 0.081894 0.080050
3 0.720085 0.030673 0.091093 0.061345
3 0.959892 0.218647 0.078587 0.097990
3 0.979232 0.250176 0.039906 0.079615
3 0.968261 0.346221 0.061850 0.103408
3 0.335899 0.892044 0.083273 0.092344
3 0.371134 0.915053 0.083274 0.092344
3 0.405557 0.942070 0.083273 0.092344
3 0.113039 0.887954 0.089062 0.080728
3 0.090200 0.922117 0.089062 0.080728
3 0.065329 0.957622 0.089063 0.080728
3 0.042000 0.976322 0.083999 0.045728
3 0.280640 0.960160 0.078756 0.077384
3 0.323976 0.972562 0.075204 0.051527
2 0.582697 0.758747 0.150622 0.183029
3 0.437536 0.962593 0.079159 0.073185
3 0.473156 0.971590 0.076301 0.055191
0 0.681842 0.394246 0.062989 0.075336
0 0.791774 0.457264 0.070077 0.084513
0 0.827817 0.485493 0.081862 0.093331
0 0.719594 0.414273 0.075977 0.081788
0 0.857583 0.141986 0.076184 0.086825
0 0.802621 0.214563 0.069866 0.085674
0 0.872680 0.270206 0.064612 0.081269
0 0.926239 0.191296 0.076482 0.091182
0 0.910469 0.289406 0.071248 0.086014
0 0.894093 0.159542 0.086655 0.099438
0 0.371775 0.917818 0.074779 0.089826
0 0.335504 0.889340 0.070300 0.083999
0 0.448951 0.718166 0.076910 0.086851
0 0.972001 0.351152 0.054370 0.094533
0 0.960751 0.218470 0.076870 0.092779
0 0.409923 0.940636 0.070660 0.073603
0 0.281918 0.960069 0.076200 0.072283
0 0.421160 0.437160 0.072055 0.065120
0 0.620276 0.150622 0.083066 0.070708
0 0.591703 0.194555 0.087599 0.076906
0 0.518235 0.299728 0.088474 0.081752
0 0.468880 0.369954 0.084864 0.076556
0 0.548378 0.265623 0.086677 0.075537
0 0.569240 0.233103 0.088988 0.078241
0 0.373031 0.515855 0.097312 0.085728
0 0.324452 0.586068 0.088468 0.079127
0 0.692248 0.049697 0.085298 0.073778
0 0.672654 0.089555 0.101002 0.088262
0 0.641907 0.123290 0.083787 0.073523
0 0.086147 0.919342 0.069218 0.059368
0 0.110552 0.887092 0.087249 0.074785
0 0.222512 0.719695 0.082223 0.070274
0 0.269917 0.656433 0.083543 0.070967
0 0.299834 0.617827 0.082695 0.074011
0 0.060664 0.953954 0.068375 0.062353
0 0.324627 0.974596 0.063084 0.049179
0 0.478179 0.973307 0.060593 0.048966
0 0.042660 0.977451 0.069573 0.043469
0 0.981364 0.243491 0.035644 0.074388
3 0.300134 0.622508 0.084524 0.083798
3 0.930560 0.761499 0.111844 0.097672
3 0.857272 0.865257 0.111159 0.098647
3 0.832452 0.904150 0.111844 0.097672
3 0.809353 0.939782 0.111843 0.097672
3 0.906808 0.795180 0.111844 0.097673
3 0.882017 0.831523 0.111844 0.097673
3 0.948046 0.724404 0.102280 0.096898
3 0.783667 0.963386 0.115766 0.071599
0 0.851338 0.862177 0.093012 0.072797
2 0.961793 0.682637 0.074786 0.103950
