0 0.800781 0.399219 0.040625 0.081250
0 0.712500 0.387500 0.041406 0.072656
0 0.667188 0.400781 0.041406 0.071094
0 0.932031 0.392188 0.047656 0.080469
0 0.625000 0.713281 0.048438 0.078125
0 0.583594 0.932813 0.046094 0.077344
0 0.582812 0.626563 0.031250 0.078125
0 0.628125 0.928125 0.042969 0.079687
0 0.668750 0.714844 0.042969 0.076563
0 0.710938 0.714063 0.046875 0.081250
0 0.893750 0.609375 0.037500 0.082031
0 0.798438 0.715625 0.041406 0.077344
0 0.932813 0.703906 0.041406 0.078125
0 0.975781 0.706250 0.045312 0.077344
0 0.675000 0.925781 0.040625 0.078906
0 0.844531 0.707812 0.035937 0.076563
0 0.800781 0.617969 0.039062 0.082031
0 0.758594 0.715625 0.043750 0.087500
0 0.978906 0.617969 0.039844 0.077344
0 0.496875 0.926562 0.041406 0.097656
0 0.895312 0.709375 0.039844 0.100781
0 0.759375 0.924219 0.042969 0.082031
0 0.934375 0.923438 0.042969 0.079687
0 0.977344 0.917188 0.042188 0.085938
0 0.715625 0.925000 0.046094 0.083594
0 0.800000 0.921875 0.044531 0.082812
0 0.891406 0.914062 0.044531 0.082812
0 0.846875 0.917969 0.046094 0.080469
0 0.585938 0.489844 0.075000 0.039062
0 0.306250 0.017188 0.082812 0.032813
0 0.307031 0.099219 0.079687 0.032031
0 0.976562 0.389844 0.044531 0.094531
0 0.405901 0.637844 0.078902 0.078902
0 0.234557 0.776781 0.066800 0.073804
0 0.316060 0.825784 0.078375 0.089377
0 0.347939 0.858148 0.068468 0.078325
0 0.378866 0.885947 0.068723 0.078084
1 0.498499 0.500306 0.996998 0.997759
