0 0.572656 0.189844 0.084375 0.046875
0 0.591406 0.277344 0.075000 0.046875
0 0.582031 0.323437 0.075000 0.048438
0 0.567187 0.057031 0.085938 0.054688
0 0.272656 0.393750 0.082812 0.056250
0 0.056250 0.453906 0.081250 0.053125
0 0.362500 0.428125 0.081250 0.037500
0 0.057031 0.409375 0.082812 0.050000
0 0.267188 0.349219 0.081250 0.050000
0 0.264062 0.307031 0.084375 0.053125
0 0.353125 0.114062 0.085938 0.045312
0 0.255469 0.220312 0.081250 0.046875
0 0.255469 0.083594 0.081250 0.046875
0 0.250000 0.042969 0.081250 0.051562
0 0.054688 0.362500 0.082812 0.046875
0 0.258594 0.172656 0.081250 0.042188
0 0.352344 0.208594 0.085938 0.048438
0 0.258594 0.260156 0.090625 0.051562
0 0.337500 0.032031 0.081250 0.043750
0 0.070312 0.540625 0.100000 0.048438
0 0.253125 0.122656 0.104688 0.050000
0 0.049219 0.277344 0.085938 0.051562
0 0.037500 0.101562 0.075000 0.050000
0 0.041406 0.058594 0.082812 0.048438
0 0.053125 0.321094 0.087500 0.054688
0 0.047656 0.236719 0.085938 0.053125
0 0.047656 0.143750 0.085938 0.051562
0 0.047656 0.189062 0.084375 0.053125
0 0.500000 0.413281 0.045312 0.078125
0 0.989062 0.652344 0.021875 0.085938
0 0.916406 0.657813 0.037500 0.084375
0 0.567969 0.019531 0.098437 0.039062
0 0.367772 0.606469 0.077861 0.082304
0 0.243187 0.790596 0.072117 0.069582
0 0.186985 0.713030 0.087871 0.082705
0 0.152033 0.684259 0.076594 0.071888
0 0.121157 0.655736 0.077250 0.071794
1 0.500000 0.500000 1.000000 1.000000
