1 0.331840 0.475488 0.663681 0.950976
3 0.271709 0.068651 0.088866 0.101834
3 0.306408 0.094348 0.089173 0.103086
3 0.046548 0.165888 0.089173 0.103085
3 0.097858 0.316370 0.089173 0.103086
3 0.151786 0.240249 0.089173 0.103085
3 0.132493 0.343636 0.089173 0.103086
3 0.186592 0.264912 0.089173 0.103086
3 0.076505 0.188850 0.082297 0.099905
3 0.236621 0.045915 0.087419 0.091830
3 0.199350 0.033914 0.083825 0.067829
3 0.154084 0.021339 0.066584 0.042678
3 0.026182 0.140724 0.052364 0.099061
3 0.031895 0.265668 0.063789 0.097779
3 0.018683 0.232183 0.037366 0.078914
3 0.029528 0.517035 0.056340 0.100291
3 0.356440 0.033085 0.080023 0.066170
3 0.252310 0.508250 0.105598 0.091406
3 0.325097 0.398909 0.105598 0.091406
3 0.299855 0.435336 0.105599 0.091406
3 0.275579 0.471409 0.105599 0.091406
3 0.176152 0.614107 0.105598 0.091406
3 0.202072 0.578693 0.105599 0.091406
3 0.227631 0.543331 0.105598 0.091406
3 0.127075 0.685505 0.105598 0.091406
3 0.151579 0.649475 0.105599 0.091406
3 0.350216 0.364316 0.105598 0.091406
3 0.073248 0.760577 0.105598 0.091406
3 0.098674 0.723788 0.107135 0.092827
3 0.448423 0.221044 0.105598 0.091406
3 0.423776 0.255600 0.105598 0.091406
3 0.399452 0.293147 0.105599 0.091406
3 0.375510 0.328068 0.105599 0.091406
3 0.557208 0.069121 0.105599 0.091406
3 0.532985 0.103914 0.105598 0.091406
3 0.505750 0.140141 0.105598 0.091406
0 0.576487 0.037156 0.077335 0.060889
3 0.581277 0.041098 0.100848 0.075919
3 0.050657 0.800466 0.101314 0.098425
3 0.035987 0.845077 0.071975 0.091347
2 0.086292 0.256828 0.153583 0.182239
2 0.479165 0.181552 0.100567 0.087451
2 0.316532 0.015547 0.049745 0.031094
0 0.210938 0.573438 0.086719 0.042188
0 0.150781 0.645312 0.087500 0.067969
0 0.041406 0.795312 0.077344 0.081250
0 0.611685 0.013641 0.067018 0.027283
0 0.346624 0.361588 0.086019 0.071710
