0 0.403125 0.595313 0.035937 0.084375
0 0.047656 0.686719 0.037500 0.086719
0 0.399219 0.375781 0.030469 0.075000
0 0.182812 0.579688 0.057031 0.079687
0 0.314063 0.381250 0.035937 0.084375
0 0.834375 0.596875 0.027344 0.078125
0 0.834375 0.235937 0.032813 0.081250
0 0.402344 0.905469 0.025781 0.075000
0 0.482031 0.242188 0.035156 0.083594
0 0.265625 0.587500 0.039844 0.072656
0 0.097656 0.596875 0.042969 0.076563
0 0.739844 0.369531 0.048438 0.082031
0 0.613281 0.359375 0.043750 0.082031
0 0.048438 0.234375 0.032031 0.072656
0 0.654687 0.367969 0.045312 0.078906
0 0.318750 0.896094 0.036719 0.078125
0 0.046875 0.592969 0.043750 0.079687
0 0.345313 0.241406 0.046094 0.083594
0 0.565625 0.366406 0.047656 0.084375
0 0.788281 0.364844 0.046875 0.082031
0 0.449219 0.890625 0.039062 0.082031
0 0.696875 0.366406 0.047656 0.082031
0 0.917188 0.358594 0.048438 0.081250
0 0.089063 0.243750 0.037500 0.085156
0 0.484375 0.589063 0.041406 0.082812
0 0.476562 0.368750 0.043750 0.081250
0 0.275781 0.688281 0.037500 0.082031
0 0.439844 0.683594 0.047656 0.086719
0 0.502344 0.031250 0.041406 0.057813
0 0.440625 0.588281 0.043750 0.082812
0 0.050781 0.907813 0.047656 0.080469
0 0.878906 0.367188 0.035937 0.069531
0 0.571875 0.890625 0.039844 0.085938
0 0.458594 0.028906 0.039844 0.057031
0 0.298438 0.250781 0.045312 0.075781
0 0.575781 0.681250 0.042188 0.078125
0 0.792188 0.594531 0.029687 0.057813
0 0.242188 0.028125 0.039844 0.055469
0 0.525000 0.893750 0.044531 0.078125
0 0.392188 0.244531 0.044531 0.078906
0 0.631250 0.030469 0.039844 0.060156
0 0.614062 0.896094 0.041406 0.072656
0 0.620313 0.679688 0.037500 0.077344
0 0.525781 0.369531 0.035156 0.071875
0 0.879687 0.217969 0.032031 0.059375
0 0.144531 0.907031 0.041406 0.086719
0 0.675000 0.030469 0.045312 0.059375
0 0.612500 0.225781 0.038281 0.067969
0 0.915625 0.219531 0.044531 0.077344
0 0.371875 0.030469 0.047656 0.060156
0 0.173437 0.234375 0.048438 0.096875
0 0.965625 0.367188 0.042188 0.076563
0 0.485938 0.891406 0.035937 0.071875
0 0.285938 0.028906 0.040625 0.056250
0 0.917969 0.592969 0.041406 0.075781
0 0.761719 0.028906 0.042969 0.055469
0 0.651563 0.217188 0.048438 0.075000
0 0.874219 0.592187 0.044531 0.080469
0 0.699219 0.234375 0.044531 0.092188
0 0.614062 0.589063 0.035937 0.080469
0 0.782813 0.215625 0.042969 0.063281
0 0.805469 0.027344 0.050000 0.053125
0 0.436719 0.367188 0.042188 0.078906
0 0.568750 0.228906 0.050000 0.100000
0 0.521094 0.681250 0.043750 0.082812
0 0.227344 0.389844 0.038281 0.085156
0 0.896875 0.022656 0.036719 0.043750
0 0.717969 0.026562 0.040625 0.050000
0 0.541406 0.028125 0.035156 0.052344
0 0.414062 0.025781 0.045312 0.050000
0 0.961719 0.226562 0.050000 0.094531
0 0.938281 0.023438 0.046875 0.046094
0 0.441406 0.971094 0.044531 0.052344
0 0.742188 0.221094 0.045312 0.066406
0 0.526563 0.236719 0.042969 0.076563
0 0.849219 0.023438 0.043750 0.045312
0 0.534375 0.600781 0.042188 0.075781
0 0.678125 0.893750 0.034375 0.088281
0 0.066406 0.030469 0.037500 0.058594
0 0.979688 0.024219 0.039062 0.048438
0 0.974219 0.588281 0.045312 0.080469
0 0.667969 0.694531 0.044531 0.067187
0 0.308594 0.977344 0.049219 0.045312
0 0.353906 0.107813 0.085938 0.041406
0 0.617969 0.968750 0.042969 0.043750
0 0.688281 0.575781 0.047656 0.050781
0 0.735156 0.575781 0.042969 0.043750
0 0.357031 0.975781 0.046875 0.044531
0 0.227344 0.977344 0.044531 0.042188
0 0.485938 0.964063 0.044531 0.048438
0 0.633594 0.473438 0.085938 0.062500
0 0.399219 0.977344 0.039844 0.042969
0 0.567969 0.967187 0.055469 0.051562
0 0.201563 0.031250 0.040625 0.053125
0 0.225781 0.247656 0.038281 0.085156
0 0.357812 0.382812 0.039062 0.075000
0 0.835156 0.356250 0.047656 0.080469
0 0.439844 0.241406 0.040625 0.076563
0 0.273438 0.903906 0.042188 0.077344
0 0.588281 0.033594 0.046875 0.065625
1 0.499593 0.145467 0.999186 0.290933
1 0.499593 0.655748 0.999186 0.686876
