1 0.620887 0.657387 0.758227 0.685226
3 0.973267 0.717214 0.053466 0.082550
3 0.956760 0.674887 0.086481 0.102088
3 0.943975 0.928257 0.067430 0.037997
3 0.762727 0.924714 0.105977 0.094696
3 0.835206 0.860072 0.105977 0.102088
3 0.728748 0.895838 0.105977 0.102088
3 0.803954 0.826933 0.105977 0.102088
3 0.900458 0.919949 0.101420 0.070986
3 0.536709 0.793426 0.105046 0.108866
3 0.641513 0.700210 0.105046 0.108866
3 0.606744 0.732315 0.105046 0.108866
3 0.572208 0.763346 0.105046 0.108866
3 0.436090 0.889690 0.105046 0.108866
3 0.469686 0.857019 0.105046 0.108866
3 0.503281 0.824736 0.105046 0.108866
3 0.367885 0.948882 0.105046 0.102236
3 0.402343 0.920930 0.105046 0.108866
3 0.674360 0.668507 0.105046 0.108866
3 0.277104 0.982920 0.066251 0.034161
3 0.328529 0.966141 0.100129 0.067717
3 0.811265 0.543367 0.105046 0.108866
3 0.778387 0.574566 0.105046 0.108866
3 0.742299 0.605866 0.105046 0.108866
3 0.708930 0.636373 0.105046 0.108866
3 0.949829 0.405757 0.093209 0.108866
3 0.922555 0.436542 0.105046 0.108866
3 0.888296 0.470725 0.105046 0.108866
0 0.970734 0.369598 0.039793 0.057544
3 0.965351 0.369293 0.055404 0.092622
2 0.835098 0.905028 0.166817 0.129027
2 0.848450 0.504828 0.099047 0.104561
0 0.473438 0.846875 0.057813 0.098437
0 0.406250 0.921875 0.084375 0.103125
0 0.678005 0.672308 0.083276 0.087847
