0 0.865130 0.470191 0.090090 0.107389
0 0.822835 0.443500 0.086166 0.105250
0 0.786254 0.421950 0.094087 0.107128
0 0.742481 0.397631 0.086572 0.104012
0 0.702067 0.373144 0.077753 0.093789
0 0.661821 0.347879 0.084074 0.094113
0 0.619483 0.320246 0.103005 0.120181
0 0.576251 0.304304 0.085201 0.100901
0 0.411959 0.211022 0.085318 0.093723
0 0.946072 0.288375 0.080339 0.081656
0 0.954393 0.232627 0.054792 0.074773
0 0.749221 0.169789 0.103724 0.086760
0 0.794984 0.088858 0.107721 0.081524
0 0.821822 0.047377 0.102463 0.087226
0 0.660060 0.119710 0.106428 0.090640
0 0.680002 0.076554 0.121425 0.087367
0 0.708620 0.041747 0.102818 0.083493
0 0.743191 0.018376 0.084831 0.036753
0 0.948459 0.519027 0.060169 0.079013
0 0.466947 0.020467 0.080045 0.040934
1 0.638427 0.306002 0.723146 0.612004
