0 0.470742 0.173251 0.102517 0.093409
0 0.439412 0.209615 0.099983 0.091175
0 0.414454 0.242881 0.101679 0.098974
0 0.385883 0.282342 0.099296 0.090376
0 0.357077 0.318642 0.088883 0.081559
0 0.328526 0.354574 0.089049 0.087045
0 0.296766 0.391895 0.113331 0.107375
0 0.275974 0.430998 0.095279 0.088848
0 0.167333 0.577864 0.089324 0.088166
0 0.305687 0.062321 0.084750 0.097008
0 0.258573 0.042607 0.085213 0.085213
0 0.180424 0.019865 0.071422 0.039730
0 0.131809 0.006809 0.021661 0.013617
0 0.167444 0.248746 0.089690 0.098181
0 0.095404 0.194767 0.084329 0.103052
0 0.057754 0.164057 0.089434 0.097473
0 0.108015 0.328343 0.094540 0.101583
0 0.069503 0.304384 0.091857 0.114963
0 0.044628 0.271677 0.076420 0.098392
0 0.024346 0.228727 0.032680 0.066573
0 0.582462 0.031218 0.065519 0.059365
0 0.528124 0.098385 0.073136 0.063555
1 0.332238 0.352699 0.664476 0.705398
