1 0.502981 0.500000 0.994039 1.000000
3 0.338806 0.501032 0.089506 0.093227
3 0.511393 0.367091 0.089506 0.094646
3 0.475834 0.393843 0.084963 0.087003
3 0.471681 0.628503 0.098405 0.090825
3 0.525339 0.697403 0.098405 0.090825
3 0.551663 0.732876 0.098405 0.090825
3 0.576588 0.766504 0.098405 0.090825
3 0.603332 0.802456 0.098404 0.090825
3 0.529743 0.861638 0.098405 0.090825
3 0.450353 0.755496 0.098405 0.090825
3 0.501823 0.825984 0.098405 0.090826
3 0.498050 0.662400 0.098404 0.091850
3 0.477513 0.791052 0.098404 0.090825
3 0.425388 0.720237 0.098404 0.090825
3 0.397686 0.685429 0.098405 0.090825
3 0.250304 0.851394 0.098393 0.087840
3 0.277678 0.884019 0.098393 0.087841
3 0.303704 0.921080 0.098392 0.087840
3 0.329791 0.955263 0.098393 0.087840
3 0.221557 0.815689 0.098393 0.087841
3 0.645090 0.499525 0.098393 0.087840
3 0.204662 0.941656 0.098393 0.087840
3 0.176900 0.905579 0.098392 0.087841
3 0.151161 0.871060 0.098393 0.087840
3 0.779074 0.674055 0.098393 0.087840
3 0.694065 0.566892 0.090672 0.083959
3 0.671721 0.535298 0.098392 0.087840
3 0.851456 0.617942 0.098393 0.087840
3 0.751540 0.638232 0.098393 0.087840
3 0.744354 0.480689 0.098393 0.087840
3 0.823456 0.581835 0.098393 0.087841
3 0.715874 0.446649 0.098393 0.087840
3 0.767681 0.513457 0.093194 0.084042
3 0.441754 0.421554 0.087006 0.087925
3 0.266254 0.554831 0.087006 0.087925
3 0.301636 0.528798 0.087006 0.087925
3 0.372997 0.471895 0.087007 0.087925
3 0.406519 0.444715 0.087007 0.087925
3 0.121573 0.659890 0.087006 0.087925
3 0.157943 0.634972 0.087006 0.087925
3 0.196153 0.607247 0.087006 0.087925
3 0.232335 0.580017 0.087006 0.087925
3 0.548441 0.337793 0.087006 0.087925
3 0.054442 0.710890 0.081899 0.086741
3 0.085411 0.686470 0.087006 0.087925
3 0.710800 0.214259 0.071239 0.078905
3 0.684615 0.236503 0.087006 0.087924
3 0.651850 0.262798 0.087007 0.087925
3 0.582891 0.314232 0.082395 0.082049
3 0.035720 0.735425 0.058464 0.091660
3 0.231874 0.965086 0.098346 0.069829
3 0.271440 0.984242 0.066841 0.031516
3 0.361414 0.971346 0.103917 0.057307
3 0.890334 0.316152 0.092975 0.085596
3 0.914838 0.350959 0.092974 0.085596
3 0.943366 0.384805 0.092975 0.085596
3 0.878395 0.090970 0.083072 0.089705
3 0.912125 0.066675 0.083072 0.089705
3 0.945320 0.042567 0.079433 0.085133
3 0.964476 0.028992 0.040566 0.057985
3 0.955192 0.257639 0.073571 0.081009
3 0.969683 0.302165 0.048601 0.074264
2 0.764304 0.570308 0.182343 0.156949
3 0.963052 0.416209 0.068543 0.081477
3 0.973544 0.454181 0.051027 0.073404
0 0.399317 0.683414 0.075702 0.064995
0 0.467013 0.792348 0.084948 0.072503
0 0.496858 0.827786 0.093834 0.084813
0 0.420911 0.720849 0.082030 0.078462
0 0.150604 0.870103 0.087079 0.078626
0 0.221952 0.811823 0.085805 0.072401
0 0.280695 0.880821 0.081695 0.066654
0 0.202787 0.937722 0.091539 0.079216
0 0.301427 0.918237 0.086322 0.073867
0 0.169630 0.906322 0.099735 0.089674
0 0.917636 0.351500 0.090179 0.077320
0 0.887605 0.315776 0.084408 0.072686
0 0.718578 0.436482 0.087230 0.079200
0 0.367111 0.974884 0.093201 0.050233
0 0.231561 0.965951 0.093312 0.068098
0 0.941997 0.389342 0.074164 0.072340
0 0.956442 0.258826 0.070940 0.078644
0 0.433504 0.418349 0.066967 0.072475
0 0.150884 0.629791 0.073273 0.083365
0 0.194349 0.599371 0.079588 0.087879
0 0.298064 0.521457 0.084491 0.088731
0 0.367442 0.468946 0.078963 0.085102
0 0.264618 0.553113 0.078081 0.087092
0 0.232498 0.575311 0.080933 0.089256
0 0.511368 0.367062 0.088504 0.097306
0 0.580590 0.315475 0.081578 0.088479
0 0.051415 0.706141 0.076048 0.085425
0 0.090974 0.684991 0.091295 0.101071
0 0.124085 0.652689 0.075839 0.083981
0 0.909098 0.062766 0.061380 0.069459
0 0.877500 0.088644 0.077189 0.087285
0 0.712228 0.207647 0.072818 0.081942
0 0.649861 0.257791 0.073004 0.083693
0 0.611905 0.289366 0.076215 0.082743
0 0.943180 0.035712 0.064212 0.068703
0 0.971218 0.304114 0.045130 0.059816
0 0.976019 0.458087 0.046114 0.059689
0 0.965024 0.024585 0.039075 0.049170
0 0.264551 0.986508 0.061842 0.026984
3 0.616655 0.289559 0.086072 0.084878
3 0.779384 0.921933 0.101084 0.112056
3 0.881805 0.844067 0.101812 0.111560
3 0.920129 0.817718 0.101084 0.112056
3 0.952396 0.793109 0.095208 0.112055
3 0.812594 0.896732 0.101085 0.112056
3 0.848459 0.870388 0.101085 0.112056
3 0.742713 0.940501 0.100266 0.101573
3 0.970521 0.763157 0.058958 0.110720
0 0.878420 0.838234 0.075241 0.093354
2 0.700997 0.956387 0.105919 0.075221
