1 0.673933 0.727437 0.652134 0.545126
3 0.795605 0.596802 0.100848 0.088279
3 0.806679 0.665969 0.099313 0.078950
3 0.815945 0.736361 0.098206 0.083822
3 0.823287 0.790039 0.097681 0.056080
3 0.834141 0.839173 0.095563 0.061057
3 0.837766 0.881814 0.102612 0.057822
3 0.847005 0.925884 0.095241 0.063750
3 0.788166 0.527393 0.101165 0.078263
3 0.638553 0.549910 0.105065 0.091663
3 0.649888 0.625879 0.102654 0.073227
3 0.654451 0.676114 0.100739 0.055595
3 0.663640 0.720320 0.100554 0.062106
3 0.665710 0.769687 0.099387 0.061823
3 0.674543 0.812772 0.104016 0.063413
3 0.685548 0.857941 0.103561 0.057266
3 0.690638 0.901430 0.104029 0.052624
3 0.700781 0.943750 0.109375 0.060937
3 0.993750 0.739062 0.012500 0.053125
3 0.990625 0.696094 0.018750 0.051562
3 0.988281 0.653125 0.023438 0.053125
3 0.985156 0.607031 0.029687 0.051562
3 0.982031 0.563281 0.035937 0.051562
3 0.979688 0.518750 0.040625 0.050000
2 0.975781 0.476562 0.048438 0.046875
2 0.744479 0.729797 0.123032 0.471991
2 0.399794 0.773127 0.096263 0.453746
3 0.438281 0.667188 0.107813 0.070312
3 0.446875 0.711719 0.101562 0.056250
3 0.454688 0.756250 0.101562 0.064062
3 0.457031 0.795312 0.103125 0.059375
3 0.462500 0.844531 0.107813 0.068750
3 0.472656 0.891406 0.103125 0.057813
3 0.482031 0.971094 0.107813 0.057813
3 0.477344 0.931250 0.103125 0.056250
3 0.487500 0.996875 0.096875 0.006250
3 0.435536 0.611706 0.095521 0.067189
0 0.991406 0.652344 0.017188 0.039062
0 0.989844 0.609375 0.020313 0.037500
0 0.989062 0.564063 0.021875 0.043750
0 0.983594 0.517188 0.032813 0.043750
0 0.848437 0.925781 0.090625 0.056250
0 0.830469 0.832812 0.082812 0.050000
0 0.832031 0.789844 0.092188 0.046875
0 0.832031 0.728906 0.117188 0.067187
0 0.822656 0.665625 0.096875 0.054688
0 0.801562 0.593750 0.085938 0.053125
0 0.715625 0.939063 0.092188 0.046875
0 0.698438 0.901563 0.087500 0.043750
0 0.687500 0.857031 0.092188 0.045312
0 0.681250 0.810156 0.085938 0.050000
0 0.682031 0.763281 0.076563 0.045312
0 0.676562 0.715625 0.078125 0.046875
0 0.670312 0.673438 0.085938 0.050000
0 0.657813 0.617969 0.087500 0.062500
0 0.651563 0.553125 0.081250 0.056250
0 0.488281 0.976562 0.085938 0.046875
0 0.472656 0.931250 0.092188 0.046875
0 0.467187 0.889844 0.089063 0.043750
0 0.464844 0.842969 0.084375 0.051562
0 0.451562 0.799219 0.085938 0.046875
0 0.451562 0.753906 0.100000 0.048438
0 0.442188 0.665625 0.096875 0.057813
0 0.435937 0.615625 0.098437 0.054688
