0 0.636452 0.646662 0.097802 0.088231
0 0.664933 0.602165 0.111180 0.103742
0 0.696689 0.573079 0.090957 0.091498
0 0.729561 0.536400 0.097540 0.087966
0 0.756221 0.493532 0.086743 0.078722
0 0.781558 0.454798 0.084508 0.080940
0 0.902521 0.845718 0.099463 0.086532
0 0.926003 0.803686 0.093894 0.083128
0 0.960488 0.725083 0.058526 0.075280
0 0.973525 0.679466 0.038673 0.070918
0 0.956568 0.336092 0.086864 0.101786
0 0.918900 0.309449 0.092219 0.094864
0 0.889773 0.282760 0.087955 0.101176
0 0.464782 0.506833 0.101578 0.089092
0 0.780594 0.632707 0.087827 0.081696
0 0.803452 0.980453 0.069689 0.039093
0 0.757292 0.963223 0.087021 0.073554
0 0.722322 0.952109 0.095906 0.095782
0 0.682673 0.926093 0.094171 0.110254
0 0.641394 0.895894 0.090000 0.101079
0 0.612401 0.872724 0.095607 0.104459
0 0.574163 0.836210 0.109296 0.114503
0 0.529322 0.807442 0.096447 0.094193
0 0.385577 0.696160 0.070128 0.085093
0 0.083015 0.472481 0.072213 0.076821
0 0.035105 0.012970 0.021794 0.025940
0 0.489817 0.464717 0.080084 0.067159
0 0.545505 0.390507 0.078476 0.066976
0 0.603123 0.313749 0.065843 0.063808
0 0.740549 0.169783 0.071169 0.077130
0 0.869845 0.516160 0.086199 0.069402
0 0.803841 0.595332 0.074435 0.064448
0 0.715635 0.707568 0.077237 0.070376
1 0.500914 0.500000 0.998172 1.000000
