0 0.939486 0.546668 0.086032 0.067278
0 0.278991 0.380316 0.091867 0.095207
0 0.227161 0.315331 0.091362 0.094439
0 0.097893 0.317744 0.095811 0.098029
0 0.138234 0.215860 0.101968 0.108177
0 0.105077 0.189337 0.091494 0.097829
0 0.446976 0.964743 0.087200 0.068155
0 0.693402 0.960272 0.103459 0.077827
0 0.749622 0.896663 0.084651 0.073922
0 0.828188 0.942367 0.083879 0.068309
0 0.842850 0.898344 0.090054 0.075812
0 0.419204 0.984121 0.074507 0.030130
0 0.653120 0.636599 0.082651 0.072640
0 0.800063 0.374445 0.102001 0.090445
0 0.913247 0.191918 0.083496 0.074389
0 0.279970 0.504786 0.082256 0.092866
0 0.443197 0.113616 0.087895 0.089958
0 0.407018 0.081131 0.088717 0.092463
0 0.351056 0.031510 0.083219 0.063020
1 0.499590 0.499593 0.999179 0.999186
1 0.367910 0.314167 0.735819 0.628334
