1 0.498766 0.500000 0.997532 1.000000
2 0.661993 0.663811 0.387433 0.575461
2 0.926303 0.337056 0.142535 0.099614
3 0.351420 0.734329 0.109845 0.076317
3 0.301991 0.605269 0.109846 0.076317
3 0.287229 0.561436 0.109846 0.076316
3 0.272680 0.516162 0.109846 0.076316
3 0.255105 0.475922 0.109846 0.076317
3 0.238598 0.431072 0.109846 0.076317
3 0.221515 0.388548 0.109846 0.076317
3 0.366385 0.776188 0.109846 0.076317
3 0.380364 0.820556 0.109846 0.076317
3 0.400652 0.864519 0.111124 0.078018
3 0.415453 0.906913 0.109846 0.076317
3 0.431407 0.947991 0.109846 0.076317
3 0.304779 0.898302 0.109846 0.076316
3 0.319963 0.943294 0.109846 0.076317
3 0.317919 0.647497 0.109846 0.076317
3 0.334410 0.691792 0.109846 0.076317
3 0.240720 0.726211 0.109846 0.076317
3 0.256899 0.768513 0.109846 0.076317
3 0.272173 0.812065 0.109845 0.076317
3 0.287437 0.855499 0.109846 0.076316
3 0.176907 0.553182 0.109846 0.076317
3 0.207464 0.640320 0.109845 0.076317
3 0.192370 0.596594 0.109846 0.076316
3 0.223599 0.683365 0.109846 0.076317
3 0.160707 0.509311 0.109846 0.076316
3 0.339764 0.973911 0.104431 0.052177
3 0.445544 0.977994 0.102206 0.044012
3 0.604772 0.790685 0.096666 0.074146
3 0.588521 0.748106 0.096666 0.074146
3 0.571579 0.704935 0.096665 0.074146
3 0.558792 0.666136 0.092416 0.068928
3 0.617881 0.833239 0.096665 0.074146
3 0.632862 0.879893 0.096665 0.074146
3 0.059569 0.843567 0.096665 0.074146
3 0.108160 0.968393 0.096666 0.063214
3 0.092003 0.929575 0.096666 0.074145
3 0.076590 0.886416 0.096665 0.074146
3 0.048276 0.799427 0.086652 0.074145
3 0.634296 0.473037 0.081923 0.095060
3 0.557851 0.524600 0.081923 0.095060
3 0.522964 0.548447 0.081923 0.089219
3 0.672216 0.447541 0.081923 0.095059
3 0.713790 0.425300 0.081923 0.095060
3 0.595262 0.500704 0.081922 0.095059
3 0.941906 0.274890 0.081922 0.095060
3 0.967293 0.248997 0.058181 0.096484
3 0.905319 0.301201 0.081923 0.095060
3 0.038281 0.755015 0.068360 0.068078
3 0.029707 0.708073 0.052896 0.065111
3 0.022168 0.662082 0.039536 0.056873
3 0.423694 0.224471 0.091435 0.107488
3 0.383921 0.249009 0.091435 0.107488
3 0.673250 0.185543 0.091434 0.107488
3 0.633410 0.209090 0.091434 0.107488
3 0.595065 0.234306 0.091435 0.107488
3 0.557585 0.259494 0.091434 0.107488
3 0.515816 0.282855 0.091434 0.107488
3 0.476822 0.308227 0.091434 0.107488
3 0.437039 0.331191 0.091435 0.107488
3 0.578453 0.126353 0.091434 0.107488
3 0.541646 0.150822 0.091434 0.107488
3 0.502081 0.176194 0.091435 0.107488
3 0.462995 0.199507 0.091435 0.107488
3 0.620295 0.103937 0.091434 0.107488
3 0.660500 0.079200 0.091434 0.107488
3 0.713642 0.163707 0.091434 0.107488
3 0.699574 0.055184 0.091435 0.107488
3 0.752889 0.138891 0.091434 0.107488
3 0.738453 0.042543 0.091435 0.085086
3 0.792684 0.114325 0.091434 0.107488
3 0.785711 0.030460 0.077406 0.060920
3 0.830870 0.086480 0.091434 0.107488
3 0.832070 0.018816 0.062600 0.037632
3 0.868602 0.062822 0.091435 0.107488
3 0.913065 0.046415 0.091434 0.092830
3 0.952881 0.034972 0.078584 0.069944
0 0.291458 0.562579 0.094107 0.066901
0 0.396550 0.866541 0.099343 0.068970
0 0.336822 0.976758 0.104622 0.046485
0 0.449359 0.980308 0.105782 0.039383
0 0.254263 0.477314 0.090781 0.063686
0 0.447759 0.339383 0.081199 0.102764
0 0.390794 0.250304 0.081199 0.102764
0 0.578755 0.116811 0.076586 0.088198
0 0.467400 0.197572 0.081199 0.102764
0 0.623059 0.101345 0.080820 0.095609
0 0.907753 0.301109 0.082875 0.096286
0 0.522890 0.546851 0.081250 0.096940
0 0.564863 0.527571 0.072184 0.087752
0 0.626817 0.199841 0.078533 0.088725
0 0.562219 0.264525 0.081199 0.102764
0 0.519132 0.279523 0.081199 0.102764
0 0.478889 0.304052 0.081199 0.102764
