1 0.499593 0.499954 0.999186 0.999186
2 0.315055 0.371173 0.537427 0.362622
2 0.628115 0.093245 0.115062 0.186490
3 0.254503 0.664943 0.070242 0.102703
3 0.376154 0.709116 0.070242 0.102704
3 0.417438 0.722221 0.070241 0.102704
3 0.460068 0.735104 0.070241 0.102704
3 0.498034 0.750903 0.070242 0.102704
3 0.540298 0.765626 0.070242 0.102704
3 0.580395 0.780927 0.070242 0.102704
3 0.215064 0.651614 0.070242 0.102704
3 0.173292 0.639251 0.070242 0.102704
3 0.131828 0.620965 0.071843 0.103913
3 0.091859 0.607807 0.070242 0.102704
3 0.053136 0.593540 0.070242 0.102704
3 0.101730 0.711295 0.070241 0.102704
3 0.059355 0.697813 0.070242 0.102704
3 0.336355 0.694892 0.070242 0.102704
3 0.294610 0.680174 0.070242 0.102704
3 0.263913 0.768463 0.070242 0.102704
3 0.224039 0.754005 0.070242 0.102704
3 0.183010 0.740416 0.070242 0.102703
3 0.142092 0.726833 0.070241 0.102704
3 0.426970 0.825385 0.070242 0.102704
3 0.344880 0.798198 0.070242 0.102703
3 0.386068 0.811616 0.070241 0.102704
3 0.304311 0.783794 0.070242 0.102704
3 0.468313 0.839837 0.070241 0.102704
3 0.027115 0.679959 0.054230 0.097704
3 0.022399 0.580734 0.044799 0.096167
3 0.197616 0.428616 0.068418 0.090298
3 0.237750 0.443138 0.068418 0.090298
3 0.278450 0.458295 0.068418 0.090297
3 0.314995 0.469641 0.063476 0.086417
3 0.157557 0.417038 0.068418 0.090297
3 0.113627 0.403773 0.068418 0.090297
3 0.157011 0.939976 0.068418 0.090297
3 0.034219 0.896608 0.068418 0.090298
3 0.075949 0.911013 0.068417 0.090298
3 0.116612 0.924739 0.068418 0.090297
3 0.198607 0.954517 0.068417 0.090298
3 0.494535 0.395770 0.089084 0.075957
3 0.447504 0.468191 0.089084 0.075957
3 0.425735 0.501294 0.083634 0.075957
3 0.517787 0.359846 0.089083 0.075957
3 0.537934 0.320556 0.089084 0.075957
3 0.469267 0.432770 0.089083 0.075956
3 0.675039 0.104503 0.089084 0.075956
3 0.698669 0.068545 0.090452 0.077330
3 0.651002 0.139192 0.089084 0.075957
3 0.239502 0.962911 0.064787 0.072549
3 0.282684 0.970172 0.063822 0.058028
3 0.325699 0.976449 0.056818 0.045473
3 0.720382 0.033766 0.087551 0.067533
3 0.730733 0.588922 0.100874 0.084678
3 0.708408 0.626564 0.100875 0.084678
3 0.763105 0.354616 0.100875 0.084678
3 0.741708 0.392305 0.100875 0.084678
3 0.718724 0.428622 0.100875 0.084678
3 0.695752 0.464127 0.100874 0.084678
3 0.674561 0.503619 0.100875 0.084678
3 0.651441 0.540545 0.100874 0.084678
3 0.630590 0.578171 0.100875 0.084678
3 0.820076 0.442411 0.100875 0.084678
3 0.797766 0.477275 0.100875 0.084678
3 0.774656 0.514737 0.100875 0.084678
3 0.753466 0.551715 0.100875 0.084678
3 0.840381 0.402866 0.100874 0.084678
3 0.862886 0.364817 0.100875 0.084678
3 0.782890 0.316439 0.100875 0.084678
3 0.884735 0.327838 0.100875 0.084678
3 0.805485 0.279285 0.100875 0.084678
3 0.906423 0.291044 0.100875 0.084678
3 0.827837 0.241622 0.100875 0.084678
3 0.928393 0.252968 0.100875 0.084678
3 0.853285 0.205412 0.100875 0.084678
3 0.949563 0.216111 0.100875 0.084678
3 0.874820 0.169695 0.100875 0.084678
3 0.896318 0.127674 0.100875 0.084678
3 0.917127 0.091766 0.100874 0.084678
3 0.941356 0.053716 0.100875 0.084678
3 0.960881 0.177067 0.076610 0.083866
3 0.973652 0.133814 0.051067 0.069844
3 0.956629 0.029326 0.085114 0.058652
0 0.416306 0.718246 0.061542 0.088092
0 0.130018 0.624875 0.063556 0.092964
0 0.024472 0.682711 0.048945 0.097958
0 0.020230 0.577481 0.040460 0.099055
0 0.496809 0.751739 0.058599 0.084884
0 0.622784 0.568281 0.096501 0.075108
0 0.707123 0.620162 0.096501 0.075108
0 0.828967 0.441971 0.082775 0.070958
0 0.755246 0.547572 0.096501 0.075108
0 0.842743 0.400229 0.089704 0.074875
0 0.651049 0.136923 0.090356 0.076741
0 0.938531 0.041186 0.083623 0.069436
0 0.427259 0.501326 0.090976 0.075257
0 0.444638 0.461688 0.082250 0.066875
0 0.750511 0.398323 0.083278 0.072654
0 0.691005 0.459883 0.096501 0.075108
0 0.677667 0.500473 0.096501 0.075108
0 0.655357 0.538554 0.096501 0.075108
