1 0.499593 0.577204 0.999186 0.843285
3 0.183620 0.460922 0.072012 0.103928
3 0.755275 0.664489 0.072012 0.103928
3 0.673407 0.635855 0.072012 0.103928
3 0.631237 0.620968 0.072012 0.103928
3 0.510545 0.576737 0.072012 0.103928
3 0.714362 0.650440 0.072012 0.103928
3 0.590797 0.606579 0.072012 0.103928
3 0.550101 0.593887 0.072012 0.103928
3 0.875871 0.707114 0.072012 0.103928
3 0.836189 0.692975 0.072012 0.103928
3 0.795933 0.679376 0.072012 0.103928
3 0.347493 0.516934 0.072011 0.103928
3 0.845063 0.797195 0.072012 0.103928
3 0.885907 0.812691 0.072012 0.103928
3 0.925092 0.827175 0.072012 0.103928
3 0.959287 0.736104 0.072012 0.103928
3 0.917325 0.722675 0.072012 0.103928
3 0.519972 0.682796 0.072012 0.103928
3 0.559491 0.695594 0.072012 0.103928
3 0.600138 0.711059 0.072012 0.103928
3 0.641963 0.725490 0.072012 0.103928
3 0.682399 0.739211 0.072012 0.103928
3 0.722123 0.753032 0.072012 0.103928
3 0.763290 0.768354 0.072012 0.103928
3 0.804564 0.782790 0.072012 0.103928
3 0.478895 0.665152 0.072012 0.103928
3 0.151094 0.551320 0.072012 0.103928
3 0.274914 0.594163 0.072012 0.103928
3 0.193311 0.564983 0.072012 0.103928
3 0.234007 0.579583 0.072012 0.103928
3 0.316171 0.607686 0.072012 0.103928
3 0.225110 0.474387 0.072012 0.103928
3 0.142982 0.446363 0.072012 0.103928
3 0.100914 0.432536 0.072012 0.103928
3 0.070138 0.519144 0.072012 0.103928
3 0.110017 0.534768 0.072012 0.103928
3 0.062843 0.416608 0.069244 0.095430
3 0.305976 0.501786 0.072012 0.103928
3 0.267402 0.487906 0.072012 0.103928
3 0.308728 0.293570 0.068375 0.095340
3 0.267847 0.277777 0.068375 0.095339
3 0.227761 0.263118 0.068375 0.095340
3 0.188820 0.248353 0.068375 0.095340
3 0.146391 0.232681 0.068375 0.095340
3 0.105288 0.219061 0.068375 0.095340
3 0.064656 0.204996 0.068375 0.095339
3 0.654734 0.418732 0.068375 0.095340
3 0.614421 0.402895 0.068375 0.095340
3 0.391810 0.324092 0.068375 0.095339
3 0.350468 0.307042 0.068375 0.095340
3 0.816010 0.472116 0.060476 0.087381
3 0.737005 0.446502 0.068375 0.095339
3 0.778612 0.460938 0.068375 0.095340
3 0.697370 0.433147 0.068375 0.095340
3 0.618190 0.924922 0.068375 0.095339
3 0.577261 0.909637 0.068375 0.095340
3 0.535516 0.895057 0.068375 0.095340
3 0.494237 0.879858 0.068375 0.095340
3 0.699284 0.952330 0.068375 0.095340
3 0.675124 0.631428 0.068375 0.095340
3 0.661796 0.937280 0.068375 0.095340
3 0.334674 0.821291 0.068375 0.095339
3 0.415153 0.848186 0.068375 0.095340
3 0.375576 0.832662 0.068375 0.095340
3 0.456591 0.864541 0.068375 0.095340
3 0.128191 0.750259 0.068375 0.095340
3 0.169501 0.765040 0.068375 0.095340
3 0.209386 0.778740 0.068375 0.095340
3 0.251386 0.792047 0.068375 0.095340
3 0.293035 0.807565 0.068375 0.095340
3 0.033790 0.502044 0.067580 0.097550
3 0.046567 0.720316 0.068375 0.095340
3 0.087231 0.738161 0.068375 0.095340
3 0.966243 0.839695 0.065884 0.101463
3 0.741806 0.960973 0.063291 0.072373
3 0.781078 0.970792 0.063509 0.056787
3 0.018322 0.707141 0.036645 0.088469
3 0.976030 0.389376 0.046311 0.064855
3 0.962840 0.433661 0.072692 0.082753
3 0.949484 0.467711 0.085182 0.079376
3 0.931355 0.503494 0.088134 0.082902
2 0.883694 0.494087 0.119340 0.116838
3 0.826717 0.976004 0.056781 0.046364
2 0.029297 0.442239 0.058594 0.161684
2 0.581378 0.372393 0.058116 0.082462
2 0.426634 0.322427 0.042731 0.069584
0 0.508407 0.577975 0.066409 0.096098
0 0.046343 0.718182 0.066409 0.096098
0 0.193039 0.241670 0.066409 0.096098
0 0.146968 0.232737 0.066408 0.096098
0 0.104205 0.218369 0.066408 0.096097
0 0.058807 0.207061 0.066409 0.096098
0 0.033204 0.498641 0.066408 0.096098
0 0.072140 0.512992 0.066408 0.096097
0 0.142271 0.443376 0.066408 0.096098
0 0.236200 0.572402 0.066408 0.096098
0 0.311912 0.606110 0.066408 0.096098
0 0.625467 0.627216 0.066409 0.096098
0 0.517680 0.679353 0.066409 0.096098
0 0.332372 0.824140 0.066408 0.096098
0 0.474859 0.666650 0.066408 0.096098
0 0.251569 0.790719 0.066409 0.096098
0 0.127829 0.745395 0.066409 0.096098
0 0.916443 0.715621 0.066409 0.096097
0 0.984378 0.749246 0.029615 0.094470
0 0.926267 0.500934 0.087498 0.076498
0 0.942331 0.461884 0.080362 0.068699
