0 0.591448 0.649339 0.094659 0.070035
0 0.673031 0.616594 0.090618 0.060657
0 0.645470 0.777377 0.095531 0.074484
0 0.665990 0.818506 0.095532 0.074483
0 0.690082 0.858869 0.095532 0.074484
0 0.704140 0.901544 0.095532 0.074484
0 0.737519 0.736504 0.088884 0.071087
0 0.776944 0.819387 0.095532 0.074483
0 0.787531 0.864308 0.095532 0.074483
0 0.799199 0.910475 0.088440 0.064864
0 0.821982 0.940852 0.090359 0.048431
0 0.294852 0.755687 0.095686 0.072034
0 0.312035 0.797995 0.095686 0.072033
0 0.331946 0.839870 0.095687 0.072034
0 0.362303 0.879158 0.084713 0.069104
0 0.369594 0.922097 0.095687 0.072033
0 0.387187 0.964911 0.089787 0.068538
0 0.410878 0.987864 0.059371 0.024272
0 0.519971 0.986617 0.066345 0.026766
0 0.490115 0.967444 0.092032 0.065113
0 0.441520 0.842170 0.095686 0.072033
0 0.398861 0.759095 0.095686 0.072034
0 0.381897 0.717173 0.095687 0.072033
0 0.156008 0.975806 0.089518 0.048388
0 0.145428 0.943238 0.089517 0.074628
0 0.125529 0.902658 0.089518 0.074628
0 0.110922 0.856366 0.092503 0.074628
0 0.083470 0.973790 0.046483 0.052420
0 0.067327 0.930964 0.027564 0.045753
0 0.058243 0.887090 0.023416 0.053288
0 0.349704 0.231041 0.081112 0.064260
0 0.286167 0.141873 0.094020 0.072963
0 0.518286 0.298206 0.068141 0.086690
0 0.560425 0.276411 0.068141 0.086690
0 0.604471 0.254920 0.072446 0.089662
0 0.650037 0.244342 0.068141 0.086690
0 0.566418 0.041259 0.067515 0.082518
0 0.451706 0.023222 0.061896 0.045830
0 0.497768 0.011825 0.047825 0.023651
1 0.555864 0.177409 0.779817 0.354818
1 0.494249 0.738135 0.909423 0.523730
