0 0.645633 0.427639 0.055748 0.091564
0 0.629044 0.342286 0.047829 0.086590
0 0.778681 0.399007 0.059893 0.091323
0 0.822229 0.386917 0.059892 0.091323
0 0.865709 0.371235 0.059893 0.091323
0 0.909537 0.365674 0.059893 0.091323
0 0.985016 0.350941 0.029969 0.087227
0 0.756503 0.302551 0.057866 0.084391
0 0.843896 0.279988 0.059892 0.091323
0 0.889241 0.278197 0.059892 0.091323
0 0.935769 0.274643 0.052383 0.084580
0 0.976069 0.261010 0.047862 0.086045
0 0.692349 0.733846 0.058068 0.092174
0 0.736409 0.725198 0.058067 0.092174
0 0.780563 0.713837 0.058068 0.092175
0 0.823295 0.691906 0.055529 0.081032
0 0.866993 0.692926 0.058067 0.092175
0 0.911498 0.683842 0.055560 0.085554
0 0.958085 0.675355 0.055582 0.077563
0 0.973030 0.572274 0.048637 0.092175
0 0.935353 0.585333 0.055807 0.088639
0 0.803341 0.608506 0.058067 0.092174
0 0.715153 0.634095 0.058068 0.092174
0 0.671506 0.642604 0.058067 0.092175
0 0.985919 0.659568 0.015855 0.058109
0 0.891223 0.910783 0.061770 0.085564
0 0.845139 0.912423 0.061770 0.085563
0 0.802237 0.924016 0.061770 0.085564
0 0.754755 0.929800 0.061770 0.090656
0 0.864373 0.979138 0.050872 0.041724
0 0.910481 0.977180 0.046352 0.045641
0 0.953351 0.966549 0.046986 0.066902
0 0.818256 0.987608 0.042525 0.024784
0 0.774258 0.989409 0.051924 0.021182
0 0.195571 0.582220 0.052560 0.079634
0 0.097973 0.627173 0.058285 0.089957
0 0.292878 0.431813 0.084272 0.056432
0 0.279748 0.387051 0.084272 0.056432
0 0.266937 0.340658 0.087287 0.059725
0 0.265607 0.294540 0.084272 0.056432
0 0.051288 0.336526 0.087260 0.053868
0 0.018817 0.441077 0.035558 0.052058
0 0.013412 0.394504 0.019252 0.040310
1 0.169990 0.358602 0.339981 0.717203
1 0.753110 0.567865 0.493780 0.864270
