0 0.421233 0.940211 0.071282 0.085904
0 0.635242 0.285467 0.093522 0.095610
0 0.705189 0.237566 0.093086 0.094621
0 0.711280 0.107131 0.096019 0.099322
0 0.811565 0.154573 0.105773 0.105998
0 0.840550 0.123604 0.096240 0.094989
0 0.036666 0.413684 0.066687 0.088276
0 0.031163 0.662530 0.062326 0.103525
0 0.081404 0.723959 0.077575 0.085360
0 0.032983 0.799953 0.065966 0.084314
0 0.073219 0.817886 0.080328 0.089999
0 0.019075 0.378505 0.028004 0.062986
0 0.350665 0.644773 0.076558 0.082223
0 0.605047 0.811601 0.095778 0.101519
0 0.780936 0.938703 0.078270 0.083792
0 0.509771 0.277628 0.091562 0.085262
0 0.892970 0.469680 0.089173 0.090757
0 0.928121 0.435826 0.090895 0.091995
0 0.975772 0.379815 0.048456 0.078509
1 0.478346 0.500000 0.956692 1.000000
1 0.697420 0.385089 0.605160 0.770177
