1 0.607755 0.500000 0.768682 1.000000
3 0.525564 0.125677 0.111670 0.067106
3 0.659597 0.778585 0.111671 0.067106
3 0.640966 0.685159 0.111671 0.067106
3 0.631220 0.637016 0.111671 0.067106
3 0.601559 0.498978 0.111670 0.067106
3 0.650569 0.731936 0.111671 0.067106
3 0.621752 0.590829 0.111670 0.067106
3 0.614167 0.544625 0.111670 0.067106
3 0.687525 0.916273 0.111670 0.067106
3 0.678212 0.870949 0.111671 0.067106
3 0.669574 0.825084 0.111671 0.067106
3 0.561437 0.312484 0.111671 0.067105
3 0.790215 0.896534 0.111671 0.067106
3 0.800827 0.943328 0.111671 0.067106
3 0.810519 0.977305 0.111525 0.045389
3 0.703794 0.988942 0.106647 0.022117
3 0.698114 0.963741 0.111671 0.067106
3 0.715479 0.525444 0.111671 0.067106
3 0.723358 0.570385 0.111670 0.067106
3 0.733966 0.616961 0.111671 0.067106
3 0.743269 0.664660 0.111671 0.067106
3 0.752012 0.710740 0.111671 0.067106
3 0.760972 0.756061 0.111671 0.067106
3 0.771345 0.803180 0.111670 0.067106
3 0.780738 0.850281 0.111671 0.067106
3 0.702567 0.478067 0.111670 0.067106
3 0.628862 0.104117 0.111670 0.067106
3 0.656534 0.245345 0.111671 0.067106
3 0.637269 0.152126 0.111671 0.067106
3 0.646929 0.198622 0.111670 0.067106
3 0.664937 0.292288 0.111671 0.067106
3 0.533867 0.172864 0.111670 0.067106
3 0.515939 0.079250 0.111670 0.067106
3 0.507331 0.032783 0.111671 0.064297
3 0.606752 0.023505 0.110643 0.042381
3 0.617137 0.056907 0.111671 0.067106
3 0.496266 0.009849 0.095434 0.019697
3 0.551307 0.265010 0.111670 0.067106
3 0.542107 0.220931 0.111671 0.067106
3 0.324504 0.235988 0.101952 0.065550
3 0.313575 0.189107 0.101951 0.065549
3 0.303757 0.143265 0.101952 0.065550
3 0.293651 0.098652 0.101952 0.065549
3 0.283090 0.050106 0.101952 0.065549
3 0.276155 0.018045 0.098760 0.036091
3 0.407749 0.631472 0.101952 0.065550
3 0.396687 0.585202 0.101952 0.065550
3 0.345002 0.331022 0.101951 0.065550
3 0.332776 0.283448 0.101952 0.065550
3 0.440743 0.815321 0.093665 0.056278
3 0.425378 0.725203 0.101951 0.065550
3 0.434720 0.772666 0.101952 0.065549
3 0.416911 0.680051 0.101952 0.065549
3 0.949107 0.670820 0.072328 0.062114
3 0.947032 0.622248 0.088915 0.065549
3 0.943228 0.574613 0.100261 0.065549
3 0.933851 0.527390 0.101952 0.065550
3 0.950802 0.766917 0.040887 0.054711
3 0.635982 0.686164 0.101952 0.065550
3 0.948795 0.721809 0.058152 0.058776
3 0.894539 0.344880 0.101951 0.065550
3 0.911491 0.436529 0.101952 0.065549
3 0.900656 0.391108 0.101952 0.065550
3 0.922946 0.484101 0.101952 0.065550
3 0.848843 0.109430 0.101952 0.065549
3 0.858605 0.156623 0.101952 0.065549
3 0.867409 0.202099 0.101952 0.065549
3 0.875463 0.249817 0.101952 0.065550
3 0.885975 0.297491 0.101952 0.065549
3 0.841945 0.068646 0.101952 0.054314
3 0.320518 0.967968 0.057108 0.031469
3 0.369837 0.960233 0.072072 0.062905
3 0.415877 0.954745 0.079026 0.083545
3 0.458014 0.945335 0.083368 0.097619
2 0.454113 0.897445 0.116124 0.134958
2 0.369191 0.544124 0.086483 0.058560
2 0.338817 0.369066 0.078753 0.038413
0 0.602826 0.496729 0.103722 0.062132
0 0.285237 0.102294 0.103722 0.062132
0 0.282563 0.050816 0.103722 0.062131
0 0.274255 0.016586 0.102155 0.033172
0 0.598835 0.023061 0.103721 0.040544
0 0.512393 0.077907 0.103722 0.062131
0 0.638376 0.199797 0.103722 0.062131
0 0.663466 0.287303 0.103722 0.062131
0 0.638491 0.631583 0.103722 0.062132
0 0.711678 0.522312 0.103722 0.062132
0 0.897490 0.342886 0.103722 0.062131
0 0.704407 0.473794 0.103722 0.062131
0 0.873490 0.249888 0.103722 0.062132
0 0.843107 0.108367 0.103722 0.062132
0 0.690169 0.961591 0.103721 0.062132
0 0.455601 0.939328 0.075935 0.097269
0 0.410276 0.949879 0.067293 0.085157
