0 0.970595 0.464582 0.058053 0.065149
0 0.289823 0.649530 0.098169 0.100278
0 0.236022 0.719579 0.097508 0.099553
0 0.098962 0.719257 0.102280 0.103178
0 0.143503 0.826622 0.108930 0.113811
0 0.108999 0.855326 0.097709 0.103078
0 0.457106 0.031804 0.092532 0.063204
0 0.718437 0.034398 0.109468 0.068795
0 0.779278 0.093448 0.089739 0.079161
0 0.861719 0.043545 0.088850 0.073330
0 0.878089 0.089964 0.095254 0.081387
0 0.418965 0.012016 0.055152 0.022318
0 0.681730 0.370984 0.087325 0.077874
0 0.842398 0.646281 0.107781 0.097081
0 0.960791 0.837637 0.078417 0.079715
0 0.288546 0.517589 0.087807 0.097902
0 0.468786 0.929321 0.093735 0.094961
0 0.431122 0.957842 0.094715 0.084317
1 0.500000 0.495677 1.000000 0.991355
1 0.375657 0.694573 0.751315 0.610853
