1 0.500000 0.494933 1.000000 0.989866
2 0.386181 0.268144 0.379986 0.536288
2 0.077158 0.543817 0.154316 0.110250
3 0.723566 0.247855 0.106586 0.062231
3 0.749833 0.383538 0.106587 0.062231
3 0.756759 0.429268 0.106587 0.062231
3 0.763225 0.476381 0.106587 0.062230
3 0.773546 0.519062 0.106587 0.062231
3 0.782014 0.566097 0.106587 0.062231
3 0.791453 0.610941 0.106587 0.062231
3 0.716096 0.204034 0.106587 0.062231
3 0.710035 0.157912 0.106587 0.062231
3 0.697610 0.111435 0.107985 0.063990
3 0.690475 0.066774 0.106587 0.062231
3 0.682397 0.034480 0.105585 0.040371
3 0.797972 0.094472 0.106587 0.062231
3 0.790832 0.055478 0.106587 0.046331
3 0.741479 0.339186 0.106587 0.062231
3 0.732931 0.292699 0.106587 0.062231
3 0.831174 0.275073 0.106587 0.062231
3 0.822587 0.230604 0.106587 0.062231
3 0.815108 0.185061 0.106586 0.062231
3 0.807618 0.139636 0.106587 0.062231
3 0.863971 0.456554 0.106587 0.062231
3 0.849011 0.365434 0.106586 0.062231
3 0.856282 0.411116 0.106587 0.062230
3 0.840595 0.320241 0.106587 0.062231
3 0.872308 0.502572 0.106587 0.062230
3 0.483599 0.148599 0.092922 0.062309
3 0.492210 0.193353 0.092922 0.062309
3 0.501397 0.238810 0.092921 0.062309
3 0.507322 0.279314 0.089780 0.056580
3 0.478079 0.104415 0.092921 0.062309
3 0.471427 0.055868 0.092921 0.062309
3 0.983118 0.106051 0.033765 0.051927
3 0.986960 0.152024 0.026081 0.050341
3 0.399247 0.456028 0.072704 0.094422
3 0.483484 0.418523 0.072704 0.094422
3 0.522489 0.400996 0.072704 0.088868
3 0.357475 0.474551 0.072704 0.094421
3 0.312671 0.489236 0.072704 0.094422
3 0.442492 0.435559 0.072703 0.094421
3 0.061902 0.597748 0.072703 0.094422
3 0.028732 0.616711 0.057463 0.096190
3 0.102502 0.578191 0.072704 0.094422
3 0.563699 0.737544 0.080104 0.108287
3 0.607128 0.720286 0.080104 0.108288
3 0.311174 0.732547 0.080103 0.108288
3 0.354498 0.716275 0.080103 0.108288
3 0.396640 0.698101 0.080104 0.108288
3 0.437924 0.679804 0.080104 0.108287
3 0.483115 0.664051 0.080104 0.108288
3 0.525922 0.645835 0.080104 0.108287
3 0.569088 0.630129 0.080104 0.108288
3 0.394253 0.807298 0.080103 0.108288
3 0.434750 0.789593 0.080103 0.108288
3 0.478120 0.771477 0.080104 0.108288
3 0.520660 0.755305 0.080104 0.108288
3 0.349154 0.822108 0.080103 0.108287
3 0.305264 0.839487 0.080104 0.108288
3 0.267604 0.747036 0.080103 0.108288
3 0.262613 0.856353 0.080104 0.108288
3 0.224644 0.764661 0.080103 0.108288
3 0.220185 0.873082 0.080104 0.108288
3 0.181188 0.781943 0.080103 0.108288
3 0.176357 0.889893 0.080104 0.108288
3 0.138747 0.802734 0.080103 0.108288
3 0.133948 0.901617 0.080103 0.099395
3 0.097480 0.819480 0.080104 0.108288
3 0.049570 0.835134 0.080103 0.108288
3 0.024137 0.851083 0.048275 0.108287
3 0.086280 0.908316 0.074514 0.076581
3 0.038420 0.914380 0.062675 0.047418
0 0.752422 0.427484 0.092422 0.054192
0 0.702388 0.110318 0.097254 0.057055
0 0.774879 0.518525 0.088151 0.051742
0 0.560093 0.620625 0.070171 0.104162
0 0.600723 0.718241 0.070171 0.104162
0 0.392284 0.816237 0.067426 0.088899
0 0.516125 0.756870 0.070171 0.104162
0 0.345906 0.823971 0.071088 0.096079
0 0.100216 0.577872 0.072497 0.096940
0 0.522161 0.402882 0.071294 0.097676
0 0.477245 0.414710 0.063497 0.087313
0 0.359340 0.726901 0.067997 0.089509
0 0.434372 0.674469 0.070171 0.104162
0 0.479410 0.667181 0.070171 0.104162
0 0.523300 0.650013 0.070171 0.104162
