1 0.500000 0.471158 1.000000 0.942315
3 0.820679 0.585041 0.095208 0.113445
3 0.259170 0.225929 0.095208 0.113446
3 0.339713 0.276803 0.095208 0.113446
3 0.381166 0.303155 0.095208 0.113446
3 0.499407 0.380314 0.095208 0.113445
3 0.299485 0.251075 0.095208 0.113446
3 0.420892 0.328547 0.095208 0.113445
3 0.461310 0.352186 0.095208 0.113445
3 0.140635 0.150513 0.095208 0.113445
3 0.179611 0.175451 0.095208 0.113446
3 0.219334 0.199951 0.095208 0.113446
3 0.659135 0.484605 0.095207 0.113446
3 0.195864 0.061718 0.095208 0.113446
3 0.155981 0.045882 0.095208 0.091764
3 0.120870 0.033290 0.061715 0.066580
3 0.106332 0.123617 0.082773 0.113446
3 0.515523 0.264477 0.095208 0.113446
3 0.476391 0.241015 0.095208 0.113445
3 0.436710 0.214421 0.095208 0.113446
3 0.395513 0.188641 0.095208 0.113446
3 0.355627 0.163966 0.095208 0.113446
3 0.316527 0.139359 0.095208 0.113446
3 0.276255 0.112789 0.095208 0.113445
3 0.235649 0.087141 0.095208 0.113446
3 0.555126 0.293509 0.095208 0.113445
3 0.877825 0.496330 0.095208 0.113445
3 0.755894 0.419885 0.095208 0.113446
3 0.836018 0.471277 0.095208 0.113446
3 0.796072 0.445596 0.095208 0.113445
3 0.715080 0.395217 0.095208 0.113446
3 0.779601 0.560379 0.095208 0.113445
3 0.860573 0.610664 0.095208 0.113445
3 0.902180 0.635857 0.095208 0.113446
3 0.954457 0.550770 0.091087 0.113445
3 0.917698 0.524195 0.095208 0.113446
3 0.937974 0.661931 0.089838 0.104174
3 0.699825 0.511075 0.095208 0.113445
3 0.737679 0.535461 0.095208 0.113446
3 0.645133 0.733387 0.087438 0.104863
3 0.684982 0.760391 0.087437 0.104862
3 0.724262 0.785984 0.087438 0.104863
3 0.762289 0.811407 0.087438 0.104863
3 0.803826 0.838664 0.087438 0.104863
3 0.844451 0.863396 0.087438 0.104863
3 0.884462 0.888489 0.087438 0.104862
3 0.305748 0.513942 0.087438 0.104863
3 0.344981 0.540851 0.087438 0.104863
3 0.563756 0.680193 0.087438 0.104862
3 0.603789 0.708656 0.087438 0.104863
3 0.146769 0.416281 0.080083 0.095748
3 0.224560 0.463894 0.087438 0.104862
3 0.183598 0.438163 0.087437 0.104863
3 0.263679 0.487979 0.087438 0.104863
3 0.456020 0.016829 0.059617 0.033658
3 0.505059 0.030065 0.077639 0.060130
3 0.551032 0.043024 0.087437 0.086048
3 0.591455 0.060880 0.087438 0.103270
3 0.336480 0.281268 0.087438 0.104863
3 0.747755 0.162189 0.087438 0.104862
3 0.668268 0.113520 0.087437 0.104863
3 0.706790 0.139913 0.087438 0.104863
3 0.627961 0.085778 0.087438 0.104863
3 0.951190 0.289229 0.087438 0.104863
3 0.910630 0.263202 0.087438 0.104863
3 0.871330 0.238686 0.087438 0.104863
3 0.829668 0.214067 0.087438 0.104863
3 0.788927 0.187168 0.087437 0.104863
3 0.973689 0.577496 0.052622 0.104801
3 0.974159 0.312298 0.051681 0.104863
3 0.026077 0.403621 0.042963 0.066628
3 0.046433 0.360684 0.059983 0.089256
2 0.089300 0.374209 0.116950 0.145849
2 0.955563 0.683967 0.049562 0.083720
2 0.372797 0.582681 0.071236 0.093442
2 0.526755 0.674204 0.058769 0.070917
0 0.501819 0.378861 0.087400 0.104146
0 0.756243 0.816709 0.087400 0.104146
0 0.803343 0.837653 0.087400 0.104146
0 0.845559 0.863596 0.087399 0.104145
0 0.889148 0.886916 0.082994 0.104146
0 0.973549 0.581182 0.052902 0.104146
0 0.952672 0.556202 0.087400 0.104145
0 0.860415 0.613380 0.087400 0.104145
0 0.791769 0.452083 0.087400 0.104145
0 0.719067 0.397300 0.087400 0.104146
0 0.388704 0.297237 0.087400 0.104146
0 0.516944 0.268071 0.087400 0.104146
0 0.751043 0.158901 0.087400 0.104145
0 0.559634 0.292246 0.087400 0.104145
0 0.829263 0.214634 0.087400 0.104146
0 0.950496 0.293716 0.087400 0.104146
0 0.103495 0.130727 0.078678 0.104145
0 0.048760 0.363227 0.063458 0.084756
0 0.028306 0.407187 0.047003 0.063113
