0 0.583599 0.360549 0.089909 0.057998
0 0.665662 0.380934 0.085314 0.049910
0 0.618129 0.232403 0.089967 0.062112
0 0.632107 0.190664 0.089967 0.062111
0 0.649576 0.149175 0.089967 0.062112
0 0.657219 0.106831 0.089967 0.062112
0 0.677643 0.025311 0.089154 0.050623
0 0.710827 0.258894 0.083296 0.059779
0 0.737212 0.175041 0.089967 0.062111
0 0.741265 0.131029 0.089967 0.062111
0 0.746854 0.085850 0.083314 0.054249
0 0.762523 0.043579 0.084859 0.058048
0 0.288170 0.299428 0.090612 0.060171
0 0.298827 0.257017 0.090612 0.060170
0 0.312127 0.214651 0.090613 0.060171
0 0.335680 0.173975 0.079815 0.057599
0 0.336871 0.131654 0.090613 0.060170
0 0.347945 0.088793 0.084360 0.057471
0 0.358531 0.043859 0.076430 0.057480
0 0.459864 0.030086 0.090613 0.060171
0 0.444960 0.070565 0.087141 0.057980
0 0.415734 0.197866 0.090612 0.060170
0 0.386351 0.282334 0.090612 0.060171
0 0.375851 0.324351 0.090613 0.060170
0 0.373096 0.013276 0.070640 0.026551
0 0.126008 0.096888 0.084296 0.063483
0 0.122064 0.141626 0.084296 0.063483
0 0.108602 0.182762 0.084296 0.063483
0 0.100656 0.228651 0.088698 0.063483
0 0.039660 0.113976 0.079321 0.061829
0 0.043559 0.070214 0.083536 0.055737
0 0.059265 0.028789 0.098763 0.057579
0 0.030281 0.159383 0.060563 0.051354
0 0.027536 0.201996 0.055072 0.060344
0 0.410290 0.790138 0.077876 0.054217
0 0.361667 0.882890 0.088599 0.060569
0 0.561417 0.703370 0.057986 0.082636
0 0.604284 0.718422 0.057986 0.082636
0 0.648810 0.733168 0.061457 0.085559
0 0.693539 0.736891 0.057986 0.082636
0 0.641750 0.944541 0.056001 0.087779
0 0.534484 0.975412 0.058966 0.047547
0 0.578837 0.983181 0.048586 0.032010
1 0.629178 0.828176 0.740015 0.342020
1 0.447073 0.252796 0.894147 0.504498
