1 0.504342 0.543823 0.991317 0.912354
3 0.062500 0.476562 0.093750 0.059375
3 0.111719 0.736719 0.093750 0.059375
3 0.119531 0.782031 0.093750 0.059375
3 0.128125 0.824219 0.093750 0.059375
3 0.135937 0.868750 0.093750 0.059375
3 0.080469 0.560937 0.093750 0.059375
3 0.088281 0.607812 0.093750 0.059375
3 0.096094 0.650781 0.093750 0.059375
3 0.103906 0.692969 0.093750 0.059375
3 0.056250 0.432031 0.093750 0.059375
3 0.071094 0.520312 0.093750 0.059375
3 0.157812 0.984375 0.093750 0.031250
3 0.150781 0.956250 0.093750 0.059375
3 0.142187 0.912500 0.093750 0.059375
3 0.313281 0.441406 0.059375 0.093750
3 0.331250 0.531250 0.059375 0.093750
3 0.374219 0.521875 0.059375 0.093750
3 0.359375 0.433594 0.059375 0.093750
3 0.401562 0.426563 0.059375 0.093750
3 0.445312 0.417969 0.059375 0.093750
3 0.489844 0.410938 0.059375 0.093750
3 0.506250 0.498437 0.059375 0.093750
3 0.271094 0.449219 0.059375 0.093750
3 0.285938 0.537500 0.059375 0.093750
3 0.577344 0.395313 0.059375 0.093750
3 0.549219 0.490625 0.059375 0.093750
3 0.532031 0.403906 0.059375 0.093750
3 0.462500 0.507031 0.059375 0.093750
3 0.417969 0.513281 0.059375 0.093750
3 0.708594 0.372656 0.059375 0.093750
3 0.680469 0.467969 0.059375 0.093750
3 0.664844 0.379688 0.059375 0.093750
3 0.636719 0.475781 0.059375 0.093750
3 0.621094 0.388281 0.059375 0.093750
3 0.593750 0.482812 0.059375 0.093750
3 0.883594 0.340625 0.059375 0.093750
3 0.856250 0.437500 0.059375 0.093750
3 0.838281 0.349219 0.059375 0.093750
3 0.812500 0.445312 0.059375 0.093750
3 0.795312 0.357812 0.059375 0.093750
3 0.769531 0.451562 0.059375 0.093750
3 0.753906 0.364063 0.059375 0.093750
3 0.725000 0.460156 0.059375 0.093750
3 0.978125 0.414844 0.042188 0.090625
3 0.962500 0.325781 0.042188 0.090625
3 0.942969 0.419531 0.059375 0.093750
3 0.928125 0.333594 0.059375 0.093750
3 0.900000 0.428906 0.059375 0.093750
3 0.544531 0.700000 0.059375 0.093750
3 0.517969 0.796875 0.059375 0.093750
3 0.502344 0.706250 0.059375 0.093750
3 0.369531 0.731250 0.059375 0.093750
3 0.387500 0.817969 0.059375 0.095312
3 0.413281 0.723437 0.059375 0.093750
3 0.474219 0.804688 0.059375 0.093750
3 0.735156 0.757812 0.059375 0.093750
3 0.719531 0.669531 0.059375 0.093750
3 0.326562 0.739062 0.059375 0.093750
3 0.457031 0.714063 0.059375 0.093750
3 0.692187 0.764844 0.059375 0.093750
3 0.674219 0.676562 0.059375 0.093750
3 0.648438 0.772656 0.059375 0.093750
3 0.632031 0.684375 0.059375 0.093750
3 0.603906 0.780469 0.059375 0.093750
3 0.587500 0.691406 0.059375 0.093750
3 0.561719 0.789062 0.059375 0.093750
3 0.341406 0.826562 0.059375 0.095312
3 0.938281 0.628906 0.059375 0.093750
3 0.910156 0.726562 0.059375 0.095312
3 0.893750 0.639062 0.059375 0.095312
3 0.867188 0.732812 0.059375 0.093750
3 0.850000 0.643750 0.059375 0.093750
3 0.822656 0.741406 0.059375 0.093750
3 0.806250 0.653125 0.059375 0.093750
2 0.429688 0.811719 0.059375 0.093750
2 0.777344 0.747656 0.053125 0.092188
3 0.764062 0.659375 0.059375 0.093750
3 0.627344 0.189844 0.059375 0.093750
3 0.585156 0.196094 0.059375 0.093750
3 0.540625 0.205469 0.059375 0.093750
3 0.496875 0.212500 0.059375 0.093750
3 0.982812 0.710156 0.034375 0.095312
3 0.976562 0.621875 0.046875 0.093750
3 0.953906 0.717187 0.059375 0.095312
3 0.767188 0.164844 0.053125 0.092188
3 0.712500 0.175000 0.050000 0.089063
3 0.672656 0.182031 0.059375 0.093750
3 0.240625 0.256250 0.051562 0.092188
3 0.281250 0.250781 0.059375 0.093750
3 0.321094 0.242188 0.059375 0.093750
3 0.365625 0.235156 0.059375 0.093750
3 0.409375 0.228125 0.059375 0.093750
3 0.453125 0.221875 0.059375 0.093750
3 0.926562 0.133594 0.046875 0.089063
3 0.891406 0.141406 0.060937 0.090625
3 0.846875 0.150000 0.060937 0.090625
3 0.805469 0.157812 0.056250 0.093750
0 0.332031 0.550781 0.053125 0.084375
0 0.365625 0.735156 0.056250 0.087500
0 0.459375 0.812500 0.054688 0.089063
0 0.454688 0.513281 0.067187 0.110937
0 0.487500 0.399219 0.056250 0.089063
0 0.667188 0.175000 0.046875 0.079687
0 0.660156 0.375781 0.050000 0.085938
0 0.721094 0.465625 0.054688 0.087500
0 0.789844 0.354687 0.057813 0.092188
0 0.841406 0.155469 0.046875 0.089063
0 0.885156 0.139063 0.048438 0.076563
0 0.929688 0.134375 0.040625 0.084375
0 0.921094 0.332813 0.067187 0.109375
0 0.964063 0.321875 0.039062 0.087500
0 0.892969 0.426563 0.060937 0.087500
0 0.586719 0.694531 0.051562 0.092188
0 0.814063 0.736719 0.050000 0.085938
0 0.843750 0.645312 0.054688 0.089063
0 0.910156 0.728906 0.050000 0.090625
0 0.952344 0.722656 0.054688 0.087500
0 0.981250 0.710938 0.037500 0.090625
0 0.972656 0.617188 0.054688 0.084375
0 0.935937 0.628125 0.046875 0.082812
3 0.857031 0.925781 0.046875 0.043750
3 0.902344 0.918750 0.053125 0.043750
3 0.945312 0.911719 0.048438 0.042188
3 0.979688 0.902344 0.040625 0.045312
0 0.899219 0.917188 0.050000 0.045312
0 0.945312 0.911719 0.042188 0.040625
0 0.981250 0.903125 0.037500 0.043750
0 0.142969 0.955469 0.117188 0.062500
2 0.738281 0.164844 0.032813 0.085938
2 0.246094 0.500781 0.053125 0.179688
2 0.299219 0.785156 0.050000 0.167187
