0 0.495312 0.092969 0.053125 0.092188
0 0.637500 0.081250 0.051562 0.087500
0 0.360938 0.215625 0.050000 0.078125
0 0.544531 0.087500 0.053125 0.087500
0 0.578906 0.425000 0.050000 0.082812
0 0.687500 0.072656 0.048438 0.079687
0 0.734375 0.069531 0.050000 0.082812
0 0.437500 0.449219 0.051562 0.078125
0 0.552344 0.188281 0.046875 0.082812
0 0.465625 0.764062 0.053125 0.081250
0 0.787500 0.070312 0.057813 0.092188
0 0.452344 0.101562 0.053125 0.092188
0 0.483594 0.434375 0.053125 0.089063
0 0.287500 0.897656 0.056250 0.089063
0 0.350781 0.114844 0.051562 0.084375
0 0.590625 0.083594 0.050000 0.084375
0 0.603906 0.186719 0.048438 0.093750
0 0.505469 0.196094 0.048438 0.092188
0 0.700000 0.175000 0.048438 0.090625
0 0.653906 0.178125 0.048438 0.090625
0 0.528125 0.425000 0.053125 0.093750
0 0.589063 0.518750 0.048438 0.093750
0 0.631250 0.419531 0.051562 0.090625
0 0.751563 0.177344 0.048438 0.090625
0 0.399219 0.545312 0.051562 0.100000
0 0.678906 0.410938 0.050000 0.087500
0 0.386719 0.444531 0.051562 0.093750
0 0.724219 0.411719 0.048438 0.089063
0 0.458594 0.202344 0.048438 0.093750
0 0.410938 0.203125 0.045312 0.089063
0 0.800781 0.171094 0.051562 0.092188
0 0.303906 0.117969 0.048438 0.093750
0 0.541406 0.525781 0.051562 0.093750
0 0.496094 0.538281 0.056250 0.109375
0 0.315625 0.217969 0.051562 0.093750
0 0.290625 0.446094 0.048438 0.087500
0 0.823438 0.396875 0.048438 0.090625
0 0.868750 0.396094 0.051562 0.096875
0 0.254688 0.118750 0.048438 0.093750
0 0.446875 0.541406 0.051562 0.098437
0 0.777344 0.407813 0.051562 0.090625
0 0.302344 0.552344 0.054688 0.096875
0 0.378906 0.871094 0.051562 0.098437
0 0.350781 0.542969 0.051562 0.093750
0 0.261719 0.216406 0.051562 0.090625
0 0.338281 0.444531 0.051562 0.090625
0 0.849219 0.159375 0.054688 0.095312
0 0.916406 0.391406 0.048438 0.090625
0 0.610156 0.747656 0.054688 0.096875
0 0.837500 0.061719 0.053125 0.100000
0 0.622656 0.850000 0.054688 0.089063
0 0.575000 0.857812 0.051562 0.090625
0 0.686719 0.512500 0.054688 0.093750
0 0.660156 0.745313 0.054688 0.096875
0 0.903125 0.163281 0.051562 0.090625
0 0.320312 0.775781 0.051562 0.100000
0 0.425781 0.857812 0.054688 0.098437
0 0.889062 0.057031 0.051562 0.087500
0 0.562500 0.753906 0.053125 0.090625
0 0.237500 0.455469 0.051562 0.085938
0 0.206250 0.122656 0.051562 0.093750
0 0.400000 0.109375 0.048438 0.090625
0 0.525781 0.858594 0.050000 0.084375
0 0.214844 0.221875 0.051562 0.092188
0 0.721094 0.841406 0.056250 0.095312
0 0.632812 0.515625 0.050000 0.090625
0 0.249219 0.552344 0.051562 0.087500
0 0.372656 0.767969 0.062500 0.107813
0 0.272656 0.782031 0.053125 0.093750
0 0.989844 0.814063 0.020313 0.100000
0 0.762500 0.744531 0.051562 0.095312
0 0.971611 0.380687 0.047416 0.088596
1 0.562161 0.502009 0.875677 0.995982
