1 0.238531 0.763918 0.477063 0.469868
1 0.776031 0.866034 0.446309 0.266303
3 0.240625 0.575000 0.044531 0.085938
3 0.328125 0.577344 0.044531 0.085938
3 0.371094 0.577344 0.044531 0.085938
3 0.413281 0.575781 0.044531 0.085938
3 0.025000 0.575000 0.044531 0.085938
3 0.068750 0.575000 0.044531 0.085938
3 0.112500 0.573438 0.044531 0.085938
3 0.154688 0.575781 0.044531 0.085938
3 0.199219 0.575781 0.044531 0.085938
3 0.285156 0.575781 0.044531 0.085938
3 0.192969 0.867969 0.085156 0.043750
3 0.192188 0.910156 0.085938 0.042969
3 0.192188 0.953906 0.085938 0.042969
3 0.278906 0.954688 0.085938 0.042969
3 0.279687 0.911719 0.085938 0.042969
2 0.280469 0.868750 0.085938 0.042969
3 0.279687 0.825781 0.085938 0.042969
3 0.193750 0.825000 0.085938 0.042969
3 0.278125 0.784375 0.085938 0.042969
3 0.193750 0.778906 0.085938 0.042969
3 0.018750 0.777344 0.035937 0.045312
3 0.017969 0.821875 0.035937 0.045312
3 0.017969 0.950781 0.035937 0.045312
3 0.017969 0.908594 0.035937 0.045312
3 0.017969 0.864844 0.035937 0.045312
0 0.766406 0.790625 0.033594 0.085156
0 0.811719 0.779687 0.033594 0.093750
0 0.853906 0.783594 0.032813 0.092969
0 0.896875 0.778125 0.037500 0.092969
0 0.938281 0.779687 0.035937 0.083594
0 0.984375 0.782813 0.028125 0.088281
0 0.369531 0.569531 0.043750 0.107813
0 0.194531 0.817969 0.079687 0.037500
0 0.284375 0.896875 0.080469 0.039844
0 0.025781 0.817969 0.051562 0.034375
0 0.024219 0.944531 0.048438 0.035937
0 0.672156 0.854351 0.114914 0.092476
0 0.653409 0.903684 0.088034 0.072341
0 0.633573 0.940016 0.082568 0.063519
0 0.604368 0.974405 0.075809 0.049561
2 0.232031 0.747656 0.164844 0.021094
2 0.018750 0.742969 0.037500 0.025781
