0 0.883594 0.653125 0.050000 0.078125
0 0.846875 0.965625 0.046875 0.068750
0 0.863281 0.876563 0.046875 0.078125
0 0.890625 0.965625 0.050000 0.068750
0 0.663281 0.949219 0.050000 0.079687
0 0.814844 0.868750 0.050000 0.087500
0 0.710938 0.956250 0.046875 0.076563
0 0.909375 0.871094 0.045312 0.070312
0 0.841406 0.646875 0.053125 0.082812
0 0.928125 0.662500 0.050000 0.087500
0 0.459375 0.646875 0.067187 0.075000
0 0.617969 0.939063 0.056250 0.089063
0 0.918750 0.346875 0.054688 0.089063
0 0.754687 0.956250 0.046875 0.085938
0 0.720313 0.858594 0.048438 0.085938
0 0.764062 0.864844 0.046875 0.085938
0 0.892188 0.558594 0.050000 0.084375
0 0.786719 0.643750 0.050000 0.079687
0 0.673438 0.846094 0.048438 0.085938
0 0.744531 0.633594 0.046875 0.082812
0 0.695312 0.628125 0.051562 0.085938
0 0.800000 0.957812 0.050000 0.084375
0 0.650000 0.628125 0.046875 0.085938
0 0.935937 0.562500 0.053125 0.085938
0 0.627344 0.842187 0.051562 0.089063
0 0.970313 0.250000 0.053125 0.089063
0 0.925000 0.247656 0.053125 0.085938
0 0.870313 0.337500 0.054688 0.095312
0 0.975781 0.557031 0.048438 0.101562
0 0.579688 0.843750 0.054688 0.092188
0 0.571875 0.936719 0.053125 0.095312
0 0.564063 0.615625 0.048438 0.087500
0 0.799219 0.546094 0.054688 0.085938
0 0.607812 0.620313 0.051562 0.090625
0 0.960938 0.349219 0.053125 0.089063
0 0.523438 0.930469 0.050000 0.084375
0 0.942187 0.881250 0.035937 0.089063
0 0.407813 0.664844 0.056250 0.065625
0 0.529687 0.828906 0.051562 0.089063
0 0.928125 0.965625 0.034375 0.068750
0 0.832031 0.235937 0.057813 0.092188
0 0.994531 0.258594 0.010937 0.082812
0 0.563281 0.204687 0.051562 0.095312
0 0.849219 0.553125 0.046875 0.079687
0 0.775000 0.318750 0.054688 0.092188
0 0.196875 0.952344 0.085938 0.037500
0 0.940625 0.065625 0.050000 0.035937
0 0.483594 0.021875 0.054688 0.043750
0 0.208594 0.868750 0.096875 0.045312
0 0.228906 0.775781 0.092188 0.048438
0 0.759375 0.047656 0.050000 0.043750
0 0.197656 0.911719 0.101562 0.050000
0 0.214844 0.823438 0.095312 0.048438
0 0.352344 0.014844 0.045312 0.029687
0 0.401562 0.287500 0.053125 0.089063
0 0.333594 0.180469 0.051562 0.085938
0 0.060156 0.334375 0.089063 0.050000
0 0.498551 0.619976 0.079793 0.105164
0 0.363130 0.681426 0.084470 0.115149
0 0.307314 0.688162 0.088906 0.122584
0 0.968133 0.669391 0.041334 0.107202
1 0.500000 0.500000 1.000000 1.000000
