0 0.864062 0.611719 0.089063 0.054688
0 0.843750 0.743750 0.082812 0.053125
0 0.783594 0.461719 0.078125 0.051562
0 0.858594 0.657031 0.084375 0.053125
0 0.544531 0.612500 0.079687 0.051562
0 0.839063 0.790625 0.076563 0.050000
0 0.831250 0.834375 0.079687 0.051562
0 0.554688 0.478906 0.076563 0.053125
0 0.765625 0.642188 0.079687 0.048438
0 0.263281 0.432812 0.079687 0.054688
0 0.819531 0.882031 0.087500 0.059375
0 0.865625 0.571094 0.089063 0.054688
0 0.557813 0.524219 0.087500 0.054688
0 0.182812 0.241406 0.087500 0.057813
0 0.877344 0.475781 0.081250 0.053125
0 0.850781 0.700000 0.081250 0.051562
0 0.754687 0.689063 0.089063 0.051562
0 0.768750 0.597656 0.087500 0.050000
0 0.743750 0.778906 0.085938 0.050000
0 0.750781 0.735938 0.085938 0.050000
0 0.556250 0.566406 0.090625 0.054688
0 0.457031 0.600000 0.089063 0.050000
0 0.537500 0.660937 0.085938 0.053125
0 0.729688 0.825000 0.085938 0.051562
0 0.476562 0.421875 0.095312 0.054688
0 0.535156 0.705469 0.082812 0.053125
0 0.569531 0.434375 0.089063 0.053125
0 0.524219 0.746875 0.085938 0.050000
0 0.773438 0.553906 0.089063 0.050000
0 0.782813 0.510938 0.084375 0.046875
0 0.724219 0.870313 0.087500 0.053125
0 0.884375 0.433594 0.089063 0.050000
0 0.461719 0.555469 0.090625 0.054688
0 0.460938 0.511719 0.106250 0.059375
0 0.792188 0.420312 0.089063 0.053125
0 0.590625 0.346875 0.084375 0.050000
0 0.514062 0.839844 0.085938 0.050000
0 0.504687 0.881250 0.092188 0.053125
0 0.895312 0.388281 0.089063 0.050000
0 0.468750 0.467187 0.093750 0.054688
0 0.515625 0.796094 0.085938 0.053125
0 0.491406 0.332813 0.093750 0.056250
0 0.185156 0.329688 0.093750 0.054688
0 0.489063 0.379688 0.089063 0.053125
0 0.804688 0.372656 0.085938 0.053125
0 0.581250 0.390625 0.087500 0.053125
0 0.723437 0.917188 0.092188 0.056250
0 0.499219 0.925781 0.085938 0.050000
0 0.245312 0.567969 0.093750 0.056250
0 0.814844 0.928906 0.096875 0.056250
0 0.150000 0.556250 0.085938 0.056250
0 0.153125 0.511719 0.085938 0.053125
0 0.441406 0.690625 0.090625 0.056250
0 0.235937 0.614062 0.093750 0.056250
0 0.707812 0.965625 0.085938 0.053125
0 0.285156 0.299219 0.095312 0.054688
0 0.186719 0.375781 0.095312 0.057813
0 0.807813 0.974219 0.084375 0.051562
0 0.250000 0.522656 0.087500 0.054688
0 0.593750 0.296875 0.082812 0.053125
0 0.903125 0.343750 0.090625 0.053125
0 0.871094 0.521875 0.085938 0.050000
0 0.163281 0.466406 0.081250 0.051562
0 0.810937 0.328125 0.087500 0.053125
0 0.135156 0.646875 0.092188 0.057813
0 0.450000 0.641406 0.085938 0.051562
0 0.503906 0.284375 0.082812 0.053125
0 0.279687 0.347656 0.103125 0.064062
0 0.290625 0.254688 0.090625 0.054688
0 0.095312 0.911719 0.096875 0.056250
0 0.213281 0.706250 0.092188 0.053125
0 0.492207 0.981541 0.085416 0.036918
1 0.480466 0.574871 0.960932 0.850258
