1 0.500000 0.500000 1.000000 1.000000
3 0.073438 0.759375 0.057813 0.059375
3 0.017969 0.483594 0.035937 0.057813
3 0.012500 0.436719 0.025000 0.060937
3 0.006250 0.392969 0.012500 0.057813
3 0.052344 0.668750 0.059375 0.057813
3 0.039844 0.621094 0.059375 0.060937
3 0.028906 0.575781 0.057813 0.060937
3 0.023438 0.530469 0.046875 0.057813
3 0.085938 0.804688 0.057813 0.059375
3 0.061719 0.713281 0.057813 0.057813
3 0.309375 0.689063 0.068750 0.101562
3 0.287500 0.594531 0.068750 0.101562
3 0.334375 0.585156 0.068750 0.101562
3 0.356250 0.676562 0.068750 0.101562
3 0.401562 0.666406 0.068750 0.101562
3 0.447656 0.655469 0.068750 0.101562
3 0.493750 0.642969 0.068750 0.101562
3 0.471875 0.550781 0.068750 0.101562
3 0.265625 0.700000 0.068750 0.101562
3 0.242188 0.607812 0.068750 0.101562
3 0.585938 0.620313 0.068750 0.101562
3 0.517188 0.539062 0.068750 0.101562
3 0.538281 0.631250 0.068750 0.101562
3 0.425781 0.560937 0.068750 0.101562
3 0.379688 0.573438 0.068750 0.101562
3 0.722656 0.585156 0.068750 0.101562
3 0.654687 0.503906 0.068750 0.101562
3 0.678125 0.597656 0.068750 0.101562
3 0.608594 0.516406 0.068750 0.101562
3 0.631250 0.608594 0.068750 0.101562
3 0.564063 0.527344 0.068750 0.101562
3 0.907031 0.540625 0.068750 0.101562
3 0.838281 0.458594 0.068750 0.101562
3 0.860156 0.552344 0.068750 0.101562
3 0.792969 0.469531 0.068750 0.101562
3 0.814063 0.562500 0.068750 0.101562
3 0.747656 0.482031 0.068750 0.101562
3 0.770312 0.573438 0.068750 0.101562
3 0.700781 0.493750 0.068750 0.101562
3 0.969531 0.427344 0.060937 0.101562
3 0.982031 0.519531 0.035937 0.101562
3 0.929688 0.439063 0.068750 0.101562
3 0.953125 0.528906 0.068750 0.101562
3 0.885156 0.448437 0.068750 0.101562
3 0.421875 0.338281 0.068750 0.101562
3 0.354687 0.256250 0.068750 0.101562
3 0.378125 0.350781 0.068750 0.101562
3 0.238281 0.384375 0.068750 0.101562
3 0.218750 0.291406 0.068750 0.101562
3 0.284375 0.372656 0.068750 0.101562
3 0.308594 0.267188 0.068750 0.101562
3 0.582031 0.200000 0.068750 0.101562
3 0.605469 0.292969 0.068750 0.101562
3 0.192969 0.394531 0.068750 0.101562
3 0.330469 0.361719 0.068750 0.101562
3 0.537500 0.210156 0.068750 0.101562
3 0.558594 0.304688 0.068750 0.101562
3 0.491406 0.221875 0.068750 0.101562
3 0.513281 0.315625 0.068750 0.101562
3 0.445312 0.233594 0.068750 0.101562
3 0.467187 0.327344 0.068750 0.101562
3 0.400781 0.243750 0.068750 0.101562
3 0.170313 0.303906 0.068750 0.101562
3 0.835156 0.236719 0.068750 0.101562
3 0.765625 0.153906 0.068750 0.101562
3 0.787500 0.246094 0.068750 0.101562
3 0.721094 0.166406 0.068750 0.101562
3 0.742969 0.260937 0.068750 0.101562
3 0.674219 0.177344 0.068750 0.101562
3 0.696875 0.270313 0.068750 0.101562
2 0.261719 0.278906 0.068750 0.101562
2 0.628125 0.190625 0.064062 0.101562
3 0.651563 0.282813 0.068750 0.101562
3 0.724219 0.797656 0.068750 0.101562
3 0.679688 0.810156 0.068750 0.101562
3 0.632031 0.820312 0.068750 0.101562
3 0.586719 0.832812 0.068750 0.101562
3 0.901563 0.123438 0.060937 0.101562
3 0.922656 0.214062 0.064062 0.101562
3 0.857031 0.132812 0.068750 0.101562
3 0.882812 0.223438 0.068750 0.101562
3 0.812500 0.143750 0.068750 0.101562
3 0.869531 0.761719 0.060937 0.098437
3 0.812500 0.775781 0.057813 0.095312
3 0.770312 0.786719 0.068750 0.101562
3 0.318750 0.900781 0.062500 0.101562
3 0.360156 0.889062 0.068750 0.103125
3 0.403125 0.879687 0.068750 0.103125
3 0.450000 0.867188 0.068750 0.101562
3 0.494531 0.855469 0.068750 0.101562
3 0.540625 0.842969 0.068750 0.101562
3 0.982812 0.731250 0.034375 0.100000
3 0.953906 0.741406 0.068750 0.100000
3 0.910156 0.752344 0.064062 0.100000
0 0.279687 0.575000 0.060937 0.090625
0 0.232813 0.380469 0.064062 0.095312
0 0.289844 0.264844 0.062500 0.095312
0 0.415625 0.557813 0.078125 0.118750
0 0.496875 0.655469 0.064062 0.095312
0 0.768750 0.795312 0.054688 0.085938
0 0.675781 0.603125 0.057813 0.092188
0 0.694531 0.489063 0.064062 0.095312
0 0.810937 0.567969 0.067187 0.100000
0 0.946094 0.739062 0.054688 0.095312
0 0.984375 0.735156 0.031250 0.082812
0 0.947656 0.532813 0.078125 0.117188
0 0.985156 0.521094 0.029687 0.095312
0 0.879687 0.453125 0.068750 0.093750
0 0.465625 0.325781 0.062500 0.101562
0 0.667969 0.185938 0.057813 0.092188
0 0.735938 0.260937 0.064062 0.095312
0 0.764062 0.151562 0.057813 0.096875
0 0.809375 0.139063 0.062500 0.093750
0 0.852344 0.133594 0.070312 0.100000
0 0.875781 0.231250 0.065625 0.093750
0 0.833594 0.239063 0.056250 0.090625
0 0.921875 0.215625 0.060937 0.095312
2 0.842187 0.774219 0.040625 0.092188
2 0.217969 0.660156 0.070312 0.189062
2 0.147656 0.360938 0.064062 0.175000
