1 0.243320 0.763176 0.484523 0.473649
1 0.129173 0.228384 0.258346 0.448484
3 0.434375 0.768750 0.089063 0.048438
3 0.430469 0.678906 0.089063 0.048438
3 0.429688 0.634375 0.089063 0.048438
3 0.430469 0.591406 0.089063 0.048438
3 0.439063 0.982812 0.087500 0.034375
3 0.437500 0.944531 0.089063 0.048438
3 0.438281 0.899219 0.089063 0.048438
3 0.435156 0.856250 0.089063 0.048438
3 0.434375 0.810937 0.089063 0.048438
3 0.432812 0.723437 0.089063 0.048438
3 0.134375 0.821875 0.046875 0.087500
3 0.090625 0.824219 0.045312 0.087500
3 0.046094 0.825000 0.045312 0.087500
3 0.043750 0.735156 0.045312 0.087500
3 0.088281 0.733594 0.045312 0.087500
2 0.132031 0.732812 0.045312 0.089063
3 0.175781 0.732812 0.045312 0.087500
3 0.178125 0.821094 0.045312 0.089063
3 0.218750 0.732812 0.045312 0.087500
3 0.225781 0.819531 0.045312 0.089063
3 0.229687 0.989844 0.046875 0.020313
3 0.185156 0.991406 0.045312 0.017188
3 0.052344 0.992188 0.045312 0.015625
3 0.096875 0.992188 0.046875 0.015625
3 0.141406 0.991406 0.045312 0.017188
0 0.203906 0.232813 0.087500 0.035937
0 0.214062 0.185156 0.096875 0.035937
0 0.209375 0.142187 0.096875 0.035937
0 0.214062 0.098437 0.095312 0.039062
0 0.210938 0.055469 0.085938 0.039062
0 0.208594 0.014063 0.090625 0.020313
0 0.437500 0.635938 0.110937 0.046875
0 0.185156 0.820312 0.039062 0.082812
0 0.103125 0.728906 0.042188 0.082812
0 0.189062 0.982812 0.034375 0.034375
0 0.057813 0.985938 0.037500 0.028125
0 0.139833 0.330350 0.096310 0.117643
0 0.089559 0.350437 0.075219 0.090193
0 0.052588 0.371475 0.066049 0.084654
0 0.021780 0.402203 0.043560 0.077895
2 0.257031 0.779687 0.025000 0.170313
2 0.265625 0.989062 0.025000 0.021875
