1 0.236494 0.233010 0.472988 0.465049
1 0.137196 0.777907 0.272595 0.444186
3 0.424219 0.220312 0.090625 0.048438
3 0.423438 0.310937 0.090625 0.048438
3 0.424219 0.355469 0.090625 0.048438
3 0.426563 0.399219 0.090625 0.048438
3 0.421875 0.010156 0.089063 0.018750
3 0.421094 0.041406 0.090625 0.048438
3 0.423438 0.087500 0.090625 0.048438
3 0.421875 0.131250 0.090625 0.048438
3 0.422656 0.177344 0.090625 0.048438
3 0.424219 0.265625 0.090625 0.048438
3 0.120313 0.175000 0.046875 0.087500
3 0.075781 0.175000 0.045312 0.089063
3 0.030469 0.175781 0.045312 0.089063
3 0.031250 0.265625 0.045312 0.089063
3 0.076563 0.266406 0.045312 0.089063
2 0.121094 0.265625 0.045312 0.089063
3 0.164844 0.264062 0.045312 0.089063
3 0.164062 0.175000 0.045312 0.089063
3 0.208594 0.262500 0.045312 0.089063
3 0.211719 0.174219 0.045312 0.089063
0 0.210156 0.768750 0.087500 0.035937
0 0.221875 0.815625 0.096875 0.035937
0 0.218750 0.859375 0.096875 0.035937
0 0.225781 0.903906 0.096875 0.040625
0 0.224219 0.946094 0.087500 0.039062
0 0.222656 0.989062 0.092188 0.021875
0 0.432031 0.352344 0.112500 0.046875
0 0.171094 0.175781 0.040625 0.082812
0 0.091406 0.271094 0.042188 0.084375
0 0.168750 0.016406 0.034375 0.021875
0 0.037500 0.017188 0.039062 0.018750
0 0.142195 0.672171 0.094511 0.119497
0 0.090663 0.653581 0.074055 0.091476
0 0.052655 0.633692 0.065020 0.085733
0 0.021546 0.604162 0.040602 0.078543
2 0.245312 0.214062 0.025000 0.171875
