1 0.349318 0.870867 0.607011 0.256638
3 0.310156 0.788281 0.044531 0.096094
3 0.353906 0.789062 0.042969 0.096094
3 0.396094 0.789844 0.042969 0.096094
3 0.439063 0.789844 0.042969 0.096094
3 0.482812 0.790625 0.042969 0.096094
3 0.526563 0.789844 0.042969 0.096094
3 0.269531 0.791406 0.041406 0.094531
3 0.600781 0.900000 0.099219 0.044531
3 0.600000 0.942969 0.099219 0.044531
3 0.599219 0.982812 0.099219 0.032813
3 0.174928 0.863258 0.097910 0.088246
3 0.154609 0.904580 0.096145 0.082265
3 0.132894 0.940138 0.086516 0.074759
3 0.111673 0.971752 0.085940 0.054868
0 0.265625 0.791406 0.032031 0.086719
0 0.310937 0.781250 0.033594 0.090625
0 0.353906 0.781250 0.035156 0.088281
0 0.395313 0.776563 0.038281 0.092188
0 0.439063 0.781250 0.035937 0.080469
0 0.484375 0.780469 0.030469 0.089063
0 0.528906 0.789062 0.034375 0.085156
0 0.606250 0.896875 0.082812 0.035156
0 0.602344 0.943750 0.081250 0.035937
0 0.600781 0.982812 0.086719 0.025000
0 0.171747 0.856910 0.112765 0.087785
0 0.155068 0.900526 0.086862 0.072293
0 0.134476 0.941595 0.084784 0.065502
0 0.114876 0.972075 0.084243 0.054221
