0 0.018750 0.642969 0.036719 0.042188
0 0.874219 0.435156 0.079687 0.040625
0 0.874219 0.307031 0.074219 0.039844
0 0.018750 0.686719 0.036719 0.046094
0 0.775781 0.564063 0.067969 0.038281
0 0.875781 0.390625 0.075000 0.040625
0 0.571875 0.386719 0.071094 0.038281
0 0.877344 0.261719 0.067969 0.037500
0 0.876563 0.220312 0.071094 0.038281
0 0.561719 0.514062 0.067187 0.040625
0 0.785156 0.390625 0.071094 0.035937
0 0.278906 0.513281 0.070312 0.041406
0 0.871875 0.172656 0.078125 0.044531
0 0.869531 0.473438 0.079687 0.040625
0 0.571094 0.471875 0.076563 0.040625
0 0.174219 0.682813 0.077344 0.043750
0 0.866406 0.565625 0.071875 0.040625
0 0.875000 0.349219 0.073438 0.038281
0 0.782031 0.345313 0.081250 0.037500
0 0.782031 0.434375 0.079687 0.035937
0 0.785156 0.259375 0.078125 0.035937
0 0.785937 0.300781 0.077344 0.035937
0 0.576562 0.432031 0.082031 0.040625
0 0.487500 0.385156 0.080469 0.036719
0 0.572656 0.339844 0.077344 0.039062
0 0.778906 0.213281 0.077344 0.036719
0 0.478906 0.556250 0.085938 0.039844
0 0.577344 0.296875 0.075000 0.038281
0 0.569531 0.559375 0.081250 0.038281
0 0.572656 0.256250 0.076563 0.035937
0 0.779687 0.476562 0.080469 0.035937
0 0.782813 0.518750 0.076563 0.033594
0 0.780469 0.169531 0.079687 0.039844
0 0.867188 0.607031 0.080469 0.035937
0 0.485938 0.428125 0.082031 0.039844
0 0.477344 0.468750 0.095312 0.042188
0 0.776563 0.604688 0.082031 0.039844
0 0.575781 0.644531 0.076563 0.036719
0 0.577344 0.166406 0.077344 0.035937
0 0.575000 0.125781 0.082812 0.039062
0 0.869531 0.650781 0.080469 0.035937
0 0.478906 0.512500 0.085156 0.038281
0 0.571875 0.208594 0.078906 0.039844
0 0.479687 0.642969 0.083594 0.042969
0 0.189844 0.599219 0.085156 0.039844
0 0.485156 0.598437 0.081250 0.039062
0 0.782031 0.652344 0.078125 0.039062
0 0.016406 0.375000 0.031250 0.042188
0 0.573438 0.602344 0.078906 0.038281
0 0.786719 0.125000 0.082031 0.041406
0 0.575781 0.083594 0.078125 0.036719
0 0.282813 0.383594 0.082812 0.042188
0 0.875781 0.128125 0.086719 0.040625
0 0.190625 0.380469 0.076563 0.042188
0 0.186719 0.423438 0.078125 0.039844
0 0.485938 0.296875 0.082031 0.041406
0 0.280469 0.339062 0.084375 0.041406
0 0.779687 0.077344 0.078125 0.039062
0 0.279687 0.643750 0.086719 0.038281
0 0.198437 0.556250 0.085156 0.042188
0 0.875000 0.082031 0.075781 0.038281
0 0.280469 0.427344 0.078125 0.040625
0 0.571094 0.692969 0.074219 0.039062
0 0.870313 0.694531 0.082031 0.039062
0 0.867188 0.521094 0.078125 0.035156
0 0.189844 0.467969 0.073438 0.039844
0 0.781250 0.695312 0.079687 0.039062
0 0.189844 0.292187 0.082812 0.042969
0 0.486719 0.345313 0.078125 0.037500
0 0.020313 0.203125 0.039062 0.041406
0 0.484375 0.690625 0.075781 0.039062
0 0.282031 0.596875 0.091406 0.046875
0 0.278125 0.686719 0.080469 0.040625
0 0.192188 0.035937 0.087500 0.040625
0 0.273438 0.248438 0.082812 0.039844
0 0.018750 0.554688 0.036719 0.039062
0 0.622656 0.007031 0.053125 0.014063
0 0.579805 0.026059 0.079805 0.052117
1 0.458741 0.382996 0.917481 0.762694
