1 0.133050 0.600516 0.266101 0.600632
3 0.199219 0.668750 0.103125 0.054688
3 0.202344 0.623437 0.103125 0.051562
3 0.205469 0.580469 0.103125 0.051562
3 0.209375 0.536719 0.103125 0.051562
3 0.212500 0.491406 0.103125 0.051562
3 0.217188 0.446875 0.103125 0.051562
3 0.192188 0.710156 0.100000 0.050000
3 0.110937 0.361719 0.054688 0.106250
3 0.066406 0.358594 0.054688 0.106250
3 0.027344 0.356250 0.040625 0.103125
3 0.110275 0.800058 0.086090 0.099956
3 0.066074 0.817217 0.079873 0.098370
3 0.031858 0.836239 0.063715 0.088729
0 0.192188 0.714063 0.092188 0.040625
0 0.207031 0.667969 0.096875 0.042188
0 0.210938 0.624219 0.093750 0.043750
0 0.218750 0.582812 0.096875 0.046875
0 0.217969 0.537500 0.084375 0.043750
0 0.223438 0.490625 0.095312 0.039062
0 0.217969 0.444531 0.090625 0.042188
0 0.114062 0.356250 0.043750 0.087500
0 0.066406 0.355469 0.045312 0.087500
0 0.025781 0.353125 0.032813 0.090625
0 0.116559 0.804083 0.083248 0.117311
0 0.070236 0.816918 0.069207 0.089877
0 0.028780 0.834525 0.057561 0.087354
