0 0.574219 0.887500 0.069531 0.038281
0 0.875781 0.891406 0.071875 0.034375
0 0.785156 0.894531 0.068750 0.035156
0 0.875000 0.931250 0.078125 0.037500
0 0.876563 0.715625 0.070312 0.038281
0 0.783594 0.847656 0.078125 0.039062
0 0.877344 0.760938 0.067187 0.036719
0 0.775781 0.937500 0.060937 0.034375
0 0.572656 0.847656 0.073438 0.040625
0 0.577344 0.931250 0.078125 0.038281
0 0.616406 0.489844 0.064844 0.056250
0 0.871875 0.671875 0.078125 0.044531
0 0.283594 0.885938 0.078906 0.042969
0 0.872656 0.802344 0.077344 0.035937
0 0.785156 0.758594 0.077344 0.036719
0 0.785937 0.800000 0.076563 0.035937
0 0.484375 0.885156 0.075000 0.037500
0 0.576562 0.796875 0.071875 0.037500
0 0.779687 0.713281 0.077344 0.037500
0 0.571875 0.756250 0.074219 0.035937
0 0.571875 0.708594 0.077344 0.039844
0 0.871875 0.845313 0.078125 0.038281
0 0.577344 0.666406 0.075781 0.035937
0 0.482812 0.927344 0.077344 0.041406
0 0.780469 0.669531 0.079687 0.039062
0 0.186719 0.923438 0.078906 0.041406
0 0.189844 0.880469 0.077344 0.041406
0 0.280469 0.839063 0.084375 0.042188
0 0.474219 0.967969 0.091406 0.042188
0 0.786719 0.625781 0.082031 0.040625
0 0.875781 0.628125 0.086719 0.039844
0 0.575781 0.583594 0.078125 0.036719
0 0.483594 0.796875 0.077344 0.042969
0 0.575000 0.626563 0.081250 0.038281
0 0.280469 0.925781 0.078906 0.042188
0 0.874219 0.582812 0.075781 0.038281
0 0.780469 0.969531 0.081250 0.024219
0 0.639844 0.444531 0.055469 0.046094
0 0.778906 0.577344 0.078906 0.039844
0 0.870313 0.967969 0.078906 0.024219
0 0.189844 0.792188 0.082812 0.044531
0 0.189844 0.967187 0.075000 0.041406
0 0.190625 0.536719 0.085938 0.038281
0 0.484375 0.844531 0.070312 0.035937
0 0.273438 0.747656 0.082812 0.040625
0 0.937500 0.279687 0.034375 0.077344
0 0.015625 0.874219 0.030469 0.042969
0 0.024219 0.440625 0.047656 0.046875
0 0.853906 0.280469 0.032813 0.088281
0 0.764844 0.289844 0.034375 0.082031
0 0.021094 0.703125 0.040625 0.042188
0 0.895312 0.275781 0.035937 0.092188
0 0.810156 0.281250 0.035156 0.086719
0 0.025781 0.317188 0.050000 0.036719
0 0.286719 0.394531 0.080469 0.040625
0 0.195312 0.319531 0.076563 0.039844
0 0.982812 0.280469 0.029687 0.080469
0 0.370312 0.073438 0.038281 0.093750
0 0.275000 0.992969 0.076563 0.012500
0 0.586978 0.523142 0.100296 0.082992
0 0.661381 0.403565 0.109127 0.087261
0 0.672721 0.353255 0.114159 0.091192
0 0.579534 0.975529 0.099189 0.040405
1 0.498931 0.500906 0.997862 0.996559
