1 0.581125 0.426990 0.837749 0.853981
3 0.890625 0.546094 0.059375 0.095312
3 0.581250 0.589063 0.059375 0.095312
3 0.625781 0.582812 0.059375 0.095312
3 0.672656 0.575000 0.059375 0.095312
3 0.713281 0.570312 0.059375 0.095312
3 0.759375 0.564844 0.059375 0.095312
3 0.802344 0.557031 0.059375 0.095312
3 0.845313 0.553125 0.059375 0.095312
3 0.972656 0.533594 0.054688 0.095312
3 0.932031 0.540625 0.059375 0.095312
3 0.876563 0.457813 0.059375 0.095312
3 0.920312 0.450000 0.059375 0.095312
3 0.964063 0.443750 0.059375 0.095312
3 0.407813 0.614062 0.059375 0.095312
3 0.451562 0.607031 0.059375 0.095312
3 0.494531 0.601562 0.059375 0.095312
3 0.537500 0.596875 0.059375 0.095312
3 0.526563 0.507031 0.059375 0.095312
3 0.570312 0.499219 0.059375 0.095312
3 0.613281 0.494531 0.059375 0.095312
3 0.657031 0.489063 0.059375 0.095312
3 0.701562 0.481250 0.059375 0.095312
3 0.745313 0.474219 0.059375 0.095312
3 0.788281 0.467969 0.059375 0.095312
3 0.832812 0.463281 0.059375 0.095312
3 0.801562 0.263281 0.059375 0.095312
3 0.845313 0.256250 0.059375 0.095312
3 0.309375 0.537500 0.059375 0.095312
3 0.351562 0.532031 0.059375 0.095312
3 0.394531 0.521875 0.059375 0.095312
3 0.481250 0.514062 0.059375 0.095312
3 0.757812 0.270313 0.056250 0.095312
3 0.714063 0.277344 0.056250 0.095312
3 0.583594 0.295312 0.056250 0.095312
3 0.671094 0.282813 0.056250 0.095312
3 0.625000 0.289844 0.056250 0.095312
3 0.932813 0.246094 0.056250 0.095312
3 0.889844 0.250000 0.056250 0.095312
3 0.321094 0.332813 0.056250 0.095312
3 0.364063 0.327344 0.056250 0.095312
3 0.407813 0.319531 0.056250 0.095312
3 0.453125 0.312500 0.056250 0.095312
3 0.495312 0.307812 0.056250 0.095312
3 0.539844 0.300781 0.056250 0.095312
3 0.700781 0.185156 0.056250 0.095312
3 0.656250 0.192969 0.056250 0.095312
3 0.613281 0.198437 0.056250 0.095312
3 0.569531 0.204687 0.056250 0.095312
3 0.526563 0.210938 0.056250 0.095312
3 0.483594 0.215625 0.056250 0.095312
3 0.438281 0.225781 0.056250 0.095312
3 0.394531 0.230469 0.056250 0.095312
3 0.350000 0.235937 0.056250 0.095312
3 0.307031 0.243750 0.056250 0.095312
3 0.264062 0.249219 0.056250 0.095312
3 0.278125 0.339844 0.056250 0.095312
2 0.744531 0.180469 0.056250 0.095312
3 0.918750 0.153125 0.056250 0.095312
3 0.877344 0.161719 0.056250 0.095312
3 0.833594 0.165625 0.056250 0.095312
3 0.788281 0.171875 0.056250 0.095312
3 0.989844 0.726562 0.020313 0.087500
3 0.439063 0.807813 0.054688 0.085938
3 0.481250 0.802344 0.054688 0.085938
3 0.525000 0.794531 0.054688 0.085938
3 0.566406 0.789844 0.054688 0.085938
3 0.613281 0.785156 0.054688 0.085938
3 0.654687 0.778125 0.054688 0.085938
3 0.832031 0.753906 0.054688 0.085938
3 0.875781 0.745313 0.054688 0.085938
3 0.921094 0.738281 0.054688 0.087500
3 0.961719 0.734375 0.054688 0.087500
3 0.698438 0.771094 0.051562 0.082812
3 0.735156 0.766406 0.043750 0.079687
3 0.792188 0.759375 0.051562 0.084375
2 0.764062 0.762500 0.026562 0.078125
3 0.628906 0.015625 0.051562 0.031250
3 0.583594 0.018750 0.051562 0.037500
3 0.499219 0.025000 0.051562 0.050000
3 0.457031 0.028125 0.051562 0.056250
3 0.416406 0.032813 0.051562 0.057813
3 0.369531 0.039062 0.051562 0.057813
3 0.325000 0.046094 0.051562 0.057813
3 0.279687 0.052344 0.051562 0.057813
3 0.235156 0.058594 0.051562 0.057813
3 0.541406 0.021875 0.051562 0.043750
3 0.672656 0.012500 0.051562 0.025000
0 0.835156 0.753125 0.043750 0.078125
0 0.660937 0.767969 0.050000 0.095312
0 0.619531 0.782813 0.048438 0.079687
0 0.570312 0.787500 0.046875 0.085938
0 0.528906 0.792188 0.045312 0.085938
0 0.485156 0.800000 0.045312 0.082812
0 0.437500 0.800781 0.048438 0.085938
0 0.409375 0.611719 0.051562 0.090625
0 0.353906 0.525781 0.048438 0.087500
0 0.307031 0.535937 0.053125 0.092188
0 0.441406 0.517969 0.050000 0.089063
0 0.537500 0.602344 0.048438 0.089063
0 0.589063 0.588281 0.060937 0.114062
0 0.615625 0.495312 0.051562 0.082812
0 0.716406 0.573438 0.046875 0.085938
0 0.792969 0.465625 0.046875 0.090625
0 0.850000 0.554688 0.045312 0.084375
0 0.935156 0.243750 0.048438 0.092188
0 0.708594 0.192969 0.050000 0.085938
0 0.675781 0.282813 0.057813 0.090625
0 0.616406 0.197656 0.045312 0.089063
0 0.570312 0.201563 0.053125 0.089063
0 0.529687 0.210938 0.051562 0.085938
0 0.585156 0.296094 0.046875 0.079687
0 0.544531 0.304688 0.054688 0.092188
0 0.500781 0.307812 0.054688 0.081250
0 0.441406 0.228906 0.050000 0.082812
0 0.410938 0.310156 0.048438 0.085938
0 0.362500 0.326562 0.046875 0.096875
0 0.352344 0.232813 0.054688 0.098437
0 0.307812 0.242188 0.051562 0.090625
0 0.285938 0.352344 0.048438 0.085938
0 0.264844 0.248438 0.054688 0.082812
0 0.632812 0.014063 0.043750 0.028125
0 0.584375 0.015625 0.046875 0.031250
0 0.541406 0.021094 0.042188 0.042188
0 0.500781 0.022656 0.042188 0.045312
0 0.459375 0.033594 0.056250 0.067187
0 0.414062 0.035156 0.045312 0.060937
0 0.369531 0.044531 0.048438 0.065625
0 0.326562 0.044531 0.048438 0.054688
0 0.281250 0.055469 0.050000 0.064062
0 0.235937 0.057031 0.046875 0.053125
2 0.313684 0.577444 0.154654 0.159439
2 0.228146 0.299468 0.069889 0.186184
2 0.191286 0.064680 0.050909 0.057361
3 0.437500 0.518750 0.053125 0.095312
