1 0.579825 0.514835 0.838721 0.968701
3 0.396875 0.072656 0.044531 0.085938
3 0.654687 0.075000 0.044531 0.085938
3 0.699219 0.075781 0.044531 0.085938
3 0.741406 0.076563 0.044531 0.085938
3 0.785156 0.075781 0.044531 0.085938
3 0.481250 0.075000 0.044531 0.085938
3 0.526563 0.074219 0.044531 0.085938
3 0.569531 0.075000 0.044531 0.085938
3 0.611719 0.075000 0.044531 0.085938
3 0.353125 0.073438 0.044531 0.085938
3 0.439844 0.073438 0.044531 0.085938
3 0.914062 0.076563 0.044531 0.085938
3 0.871875 0.075781 0.044531 0.085938
3 0.828906 0.074219 0.044531 0.085938
3 0.406250 0.318750 0.085938 0.043750
3 0.494531 0.320312 0.085938 0.043750
3 0.492969 0.364063 0.085938 0.043750
3 0.406250 0.363281 0.085938 0.043750
3 0.405469 0.405469 0.085938 0.043750
3 0.405469 0.449219 0.085938 0.043750
3 0.405469 0.492969 0.085938 0.043750
3 0.492969 0.493750 0.085938 0.043750
3 0.405469 0.277344 0.085938 0.043750
3 0.493750 0.276562 0.085938 0.043750
3 0.405469 0.579688 0.085938 0.043750
3 0.492969 0.536719 0.085938 0.043750
3 0.406250 0.535156 0.085938 0.043750
3 0.493750 0.450781 0.085938 0.043750
3 0.492969 0.407031 0.085938 0.043750
3 0.407031 0.708594 0.085938 0.043750
3 0.493750 0.666406 0.085938 0.043750
3 0.406250 0.666406 0.085938 0.043750
3 0.493750 0.623437 0.085938 0.043750
3 0.406250 0.622656 0.085938 0.043750
3 0.492969 0.580469 0.085938 0.043750
3 0.405469 0.882812 0.085938 0.043750
3 0.493750 0.839844 0.085938 0.043750
3 0.406250 0.838281 0.085938 0.043750
3 0.493750 0.796875 0.085938 0.043750
3 0.407031 0.795312 0.085938 0.043750
3 0.492969 0.753906 0.085938 0.043750
3 0.406250 0.753906 0.085938 0.043750
3 0.493750 0.709375 0.085938 0.043750
3 0.492969 0.969531 0.085938 0.043750
3 0.405469 0.970313 0.085938 0.043750
3 0.490625 0.925781 0.085938 0.043750
3 0.406250 0.926562 0.085938 0.043750
3 0.492188 0.883594 0.085938 0.043750
3 0.692969 0.496875 0.085938 0.043750
3 0.780469 0.454688 0.085938 0.043750
3 0.691406 0.455469 0.085938 0.043750
3 0.692187 0.323437 0.085938 0.043750
3 0.779687 0.325781 0.085938 0.043750
3 0.692969 0.367188 0.085938 0.043750
3 0.781250 0.410938 0.085938 0.043750
3 0.780469 0.669531 0.085938 0.043750
3 0.692969 0.669531 0.085938 0.043750
3 0.692969 0.280469 0.085938 0.043750
3 0.691406 0.410156 0.085938 0.043750
3 0.780469 0.627344 0.085938 0.043750
3 0.692187 0.625000 0.085938 0.043750
3 0.780469 0.583594 0.085938 0.043750
3 0.692969 0.582812 0.085938 0.043750
3 0.780469 0.540625 0.085938 0.043750
3 0.692187 0.539062 0.085938 0.043750
3 0.781250 0.498437 0.085938 0.043750
3 0.779687 0.280469 0.085938 0.043750
3 0.691406 0.886719 0.085938 0.043750
3 0.780469 0.842969 0.085938 0.043750
3 0.692969 0.842187 0.085938 0.043750
3 0.778906 0.800781 0.085938 0.043750
3 0.690625 0.799219 0.085938 0.043750
3 0.779687 0.756250 0.085938 0.043750
3 0.691406 0.755469 0.085938 0.043750
2 0.780469 0.367188 0.085938 0.043750
2 0.778125 0.712500 0.085156 0.038281
3 0.691406 0.713281 0.085938 0.043750
3 0.217969 0.663281 0.085938 0.043750
3 0.216406 0.621094 0.085938 0.043750
3 0.217969 0.577344 0.085938 0.043750
3 0.217188 0.533594 0.085938 0.043750
3 0.778125 0.975000 0.085938 0.043750
3 0.692187 0.971875 0.085938 0.043750
3 0.778906 0.928125 0.085938 0.043750
3 0.692187 0.931250 0.085938 0.043750
3 0.778906 0.886719 0.085938 0.043750
3 0.217188 0.800000 0.083594 0.038281
3 0.217969 0.746875 0.082031 0.035156
3 0.217188 0.707031 0.085938 0.043750
3 0.215625 0.280469 0.085156 0.036719
3 0.217188 0.320312 0.085938 0.043750
3 0.215625 0.359375 0.085938 0.043750
3 0.216406 0.403906 0.085938 0.043750
3 0.217188 0.446094 0.085938 0.043750
3 0.218750 0.489844 0.085938 0.043750
3 0.214844 0.964844 0.082812 0.042969
3 0.215625 0.924219 0.082812 0.044531
3 0.217188 0.879687 0.082812 0.044531
3 0.217188 0.838281 0.084375 0.040625
0 0.514062 0.317969 0.075781 0.039062
0 0.696875 0.318750 0.080469 0.040625
0 0.786719 0.395313 0.080469 0.039062
0 0.499219 0.442188 0.100000 0.048438
0 0.394531 0.492969 0.080469 0.041406
0 0.210156 0.703125 0.072656 0.032813
0 0.401562 0.663281 0.078125 0.035156
0 0.498437 0.705469 0.078906 0.039844
0 0.402344 0.790625 0.083594 0.042969
0 0.221094 0.873437 0.081250 0.032031
0 0.212500 0.918750 0.070312 0.035156
0 0.215625 0.967187 0.078906 0.036719
0 0.403906 0.920312 0.099219 0.050000
0 0.401562 0.968750 0.082031 0.035937
0 0.489844 0.877344 0.078125 0.045312
0 0.693750 0.538281 0.085156 0.036719
0 0.773438 0.749219 0.078906 0.035156
0 0.691406 0.792969 0.080469 0.039844
0 0.782813 0.842187 0.082812 0.035156
0 0.783594 0.884375 0.078906 0.039062
0 0.779687 0.924219 0.082031 0.046094
0 0.686719 0.923438 0.076563 0.043750
0 0.689844 0.884375 0.077344 0.034375
0 0.690625 0.967187 0.078906 0.037500
3 0.971875 0.757031 0.056250 0.039062
3 0.972656 0.803125 0.053906 0.045312
3 0.973437 0.845313 0.053125 0.041406
3 0.971875 0.886719 0.056250 0.045312
3 0.973437 0.928125 0.053125 0.040625
3 0.974219 0.973437 0.051562 0.050000
0 0.971094 0.799219 0.057813 0.042188
0 0.973437 0.845313 0.052344 0.037500
0 0.971875 0.886719 0.056250 0.039062
0 0.973437 0.926562 0.052344 0.039062
0 0.963281 0.974219 0.072656 0.050000
0 0.870313 0.068750 0.041406 0.108594
2 0.212500 0.772656 0.082812 0.017969
2 0.451562 0.244531 0.172656 0.021875
2 0.733594 0.247656 0.160938 0.021094
