1 0.139069 0.688281 0.278139 0.615371
3 0.229687 0.714063 0.100000 0.051562
3 0.225000 0.671094 0.100000 0.051562
3 0.220312 0.628906 0.100000 0.051562
3 0.216406 0.585938 0.100000 0.051562
3 0.211719 0.542188 0.100000 0.051562
3 0.208594 0.498437 0.100000 0.051562
3 0.229687 0.754687 0.096875 0.048438
3 0.092969 0.434375 0.051562 0.103125
3 0.050000 0.439063 0.051562 0.103125
3 0.014844 0.442188 0.029687 0.103125
3 0.166434 0.855543 0.091974 0.097724
3 0.127155 0.879314 0.086113 0.095752
3 0.093719 0.904051 0.078725 0.085956
3 0.063557 0.928661 0.059450 0.085350
0 0.230469 0.758594 0.090625 0.039062
0 0.235937 0.712500 0.093750 0.042188
0 0.232813 0.670312 0.090625 0.042188
0 0.233594 0.628125 0.095312 0.045312
0 0.225000 0.585156 0.084375 0.042188
0 0.221875 0.539844 0.092188 0.039062
0 0.209375 0.496094 0.087500 0.042188
0 0.095312 0.428906 0.042188 0.085938
0 0.049219 0.436719 0.042188 0.084375
0 0.013281 0.441406 0.026562 0.089063
0 0.172963 0.857961 0.093823 0.110419
0 0.131178 0.878691 0.076633 0.085528
0 0.092113 0.902570 0.069673 0.083846
0 0.063120 0.925484 0.059406 0.083345
