1 0.584888 0.379735 0.828594 0.759471
3 0.405469 0.121875 0.087500 0.046094
3 0.406250 0.427344 0.087500 0.046094
3 0.406250 0.383594 0.087500 0.046094
3 0.407031 0.338281 0.087500 0.046094
3 0.406250 0.296875 0.087500 0.046094
3 0.405469 0.251563 0.087500 0.046094
3 0.407031 0.208594 0.087500 0.046094
3 0.404687 0.167187 0.087500 0.046094
3 0.406250 0.037500 0.087500 0.046094
3 0.405469 0.081250 0.087500 0.046094
3 0.492188 0.123438 0.087500 0.046094
3 0.494531 0.079687 0.087500 0.046094
3 0.494531 0.036719 0.087500 0.046094
3 0.405469 0.599219 0.087500 0.046094
3 0.406250 0.555469 0.087500 0.046094
3 0.405469 0.513281 0.087500 0.046094
3 0.404687 0.471875 0.087500 0.046094
3 0.492969 0.470313 0.087500 0.046094
3 0.494531 0.426563 0.087500 0.046094
3 0.492969 0.382812 0.087500 0.046094
3 0.492188 0.340625 0.087500 0.046094
3 0.493750 0.296094 0.087500 0.046094
3 0.494531 0.252344 0.087500 0.046094
3 0.495312 0.210938 0.087500 0.046094
3 0.492969 0.167187 0.087500 0.046094
3 0.691406 0.169531 0.087500 0.046094
3 0.692187 0.126562 0.087500 0.046094
3 0.492969 0.684375 0.087500 0.046094
3 0.492188 0.642188 0.087500 0.046094
3 0.496094 0.600000 0.087500 0.046094
3 0.491406 0.514062 0.087500 0.046094
3 0.690625 0.212500 0.089063 0.043750
3 0.689844 0.257031 0.089063 0.043750
3 0.690625 0.385156 0.089063 0.043750
3 0.690625 0.298438 0.089063 0.043750
3 0.689844 0.344531 0.089063 0.043750
3 0.690625 0.039844 0.089063 0.043750
3 0.692187 0.082031 0.089063 0.043750
3 0.689844 0.645312 0.089063 0.043750
3 0.689063 0.603125 0.089063 0.043750
3 0.690625 0.559375 0.089063 0.043750
3 0.691406 0.514062 0.089063 0.043750
3 0.689844 0.472656 0.089063 0.043750
3 0.690625 0.428906 0.089063 0.043750
3 0.780469 0.256250 0.089063 0.043750
3 0.779687 0.301563 0.089063 0.043750
3 0.779687 0.343750 0.089063 0.043750
3 0.780469 0.386719 0.089063 0.043750
3 0.780469 0.429688 0.089063 0.043750
3 0.781250 0.471094 0.089063 0.043750
3 0.778125 0.516406 0.089063 0.043750
3 0.778125 0.559375 0.089063 0.043750
3 0.779687 0.603906 0.089063 0.043750
3 0.778125 0.646875 0.089063 0.043750
3 0.778906 0.688281 0.089063 0.043750
3 0.689063 0.687500 0.089063 0.043750
2 0.779687 0.214062 0.089063 0.043750
3 0.782031 0.040625 0.089063 0.043750
3 0.780469 0.082812 0.089063 0.043750
3 0.781250 0.125781 0.089063 0.043750
3 0.782031 0.169531 0.089063 0.043750
3 0.214062 0.032813 0.080469 0.043750
3 0.213281 0.595313 0.080469 0.043750
3 0.212500 0.553906 0.080469 0.043750
3 0.214062 0.510156 0.080469 0.043750
3 0.213281 0.468750 0.080469 0.043750
3 0.211719 0.423438 0.080469 0.043750
3 0.213281 0.382031 0.080469 0.043750
3 0.211719 0.206250 0.080469 0.043750
3 0.214844 0.163281 0.080469 0.043750
3 0.214844 0.118750 0.080469 0.043750
3 0.214062 0.078125 0.080469 0.043750
3 0.213281 0.339062 0.076563 0.039844
3 0.212500 0.302344 0.074219 0.033594
3 0.211719 0.246094 0.078125 0.039062
2 0.213281 0.274219 0.075781 0.016406
3 0.971875 0.301563 0.056250 0.044531
3 0.971094 0.346875 0.057813 0.043750
3 0.971094 0.429688 0.057813 0.043750
3 0.971094 0.471875 0.057813 0.043750
3 0.971094 0.512500 0.057813 0.043750
3 0.971094 0.557813 0.057813 0.043750
3 0.971094 0.603125 0.057813 0.043750
3 0.971094 0.646875 0.057813 0.043750
3 0.971094 0.690625 0.057813 0.043750
3 0.971094 0.389062 0.057813 0.043750
3 0.971094 0.259375 0.057813 0.043750
0 0.212500 0.203906 0.071875 0.032813
0 0.221875 0.375000 0.089844 0.037500
0 0.212500 0.417187 0.074219 0.038281
0 0.214844 0.465625 0.080469 0.035156
0 0.216406 0.506250 0.078906 0.033594
0 0.214062 0.549219 0.077344 0.033594
0 0.220312 0.596094 0.078906 0.036719
0 0.407813 0.597656 0.084375 0.039844
0 0.497656 0.639844 0.081250 0.036719
0 0.494531 0.685937 0.085156 0.039844
0 0.493750 0.553125 0.083594 0.038281
0 0.399219 0.471875 0.081250 0.036719
0 0.405469 0.420312 0.105469 0.044531
0 0.492188 0.382031 0.077344 0.038281
0 0.402344 0.294531 0.080469 0.035156
0 0.496875 0.206250 0.083594 0.035156
0 0.402344 0.162500 0.078125 0.033594
0 0.692187 0.038281 0.084375 0.035156
0 0.771875 0.250000 0.080469 0.038281
0 0.689844 0.293750 0.083594 0.046094
0 0.781250 0.340625 0.082812 0.032813
0 0.783594 0.385937 0.082031 0.041406
0 0.779687 0.426563 0.078125 0.039844
0 0.689063 0.384375 0.073438 0.036719
0 0.686719 0.425000 0.085156 0.041406
0 0.689844 0.467969 0.075000 0.042969
0 0.774219 0.514062 0.076563 0.038281
0 0.698438 0.554688 0.079687 0.037500
0 0.689844 0.603906 0.090625 0.033594
0 0.782031 0.601562 0.090625 0.041406
0 0.779687 0.645312 0.084375 0.039062
0 0.675000 0.682031 0.079687 0.035937
0 0.778906 0.687500 0.075781 0.042188
0 0.971875 0.297656 0.056250 0.035937
0 0.974219 0.344531 0.051562 0.039844
0 0.971875 0.388281 0.056250 0.035937
0 0.972656 0.428906 0.053906 0.034375
0 0.964844 0.468750 0.070312 0.046875
0 0.968750 0.514062 0.062500 0.037500
0 0.966406 0.557813 0.067187 0.040625
0 0.971875 0.600781 0.056250 0.041406
0 0.967187 0.645312 0.064844 0.041406
0 0.972656 0.690625 0.054688 0.040625
2 0.450732 0.684969 0.169934 0.131190
2 0.733975 0.730956 0.179874 0.044539
2 0.970614 0.734344 0.057143 0.044231
3 0.492969 0.557813 0.087500 0.040625
