1 0.580200 0.555980 0.839601 0.888039
3 0.535937 0.914844 0.103125 0.071875
3 0.457031 0.595313 0.103125 0.071875
3 0.467969 0.641406 0.103125 0.071875
3 0.480469 0.688281 0.103125 0.071875
3 0.490625 0.732031 0.103125 0.071875
3 0.501563 0.778906 0.103125 0.071875
3 0.514062 0.824219 0.103125 0.071875
3 0.522656 0.867969 0.103125 0.071875
3 0.554688 0.984375 0.096875 0.031250
3 0.546094 0.957812 0.103125 0.071875
3 0.626563 0.890625 0.103125 0.071875
3 0.639062 0.935937 0.103125 0.071875
3 0.646875 0.967969 0.096875 0.042188
3 0.410938 0.415625 0.103125 0.071875
3 0.422656 0.460938 0.103125 0.071875
3 0.432812 0.505469 0.103125 0.071875
3 0.443750 0.549219 0.103125 0.071875
3 0.535937 0.528125 0.103125 0.071875
3 0.549219 0.573438 0.103125 0.071875
3 0.558594 0.618750 0.103125 0.071875
3 0.569531 0.664062 0.103125 0.071875
3 0.582812 0.709375 0.103125 0.071875
3 0.595313 0.754687 0.103125 0.071875
3 0.606250 0.799219 0.103125 0.071875
3 0.615625 0.845313 0.103125 0.071875
3 0.821875 0.790625 0.103125 0.071875
3 0.835156 0.835938 0.103125 0.071875
3 0.479687 0.303906 0.103125 0.071875
3 0.490625 0.347656 0.103125 0.071875
3 0.506250 0.391406 0.103125 0.071875
3 0.522656 0.482031 0.103125 0.071875
3 0.810937 0.745313 0.104688 0.068750
3 0.798438 0.699219 0.104688 0.068750
3 0.764844 0.564844 0.104688 0.068750
3 0.788281 0.656250 0.104688 0.068750
3 0.775781 0.607812 0.104688 0.068750
3 0.852344 0.915625 0.100000 0.046875
3 0.845313 0.882031 0.104688 0.068750
3 0.696875 0.292969 0.104688 0.068750
3 0.707031 0.337500 0.104688 0.068750
3 0.719531 0.382812 0.104688 0.068750
3 0.732812 0.429688 0.104688 0.068750
3 0.741406 0.473438 0.104688 0.068750
3 0.754687 0.519531 0.104688 0.068750
3 0.893750 0.676562 0.104688 0.068750
3 0.880469 0.629687 0.104688 0.068750
3 0.869531 0.585156 0.104688 0.068750
3 0.858594 0.539844 0.104688 0.068750
3 0.847656 0.495312 0.104688 0.068750
3 0.837500 0.451562 0.104688 0.068750
3 0.822656 0.404687 0.104688 0.068750
3 0.810937 0.359375 0.104688 0.068750
3 0.801562 0.313281 0.104688 0.068750
3 0.788281 0.268750 0.104688 0.068750
3 0.778125 0.224219 0.104688 0.068750
3 0.684375 0.248438 0.104688 0.068750
2 0.903125 0.721875 0.104688 0.068750
3 0.947656 0.891406 0.100000 0.046875
3 0.939063 0.858594 0.104688 0.068750
3 0.928125 0.813281 0.104688 0.068750
3 0.917969 0.767188 0.104688 0.068750
3 0.210938 0.469531 0.096875 0.067187
3 0.221094 0.513281 0.096875 0.067187
3 0.233594 0.558594 0.096875 0.067187
3 0.243750 0.601562 0.096875 0.067187
3 0.253906 0.650000 0.096875 0.067187
3 0.266406 0.692969 0.096875 0.067187
3 0.310937 0.877344 0.096875 0.067187
3 0.325000 0.921094 0.096875 0.067187
3 0.335938 0.967187 0.096875 0.065625
3 0.345313 0.988281 0.096875 0.023438
3 0.277344 0.738281 0.090625 0.062500
3 0.285938 0.776563 0.087500 0.056250
3 0.300000 0.835938 0.092188 0.060937
2 0.294531 0.805469 0.082812 0.037500
0 0.312500 0.880469 0.084375 0.051562
0 0.277344 0.698438 0.103125 0.062500
0 0.256250 0.656250 0.087500 0.059375
0 0.246094 0.605469 0.093750 0.057813
0 0.236719 0.562500 0.090625 0.056250
0 0.223438 0.517969 0.090625 0.054688
0 0.217969 0.466406 0.092188 0.059375
0 0.413281 0.417187 0.098437 0.064062
0 0.496875 0.348438 0.095312 0.060937
0 0.482031 0.300781 0.100000 0.064062
0 0.515625 0.440625 0.098437 0.060937
0 0.437500 0.550000 0.093750 0.059375
0 0.457031 0.603125 0.121875 0.075000
0 0.558594 0.621094 0.092188 0.059375
0 0.487500 0.735156 0.093750 0.057813
0 0.608594 0.803125 0.096875 0.057813
0 0.522656 0.873437 0.090625 0.056250
0 0.855469 0.917969 0.092188 0.037500
0 0.885938 0.685156 0.095312 0.060937
0 0.788281 0.660937 0.100000 0.070312
0 0.871094 0.587500 0.096875 0.056250
0 0.862500 0.539844 0.095312 0.064062
0 0.847656 0.498437 0.092188 0.062500
0 0.764844 0.567187 0.087500 0.059375
0 0.750781 0.524219 0.098437 0.065625
0 0.742969 0.478906 0.090625 0.065625
0 0.819531 0.408594 0.089063 0.059375
0 0.729688 0.385156 0.093750 0.060937
0 0.707031 0.337500 0.103125 0.059375
0 0.804688 0.315625 0.106250 0.065625
0 0.790625 0.268750 0.098437 0.062500
0 0.671875 0.258594 0.092188 0.059375
0 0.778906 0.225000 0.090625 0.065625
2 0.441007 0.313063 0.155167 0.179229
2 0.721229 0.192481 0.197404 0.092221
3 0.514062 0.435937 0.101562 0.065625
