0 0.629687 0.117969 0.075000 0.048438
0 0.943750 0.147656 0.078125 0.043750
0 0.850000 0.133594 0.075000 0.043750
0 0.946875 0.105469 0.084375 0.046875
0 0.925000 0.329688 0.076563 0.048438
0 0.842969 0.182031 0.084375 0.048438
0 0.931250 0.282031 0.073438 0.045312
0 0.844531 0.088281 0.067187 0.042188
0 0.624219 0.158594 0.081250 0.051562
0 0.638281 0.073438 0.084375 0.048438
0 0.630469 0.535937 0.073438 0.065625
0 0.916406 0.375000 0.085938 0.054688
0 0.328125 0.087500 0.087500 0.051562
0 0.930469 0.239063 0.084375 0.045312
0 0.835156 0.274219 0.084375 0.045312
0 0.839844 0.232031 0.084375 0.045312
0 0.536719 0.110156 0.081250 0.046875
0 0.622656 0.211719 0.078125 0.046875
0 0.824219 0.321094 0.084375 0.046875
0 0.613281 0.253906 0.081250 0.045312
0 0.608594 0.303125 0.084375 0.048438
0 0.935156 0.193750 0.084375 0.048438
0 0.608594 0.347656 0.082812 0.045312
0 0.539062 0.066406 0.085938 0.051562
0 0.821094 0.367188 0.085938 0.048438
0 0.232031 0.038281 0.085938 0.051562
0 0.230469 0.083594 0.085938 0.051562
0 0.319531 0.135937 0.092188 0.053125
0 0.534375 0.025000 0.100000 0.050000
0 0.822656 0.413281 0.090625 0.051562
0 0.914844 0.420312 0.093750 0.050000
0 0.598437 0.433594 0.084375 0.045312
0 0.526563 0.201563 0.085938 0.051562
0 0.603125 0.389062 0.087500 0.050000
0 0.329688 0.046094 0.085938 0.051562
0 0.908594 0.466406 0.081250 0.048438
0 0.853125 0.055469 0.085938 0.034375
0 0.650000 0.585938 0.062500 0.054688
0 0.808594 0.462500 0.085938 0.048438
0 0.946094 0.067187 0.082812 0.032813
0 0.220312 0.175000 0.092188 0.056250
0 0.238281 0.009375 0.082812 0.018750
0 0.193750 0.440625 0.092188 0.050000
0 0.532031 0.153125 0.076563 0.045312
0 0.302344 0.230469 0.092188 0.053125
0 0.941406 0.788281 0.043750 0.084375
0 0.053125 0.071094 0.026562 0.046875
0 0.018750 0.522656 0.037500 0.054688
0 0.853906 0.778906 0.043750 0.095312
0 0.762500 0.759375 0.045312 0.089063
0 0.039844 0.250000 0.035937 0.046875
0 0.896094 0.788281 0.046875 0.100000
0 0.809375 0.773438 0.046875 0.093750
0 0.012500 0.650781 0.025000 0.042188
0 0.277344 0.598437 0.089063 0.051562
0 0.173437 0.667188 0.082812 0.048438
0 0.328906 0.938281 0.048438 0.095312
0 0.603823 0.497111 0.103818 0.079802
0 0.666849 0.629366 0.113571 0.084390
0 0.674234 0.684031 0.120603 0.088725
0 0.644877 0.031766 0.106238 0.043143
1 0.500000 0.500000 1.000000 1.000000
