0 0.557813 0.702344 0.060937 0.090625
0 0.295312 0.867188 0.092188 0.051562
0 0.100781 0.778125 0.096875 0.056250
0 0.023438 0.756250 0.046875 0.050000
0 0.067187 0.907031 0.085938 0.031250
0 0.471875 0.635938 0.093750 0.053125
0 0.332031 0.775000 0.087500 0.051562
0 0.478906 0.561719 0.096875 0.056250
0 0.391406 0.981250 0.087500 0.031250
0 0.028125 0.649219 0.056250 0.048438
0 0.078125 0.874219 0.096875 0.054688
0 0.756250 0.817187 0.085938 0.048438
0 0.782813 0.720313 0.104688 0.059375
0 0.728125 0.960156 0.101562 0.054688
0 0.337500 0.723437 0.082812 0.048438
0 0.717969 0.994531 0.085938 0.010937
0 0.662500 0.796094 0.087500 0.053125
0 0.132812 0.357031 0.095312 0.053125
0 0.673438 0.749219 0.087500 0.053125
0 0.099219 0.728125 0.096875 0.057813
0 0.092188 0.824219 0.098437 0.057813
0 0.747656 0.864844 0.096875 0.054688
0 0.111719 0.675781 0.095312 0.059375
0 0.685937 0.700000 0.093750 0.059375
0 0.428906 0.795312 0.101562 0.062500
0 0.626563 0.943750 0.092188 0.059375
0 0.617188 0.982031 0.093750 0.035937
0 0.653906 0.845313 0.084375 0.056250
0 0.362500 0.612500 0.084375 0.054688
0 0.349219 0.673438 0.093750 0.056250
0 0.294531 0.960156 0.084375 0.029687
0 0.157031 0.266406 0.093750 0.053125
0 0.150781 0.489844 0.100000 0.060937
0 0.028125 0.705469 0.056250 0.054688
0 0.286719 0.920312 0.096875 0.057813
0 0.704688 0.600000 0.090625 0.057813
0 0.414062 0.898438 0.104688 0.064062
0 0.371094 0.546875 0.093750 0.059375
0 0.644531 0.893750 0.087500 0.056250
0 0.806250 0.624219 0.104688 0.060937
0 0.771094 0.771875 0.103125 0.065625
0 0.014844 0.800000 0.029687 0.059375
0 0.139063 0.559375 0.100000 0.059375
0 0.464062 0.696094 0.096875 0.065625
0 0.732812 0.912500 0.087500 0.054688
0 0.710938 0.492188 0.110937 0.067187
0 0.794531 0.665625 0.100000 0.057813
0 0.689844 0.651563 0.096875 0.059375
0 0.046094 0.462500 0.092188 0.059375
1 0.500000 0.611628 1.000000 0.776743
