1 0.242264 0.499593 0.484528 0.999186
2 0.149219 0.072656 0.043750 0.145313
2 0.142187 0.657813 0.045312 0.180469
3 0.285938 0.099219 0.045312 0.094531
3 0.192188 0.307812 0.045312 0.094531
3 0.238281 0.309375 0.045312 0.094531
3 0.282813 0.308594 0.045312 0.094531
3 0.056250 0.096875 0.045312 0.094531
3 0.103125 0.096094 0.045312 0.094531
3 0.195312 0.097656 0.045312 0.094531
3 0.241406 0.097656 0.045312 0.094531
3 0.145313 0.403906 0.045312 0.094531
3 0.096875 0.403125 0.045312 0.094531
3 0.053906 0.402344 0.045312 0.094531
3 0.053125 0.304688 0.045312 0.094531
3 0.098437 0.306250 0.045312 0.094531
3 0.142969 0.306250 0.045312 0.094531
3 0.234375 0.612500 0.045312 0.094531
3 0.191406 0.612500 0.045312 0.094531
3 0.282813 0.403906 0.045312 0.094531
3 0.237500 0.403125 0.045312 0.094531
3 0.189844 0.405469 0.045312 0.094531
3 0.279687 0.709375 0.045312 0.094531
3 0.234375 0.710156 0.045312 0.094531
3 0.188281 0.708594 0.045312 0.094531
3 0.093750 0.706250 0.045312 0.094531
3 0.096094 0.612500 0.045312 0.094531
3 0.281250 0.614844 0.041406 0.094531
3 0.371875 0.710156 0.041406 0.094531
3 0.371094 0.614062 0.041406 0.094531
3 0.050781 0.611719 0.041406 0.094531
3 0.049219 0.706250 0.041406 0.094531
3 0.323437 0.710938 0.041406 0.094531
3 0.325781 0.614844 0.041406 0.094531
3 0.419531 0.711719 0.047656 0.095312
3 0.417187 0.614844 0.049219 0.094531
2 0.463281 0.357812 0.033594 0.189062
2 0.464062 0.074219 0.034375 0.145313
2 0.457813 0.663281 0.033594 0.191406
3 0.339062 0.405469 0.066406 0.093750
3 0.341406 0.308594 0.064062 0.099219
3 0.409375 0.310156 0.069531 0.098437
3 0.410156 0.405469 0.071094 0.094531
3 0.343750 0.096875 0.065625 0.091406
3 0.411719 0.100000 0.070312 0.092969
3 0.411719 0.026562 0.067969 0.053125
3 0.343750 0.025781 0.065625 0.051562
3 0.285156 0.025000 0.045312 0.050000
3 0.240625 0.025000 0.042969 0.049219
3 0.195312 0.023438 0.041406 0.046875
3 0.101562 0.024219 0.042188 0.047656
3 0.057031 0.023438 0.043750 0.046875
3 0.016406 0.025000 0.032813 0.050000
3 0.015625 0.095312 0.031250 0.090625
3 0.014844 0.305469 0.029687 0.095312
3 0.014844 0.403125 0.029687 0.096875
3 0.014844 0.610938 0.028906 0.096094
3 0.014063 0.704688 0.025000 0.095312
3 0.012500 0.907813 0.025000 0.091406
3 0.048438 0.907031 0.042969 0.089844
3 0.093750 0.907813 0.042969 0.093750
3 0.139063 0.907031 0.046875 0.093750
3 0.185156 0.907813 0.047656 0.097656
3 0.232031 0.913281 0.046094 0.103125
3 0.276562 0.912500 0.046094 0.109375
3 0.334375 0.912500 0.066406 0.103906
3 0.401562 0.914062 0.069531 0.106250
3 0.400000 0.982812 0.069531 0.033594
3 0.332813 0.981250 0.065625 0.037500
3 0.276562 0.981250 0.046094 0.035156
3 0.232813 0.981250 0.043750 0.037500
3 0.184375 0.986719 0.046875 0.026562
3 0.136719 0.987500 0.045312 0.024219
3 0.092188 0.985938 0.042969 0.025000
3 0.049219 0.986719 0.041406 0.026562
2 0.102344 0.963281 0.204687 0.018750
