1 0.500000 0.500000 1.000000 1.000000
2 0.064844 0.632031 0.048438 0.735938
3 0.038281 0.970313 0.045312 0.051562
3 0.036719 0.922656 0.045312 0.051562
3 0.029687 0.676562 0.048438 0.051562
3 0.030469 0.725781 0.046875 0.051562
3 0.033594 0.875000 0.043750 0.051562
3 0.032813 0.825781 0.045312 0.051562
3 0.032031 0.775781 0.045312 0.051562
3 0.023438 0.380469 0.046875 0.051562
3 0.022656 0.430469 0.045312 0.051562
3 0.023438 0.478906 0.046875 0.051562
3 0.024219 0.530469 0.048438 0.051562
3 0.025000 0.578906 0.046875 0.051562
3 0.027344 0.625781 0.048438 0.051562
3 0.028906 0.233594 0.057813 0.054688
3 0.020313 0.282031 0.040625 0.051562
3 0.021875 0.330469 0.043750 0.051562
3 0.028125 0.183594 0.056250 0.051562
3 0.028125 0.134375 0.056250 0.053125
3 0.107813 0.083594 0.110937 0.053125
3 0.107813 0.035156 0.110937 0.046875
3 0.027344 0.084375 0.054688 0.053125
3 0.027344 0.037500 0.054688 0.046875
3 0.344531 0.865625 0.110937 0.053125
3 0.345313 0.915625 0.110937 0.053125
3 0.113281 0.229687 0.110937 0.053125
3 0.110937 0.181250 0.110937 0.053125
3 0.342969 0.765625 0.110937 0.053125
3 0.343750 0.816406 0.110937 0.053125
3 0.347656 0.965625 0.110937 0.053125
3 0.110156 0.128906 0.110937 0.053125
3 0.336719 0.375000 0.110937 0.053125
3 0.337500 0.422656 0.110937 0.053125
3 0.339062 0.471875 0.110937 0.053125
3 0.340625 0.520312 0.110937 0.053125
3 0.340625 0.618750 0.110937 0.053125
3 0.343750 0.667969 0.110937 0.053125
3 0.343750 0.717187 0.110937 0.053125
3 0.448437 0.615625 0.110937 0.053125
3 0.452344 0.665625 0.110937 0.053125
3 0.453906 0.716406 0.110937 0.053125
3 0.453906 0.764844 0.110937 0.053125
3 0.454688 0.814844 0.110937 0.053125
3 0.455469 0.864062 0.110937 0.053125
3 0.457031 0.913281 0.110937 0.053125
3 0.459375 0.961719 0.110937 0.053125
3 0.333594 0.223438 0.110937 0.053125
3 0.333594 0.275000 0.110937 0.053125
3 0.444531 0.272656 0.110937 0.053125
3 0.442969 0.369531 0.110937 0.053125
3 0.443750 0.418750 0.110937 0.053125
3 0.446094 0.467969 0.110937 0.053125
3 0.449219 0.517969 0.110937 0.053125
3 0.676562 0.908594 0.110937 0.053125
3 0.436719 0.024219 0.110937 0.048438
3 0.327344 0.028125 0.110937 0.048438
3 0.440625 0.073438 0.110937 0.053125
3 0.328125 0.075781 0.110937 0.053125
3 0.439063 0.123438 0.110937 0.053125
3 0.332031 0.128125 0.110937 0.053125
3 0.441406 0.172656 0.110937 0.053125
3 0.332813 0.177344 0.110937 0.053125
3 0.441406 0.217969 0.110937 0.053125
3 0.675000 0.809375 0.110937 0.053125
3 0.786719 0.854688 0.110937 0.053125
3 0.675781 0.858594 0.110937 0.053125
3 0.786719 0.906250 0.110937 0.053125
3 0.789844 0.953906 0.110937 0.053125
3 0.679688 0.956250 0.110937 0.053125
3 0.667969 0.463281 0.110937 0.053125
3 0.670312 0.514844 0.110937 0.053125
3 0.781250 0.509375 0.110937 0.053125
3 0.779687 0.610156 0.110937 0.053125
3 0.673438 0.611719 0.110937 0.053125
3 0.782031 0.659375 0.110937 0.053125
3 0.673438 0.660156 0.110937 0.053125
3 0.783594 0.705469 0.110937 0.053125
3 0.672656 0.710938 0.110937 0.053125
3 0.782813 0.757812 0.110937 0.053125
3 0.673438 0.760156 0.110937 0.053125
3 0.783594 0.807031 0.110937 0.051562
3 0.660937 0.167187 0.110937 0.053125
3 0.771875 0.216406 0.110937 0.053125
3 0.662500 0.215625 0.110937 0.053125
3 0.772656 0.263281 0.110937 0.053125
3 0.664062 0.266406 0.110937 0.053125
3 0.775000 0.313281 0.110937 0.053125
3 0.664844 0.316406 0.110937 0.053125
3 0.776563 0.363281 0.110937 0.053125
3 0.666406 0.364844 0.110937 0.053125
3 0.779687 0.411719 0.110937 0.053125
3 0.666406 0.413281 0.110937 0.053125
3 0.778125 0.461719 0.110937 0.053125
3 0.767969 0.021875 0.110937 0.043750
3 0.657031 0.023438 0.110937 0.046875
3 0.770312 0.065625 0.110937 0.053125
3 0.659375 0.067187 0.110937 0.053125
3 0.771094 0.115625 0.110937 0.053125
3 0.660156 0.119531 0.110937 0.053125
3 0.768750 0.166406 0.110937 0.053125
3 0.132812 0.996094 0.087500 0.007812
3 0.118750 0.377344 0.089063 0.050000
3 0.119531 0.329688 0.089063 0.046875
3 0.117969 0.282813 0.089063 0.046875
3 0.134375 0.971094 0.089063 0.053125
3 0.123438 0.624219 0.089063 0.054688
3 0.122656 0.575781 0.089063 0.053125
3 0.121875 0.525000 0.089063 0.053125
3 0.124219 0.476562 0.089063 0.053125
3 0.121094 0.425781 0.089063 0.053125
3 0.132812 0.921094 0.089063 0.053125
3 0.129688 0.871875 0.089063 0.053125
3 0.128125 0.823438 0.089063 0.054688
3 0.128125 0.773438 0.089063 0.054688
3 0.128125 0.724219 0.089063 0.054688
3 0.125000 0.674219 0.089063 0.054688
3 0.347656 0.992969 0.110937 0.014063
3 0.457813 0.992969 0.106250 0.014063
2 0.384375 0.322656 0.170313 0.053125
3 0.678906 0.988281 0.109375 0.014063
3 0.789844 0.985938 0.112500 0.012500
3 0.977344 0.899219 0.045312 0.045312
3 0.977344 0.852344 0.045312 0.045312
3 0.976562 0.803906 0.046875 0.045312
3 0.975781 0.753906 0.048438 0.051562
3 0.974219 0.701562 0.051562 0.050000
3 0.973437 0.653906 0.053125 0.045312
3 0.969531 0.457031 0.057813 0.045312
3 0.978906 0.942969 0.042188 0.045312
3 0.960938 0.209375 0.057813 0.050000
3 0.971094 0.505469 0.057813 0.045312
3 0.979688 0.974219 0.040625 0.020313
3 0.963281 0.259375 0.057813 0.051562
3 0.964844 0.309375 0.057813 0.051562
3 0.966406 0.358594 0.057813 0.048438
3 0.967969 0.407813 0.057813 0.046875
3 0.957031 0.096875 0.059375 0.075000
3 0.959375 0.159375 0.057813 0.051562
3 0.954688 0.030469 0.059375 0.060937
0 0.036719 0.725781 0.057813 0.042188
0 0.026562 0.623437 0.045312 0.042188
0 0.024219 0.475000 0.048438 0.043750
0 0.029687 0.428906 0.059375 0.042188
0 0.028125 0.377344 0.056250 0.039062
0 0.020313 0.328906 0.040625 0.039062
0 0.021875 0.279687 0.043750 0.037500
0 0.028906 0.230469 0.057813 0.039062
0 0.025000 0.183594 0.050000 0.042188
0 0.021875 0.133594 0.043750 0.042188
0 0.025000 0.035156 0.050000 0.039062
0 0.132812 0.871875 0.089063 0.043750
0 0.127344 0.824219 0.089063 0.042188
0 0.124219 0.673438 0.123438 0.051562
0 0.118750 0.525000 0.089063 0.042188
0 0.124219 0.475000 0.090625 0.046875
0 0.117969 0.425000 0.092188 0.039062
0 0.117969 0.376563 0.095312 0.043750
0 0.113281 0.225781 0.092188 0.040625
0 0.103125 0.178906 0.085938 0.037500
0 0.108594 0.130469 0.090625 0.043750
0 0.104688 0.080469 0.095312 0.043750
0 0.345313 0.996875 0.096875 0.006250
0 0.360156 0.765625 0.085938 0.034375
0 0.350000 0.715625 0.089063 0.028125
0 0.342969 0.665625 0.093750 0.031250
0 0.346094 0.615625 0.089063 0.040625
0 0.340625 0.525000 0.090625 0.043750
0 0.341406 0.421875 0.085938 0.034375
0 0.333594 0.225000 0.089063 0.035937
0 0.340625 0.175781 0.089063 0.040625
0 0.339844 0.125000 0.087500 0.034375
0 0.332031 0.077344 0.098437 0.037500
0 0.328906 0.021094 0.093750 0.034375
0 0.454688 0.861719 0.093750 0.037500
0 0.456250 0.814063 0.095312 0.045312
0 0.440625 0.667188 0.085938 0.040625
0 0.444531 0.617969 0.089063 0.032813
0 0.442969 0.465625 0.095312 0.046875
0 0.439844 0.418750 0.092188 0.040625
0 0.443750 0.371094 0.093750 0.043750
0 0.435937 0.272656 0.090625 0.039062
0 0.428125 0.221094 0.070312 0.035937
0 0.438281 0.171875 0.093750 0.043750
0 0.439844 0.120313 0.096875 0.040625
0 0.433594 0.070312 0.090625 0.040625
0 0.432031 0.020313 0.092188 0.034375
0 0.678906 0.957031 0.103125 0.046875
0 0.679688 0.757031 0.082812 0.037500
0 0.673438 0.707812 0.104688 0.043750
0 0.675000 0.659375 0.082812 0.037500
0 0.782813 0.957812 0.089063 0.042188
0 0.783594 0.855469 0.085938 0.043750
0 0.775000 0.756250 0.092188 0.043750
0 0.776563 0.705469 0.092188 0.040625
0 0.774219 0.608594 0.095312 0.043750
0 0.675000 0.613281 0.101562 0.037500
0 0.771875 0.512500 0.092188 0.050000
0 0.671094 0.514062 0.103125 0.043750
0 0.668750 0.465625 0.100000 0.043750
0 0.772656 0.461719 0.098437 0.040625
0 0.669531 0.416406 0.095312 0.039062
0 0.772656 0.414844 0.092188 0.045312
0 0.664062 0.364063 0.104688 0.043750
0 0.773438 0.365625 0.089063 0.043750
0 0.675000 0.314063 0.087500 0.046875
0 0.766406 0.314844 0.092188 0.043750
0 0.667188 0.265625 0.096875 0.039062
0 0.766406 0.262500 0.082812 0.043750
0 0.670312 0.215625 0.089063 0.040625
0 0.761719 0.213281 0.089063 0.043750
0 0.664844 0.170313 0.098437 0.043750
0 0.763281 0.165625 0.092188 0.043750
0 0.659375 0.117969 0.106250 0.045312
0 0.760938 0.114062 0.096875 0.043750
0 0.663281 0.061719 0.101562 0.042188
0 0.656250 0.021875 0.101562 0.042188
0 0.767969 0.067187 0.095312 0.042188
0 0.763281 0.018750 0.092188 0.037500
0 0.979688 0.900781 0.040625 0.042188
0 0.980469 0.852344 0.039062 0.042188
0 0.976562 0.803125 0.046875 0.046875
0 0.985156 0.746094 0.029687 0.039062
0 0.978906 0.705469 0.042188 0.042188
0 0.975781 0.650781 0.048438 0.035937
0 0.971875 0.503906 0.056250 0.042188
0 0.973437 0.457031 0.051562 0.042188
0 0.965625 0.360156 0.060937 0.042188
0 0.967187 0.310156 0.054688 0.048438
0 0.967187 0.260937 0.051562 0.046875
0 0.959375 0.154688 0.057813 0.046875
0 0.957031 0.093750 0.057813 0.045312
0 0.959375 0.024219 0.050000 0.048438
2 0.971875 0.578125 0.056250 0.100000
2 0.725000 0.560937 0.217188 0.051562
2 0.392969 0.567187 0.220312 0.051562
