0 0.305469 0.402344 0.076563 0.040625
0 0.103125 0.603906 0.030469 0.081250
0 0.142969 0.796875 0.033594 0.084375
0 0.142187 0.891406 0.028906 0.081250
0 0.014063 0.801562 0.027344 0.079687
0 0.346875 0.492969 0.032813 0.081250
0 0.194531 0.589844 0.031250 0.074219
0 0.415625 0.502344 0.034375 0.083594
0 0.013281 0.494531 0.026562 0.080469
0 0.240625 0.901563 0.028125 0.075000
0 0.051562 0.797656 0.032813 0.084375
0 0.243750 0.200000 0.028906 0.075000
0 0.335938 0.196094 0.035156 0.090625
0 0.110156 0.195312 0.032813 0.089844
0 0.241406 0.595313 0.028906 0.072656
0 0.022656 0.011719 0.031250 0.022656
0 0.060156 0.193750 0.027344 0.075000
0 0.016406 0.189844 0.030469 0.088281
0 0.243750 0.289062 0.032813 0.075781
0 0.528125 0.855469 0.032031 0.082812
0 0.287500 0.288281 0.032813 0.075781
0 0.187500 0.808594 0.035156 0.082812
0 0.100000 0.794531 0.035156 0.085156
0 0.199219 0.197656 0.033594 0.083594
0 0.237500 0.808594 0.036719 0.082031
0 0.334375 0.286719 0.036719 0.080469
0 0.195312 0.499219 0.039062 0.086719
0 0.103125 0.290625 0.037500 0.079687
0 0.057813 0.288281 0.034375 0.080469
0 0.197656 0.286719 0.036719 0.071875
0 0.346094 0.596094 0.034375 0.072656
0 0.015625 0.286719 0.031250 0.082812
0 0.288281 0.595313 0.034375 0.080469
0 0.012500 0.585156 0.025000 0.076563
0 0.614844 0.852344 0.031250 0.079687
0 0.411719 0.811719 0.036719 0.086719
0 0.189062 0.891406 0.035156 0.075781
0 0.053906 0.600000 0.035156 0.082812
0 0.428125 0.291406 0.036719 0.077344
0 0.100000 0.490625 0.039844 0.090625
0 0.406250 0.602344 0.038281 0.081250
0 0.063281 0.012500 0.032031 0.025000
0 0.152344 0.284375 0.035937 0.074219
0 0.427344 0.195312 0.035937 0.090625
0 0.287500 0.196094 0.041406 0.088281
0 0.106250 0.013281 0.030469 0.026562
0 0.099219 0.897656 0.036719 0.079687
0 0.347656 0.807813 0.035937 0.086719
0 0.196094 0.011719 0.033594 0.023438
0 0.292187 0.486719 0.042969 0.082031
0 0.012500 0.892969 0.025000 0.087500
0 0.153906 0.201563 0.035156 0.074219
0 0.526563 0.307812 0.041406 0.093750
0 0.293750 0.015625 0.034375 0.030469
0 0.387500 0.196875 0.033594 0.087500
0 0.378906 0.294531 0.037500 0.082812
0 0.386719 0.014844 0.033594 0.028906
0 0.339062 0.017969 0.037500 0.035156
0 0.432812 0.014063 0.032031 0.026562
0 0.414062 0.911719 0.036719 0.080469
0 0.152344 0.006250 0.044531 0.011719
0 0.050000 0.901563 0.029687 0.079687
1 0.315896 0.496388 0.631792 0.992775
