0 0.091406 0.438281 0.084375 0.037500
0 0.613281 0.527344 0.090625 0.045312
0 0.381250 0.364063 0.087500 0.039062
0 0.285938 0.374219 0.087500 0.043750
0 0.716406 0.521094 0.090625 0.046875
0 0.429688 0.923438 0.089063 0.046875
0 0.755469 0.933594 0.085938 0.040625
0 0.304688 0.507812 0.084375 0.042188
0 0.582812 0.207813 0.089063 0.043750
0 0.066406 0.344531 0.078125 0.039062
0 0.628906 0.713281 0.089063 0.040625
0 0.381250 0.264062 0.081250 0.035937
0 0.881250 0.042188 0.081250 0.037500
0 0.589844 0.294531 0.092188 0.040625
0 0.917969 0.499219 0.084375 0.043750
0 0.295312 0.465625 0.089063 0.040625
0 0.885156 0.114062 0.090625 0.040625
0 0.067969 0.300000 0.078125 0.035937
0 0.610938 0.476562 0.087500 0.043750
0 0.606250 0.434375 0.087500 0.037500
0 0.333594 0.832812 0.087500 0.037500
0 0.915625 0.449219 0.087500 0.043750
0 0.314063 0.696094 0.093750 0.039062
0 0.882031 0.220312 0.115625 0.050000
0 0.928125 0.637500 0.093750 0.045312
0 0.709375 0.423438 0.095312 0.043750
0 0.287500 0.276562 0.085938 0.040625
0 0.636719 0.765625 0.073438 0.026562
0 0.742188 0.889062 0.081250 0.035937
0 0.754687 0.971875 0.085938 0.017188
0 0.295312 0.332031 0.082812 0.039062
0 0.386719 0.411719 0.084375 0.045312
0 0.736719 0.847656 0.078125 0.042188
0 0.284375 0.421094 0.093750 0.045312
0 0.582031 0.160938 0.090625 0.046875
0 0.416406 0.781250 0.093750 0.048438
0 0.947656 0.918750 0.090625 0.046875
0 0.318750 0.743750 0.087500 0.043750
0 0.103906 0.717969 0.095312 0.043750
0 0.717187 0.660937 0.084375 0.045312
0 0.371094 0.321875 0.079687 0.042188
0 0.337500 0.882812 0.087500 0.048438
0 0.581250 0.111719 0.087500 0.043750
0 0.410156 0.689063 0.090625 0.046875
0 0.946875 0.873437 0.087500 0.043750
0 0.304688 0.557813 0.090625 0.043750
0 0.317969 0.792969 0.109375 0.050000
0 0.600781 0.389844 0.089063 0.043750
0 0.266406 0.103906 0.090625 0.046875
0 0.681250 0.242969 0.079687 0.043750
0 0.596094 0.246875 0.082812 0.043750
0 0.728125 0.801562 0.090625 0.046875
0 0.117969 0.858594 0.084375 0.045312
0 0.125781 0.953906 0.087500 0.050000
0 0.010156 0.353125 0.020313 0.040625
0 0.055469 0.193750 0.075000 0.042188
0 0.677344 0.149219 0.082812 0.045312
0 0.113281 0.808594 0.084375 0.043750
0 0.939063 0.828906 0.089063 0.046875
0 0.119531 0.766406 0.078125 0.045312
0 0.089063 0.489844 0.084375 0.042188
0 0.393750 0.505469 0.084375 0.039062
0 0.269531 0.169531 0.090625 0.046875
0 0.079687 0.536719 0.081250 0.040625
0 0.673438 0.102344 0.087500 0.046875
0 0.678906 0.290625 0.087500 0.043750
0 0.719531 0.707812 0.085938 0.042188
0 0.055469 0.132812 0.084375 0.045312
0 0.060937 0.253125 0.084375 0.042188
0 0.398438 0.551562 0.081250 0.045312
0 0.128125 0.989062 0.084375 0.021875
0 0.901563 0.266406 0.092188 0.043750
0 0.919531 0.594531 0.078125 0.042188
0 0.125000 0.904687 0.085938 0.045312
0 0.097656 0.667969 0.089063 0.050000
0 0.049219 0.864844 0.029687 0.039062
0 0.889062 0.177344 0.087500 0.045312
0 0.039062 0.771875 0.029687 0.037500
0 0.034375 0.724219 0.029687 0.035937
0 0.013281 0.450000 0.026562 0.043750
0 0.019531 0.588281 0.029687 0.037500
0 0.042969 0.810937 0.029687 0.037500
0 0.411719 0.647656 0.079687 0.032813
0 0.053906 0.907813 0.031250 0.037500
0 0.015625 0.540625 0.031250 0.031250
0 0.909375 0.410156 0.085938 0.040625
0 0.903125 0.363281 0.087500 0.042188
0 0.936719 0.739062 0.076563 0.040625
0 0.058594 0.956250 0.029687 0.034375
0 0.992188 0.586719 0.015625 0.032813
0 0.367969 0.091406 0.084375 0.045312
0 0.967969 0.309375 0.032813 0.039062
0 0.646875 0.857031 0.084375 0.046875
0 0.449219 0.971875 0.070312 0.031250
0 0.315625 0.652344 0.082812 0.034375
0 0.722656 0.757812 0.082812 0.045312
0 0.990625 0.494531 0.018750 0.032813
0 0.082812 0.584375 0.081250 0.035937
0 0.944073 0.039640 0.024949 0.041468
0 0.952774 0.122184 0.024426 0.036962
0 0.959900 0.167532 0.019415 0.036309
0 0.978502 0.354225 0.021499 0.034609
0 0.988138 0.448800 0.022098 0.034514
1 0.500000 0.501126 1.000000 0.997749
