0 0.821094 0.628906 0.092188 0.039062
0 0.922656 0.624219 0.089063 0.034375
0 0.612500 0.589063 0.089063 0.034375
0 0.821094 0.482031 0.087500 0.037500
0 0.816406 0.530469 0.092188 0.037500
0 0.403125 0.810156 0.046875 0.082812
0 0.172656 0.607812 0.095312 0.037500
0 0.481250 0.446875 0.098437 0.037500
0 0.938281 0.725000 0.085938 0.042188
0 0.600781 0.691406 0.081250 0.037500
0 0.184375 0.753906 0.082812 0.034375
0 0.279687 0.750781 0.082812 0.037500
0 0.157812 0.514062 0.100000 0.037500
0 0.840625 0.725781 0.090625 0.037500
0 0.514844 0.928125 0.092188 0.040625
0 0.502344 0.854688 0.089063 0.039062
0 0.283594 0.597656 0.082812 0.037500
0 0.803125 0.286719 0.096875 0.034375
0 0.608594 0.736719 0.079687 0.034375
0 0.898438 0.037500 0.085938 0.031250
0 0.175000 0.557813 0.082812 0.031250
0 0.606250 0.537500 0.085938 0.032813
0 0.475781 0.151562 0.092188 0.040625
0 0.836719 0.671094 0.085938 0.035937
0 0.485938 0.303125 0.089063 0.034375
0 0.164844 0.317188 0.075000 0.035937
0 0.803906 0.141406 0.090625 0.034375
0 0.267188 0.507031 0.093750 0.035937
0 0.182031 0.709375 0.092188 0.035937
0 0.183594 0.857812 0.098437 0.040625
0 0.280469 0.798438 0.082812 0.039062
0 0.817969 0.578906 0.095312 0.040625
0 0.926562 0.573438 0.085938 0.043750
0 0.275000 0.702344 0.079687 0.042188
0 0.806250 0.235937 0.092188 0.040625
0 0.503125 0.692969 0.095312 0.046875
0 0.902344 0.183594 0.096875 0.045312
0 0.924219 0.670312 0.084375 0.040625
0 0.482812 0.251563 0.082812 0.043750
0 0.574219 0.044531 0.092188 0.046875
0 0.909375 0.279687 0.095312 0.043750
0 0.585938 0.294531 0.100000 0.042188
0 0.271094 0.552344 0.089063 0.040625
0 0.580469 0.146094 0.089063 0.043750
0 0.582812 0.199219 0.089063 0.042188
0 0.796875 0.185156 0.110937 0.043750
0 0.818750 0.433594 0.092188 0.039062
0 0.917969 0.475000 0.090625 0.040625
0 0.280469 0.849219 0.085938 0.042188
0 0.803906 0.087500 0.093750 0.045312
0 0.588281 0.487500 0.085938 0.037500
0 0.846094 0.914062 0.093750 0.043750
0 0.596094 0.242969 0.082812 0.043750
0 0.609375 0.787500 0.087500 0.040625
0 0.289062 0.949219 0.084375 0.042188
0 0.578906 0.096875 0.089063 0.043750
0 0.489844 0.589844 0.101562 0.046875
0 0.476562 0.103125 0.089063 0.043750
0 0.611719 0.850000 0.076563 0.040625
0 0.163281 0.361719 0.095312 0.037500
0 0.486719 0.207813 0.076563 0.040625
0 0.181250 0.802344 0.095312 0.048438
0 0.569531 0.007812 0.085938 0.015625
0 0.918750 0.425000 0.085938 0.043750
0 0.472656 0.054688 0.090625 0.043750
0 0.260156 0.356250 0.092188 0.040625
0 0.185156 0.952344 0.096875 0.042188
0 0.839844 0.843750 0.095312 0.043750
0 0.622656 0.914844 0.089063 0.043750
0 0.585938 0.349219 0.095312 0.048438
0 0.264844 0.454688 0.087500 0.040625
0 0.155469 0.218750 0.085938 0.035937
0 0.242969 0.021094 0.089063 0.028125
0 0.146094 0.269531 0.098437 0.046875
0 0.492969 0.797656 0.090625 0.053125
0 0.271094 0.653906 0.082812 0.042188
0 0.181250 0.658594 0.079687 0.040625
0 0.139844 0.025781 0.098437 0.029687
0 0.187500 0.910156 0.093750 0.040625
0 0.489063 0.492969 0.087500 0.039062
0 0.916406 0.325000 0.090625 0.031250
0 0.255469 0.261719 0.084375 0.037500
0 0.247656 0.214062 0.089063 0.046875
0 0.292187 0.896875 0.089063 0.043750
0 0.815625 0.335156 0.093750 0.034375
0 0.253906 0.114062 0.082812 0.040625
0 0.953906 0.911719 0.085938 0.042188
0 0.521094 0.350781 0.029687 0.032813
0 0.225000 0.182812 0.048438 0.025000
0 0.578125 0.437500 0.082812 0.035937
1 0.500000 0.500000 1.000000 1.000000
