3 0.122656 0.873437 0.068750 0.101562
3 0.196875 0.789844 0.071875 0.112500
3 0.099219 0.765625 0.071875 0.112500
3 0.147656 0.777344 0.071875 0.112500
3 0.073438 0.861719 0.068750 0.100000
3 0.221094 0.897656 0.070312 0.103125
3 0.250000 0.799219 0.079687 0.112500
3 0.151562 0.540625 0.071875 0.112500
3 0.296094 0.811719 0.071875 0.112500
3 0.174219 0.886719 0.068750 0.101562
3 0.127344 0.425781 0.071875 0.112500
3 0.347656 0.585156 0.071875 0.112500
3 0.298438 0.574219 0.071875 0.112500
3 0.250781 0.562500 0.071875 0.112500
3 0.202344 0.551562 0.071875 0.112500
3 0.100781 0.527344 0.071875 0.112500
3 0.372656 0.485156 0.071875 0.112500
3 0.324219 0.471875 0.071875 0.112500
3 0.275781 0.461719 0.071875 0.112500
3 0.226562 0.450000 0.071875 0.112500
3 0.175781 0.438281 0.071875 0.112500
3 0.018750 0.505469 0.037500 0.110937
3 0.032031 0.403906 0.064062 0.110937
3 0.232031 0.212500 0.071875 0.112500
3 0.182031 0.199219 0.071875 0.112500
3 0.132031 0.185938 0.071875 0.112500
3 0.085156 0.178125 0.062500 0.107813
3 0.426563 0.257031 0.071875 0.112500
3 0.377344 0.244531 0.071875 0.112500
3 0.327344 0.235937 0.071875 0.112500
3 0.280469 0.223438 0.071875 0.112500
3 0.256250 0.110156 0.071875 0.112500
3 0.303125 0.120313 0.071875 0.112500
3 0.352344 0.131250 0.071875 0.112500
3 0.403125 0.143750 0.071875 0.112500
3 0.452344 0.156250 0.071875 0.112500
3 0.110937 0.072656 0.060937 0.109375
3 0.155469 0.082812 0.071875 0.112500
3 0.205469 0.096094 0.071875 0.112500
3 0.018750 0.734375 0.037500 0.103125
3 0.050781 0.744531 0.071875 0.103125
3 0.029687 0.854688 0.059375 0.090625
3 0.272656 0.910156 0.075000 0.103125
1 0.255138 0.481225 0.510276 0.962450
2 0.065625 0.466406 0.093750 0.204687
2 0.032031 0.793750 0.064062 0.056250
0 0.025781 0.857812 0.051562 0.082812
0 0.076563 0.863281 0.056250 0.096875
0 0.125781 0.877344 0.057813 0.092188
0 0.171875 0.892188 0.046875 0.084375
0 0.275781 0.913281 0.057813 0.095312
0 0.245312 0.801562 0.064062 0.101562
0 0.194531 0.789844 0.065625 0.104688
0 0.147656 0.783594 0.057813 0.096875
0 0.101562 0.763281 0.062500 0.101562
0 0.028906 0.401562 0.057813 0.100000
0 0.121094 0.429688 0.062500 0.103125
0 0.151562 0.542188 0.062500 0.103125
0 0.174219 0.449219 0.054688 0.084375
0 0.200781 0.544531 0.060937 0.098437
0 0.227344 0.452344 0.068750 0.114062
0 0.254688 0.554688 0.060937 0.101562
0 0.277344 0.457031 0.070312 0.110937
0 0.299219 0.575781 0.067187 0.107813
0 0.352344 0.590625 0.064062 0.106250
0 0.325781 0.475000 0.062500 0.103125
0 0.378906 0.487500 0.060937 0.103125
0 0.082031 0.180469 0.057813 0.104688
0 0.135156 0.184375 0.051562 0.092188
0 0.182031 0.201563 0.062500 0.103125
0 0.232031 0.206250 0.057813 0.093750
0 0.279687 0.221094 0.059375 0.103125
0 0.326562 0.239844 0.067187 0.107813
0 0.382812 0.250000 0.060937 0.103125
0 0.427344 0.257812 0.057813 0.107813
0 0.454688 0.159375 0.062500 0.098437
0 0.402344 0.143750 0.059375 0.101562
0 0.353906 0.142187 0.064062 0.101562
0 0.303125 0.125000 0.056250 0.096875
0 0.254688 0.113281 0.062500 0.100000
0 0.206250 0.102344 0.054688 0.087500
0 0.155469 0.087500 0.057813 0.095312
0 0.105469 0.075000 0.048438 0.095312
