0 0.603125 0.104688 0.029687 0.081250
0 0.462500 0.606250 0.035156 0.085156
0 0.646094 0.396094 0.028906 0.082031
0 0.646094 0.301563 0.033594 0.083594
0 0.457813 0.708594 0.035937 0.085938
0 0.093750 0.385937 0.035937 0.085156
0 0.050000 0.703125 0.032813 0.081250
0 0.513281 0.306250 0.033594 0.078906
0 0.778125 0.609375 0.032813 0.084375
0 0.697656 0.090625 0.030469 0.074219
0 0.278906 0.602344 0.029687 0.085156
0 0.743750 0.406250 0.027344 0.076563
0 0.909375 0.918750 0.028906 0.075781
0 0.692969 0.607812 0.031250 0.087500
0 0.012500 0.289062 0.024219 0.087500
0 0.458594 0.907031 0.035156 0.079687
0 0.555469 0.301563 0.031250 0.084375
0 0.846094 0.015625 0.032813 0.031250
0 0.839063 0.915625 0.031250 0.085938
0 0.740625 0.096875 0.028125 0.072656
0 0.511719 0.609375 0.033594 0.082031
0 0.553906 0.608594 0.026562 0.082812
0 0.192969 0.301563 0.028906 0.082812
0 0.507812 0.910156 0.034375 0.082812
0 0.327344 0.296094 0.028906 0.089063
0 0.735156 0.900781 0.038281 0.109375
0 0.322656 0.903125 0.035937 0.088281
0 0.553906 0.710938 0.034375 0.090625
0 0.741406 0.313281 0.032031 0.081250
0 0.227344 0.605469 0.017969 0.070312
0 0.094531 0.695312 0.027344 0.075781
0 0.008594 0.699219 0.017188 0.082812
0 0.686719 0.315625 0.031250 0.078906
0 0.598437 0.396875 0.036719 0.078906
0 0.136719 0.694531 0.032813 0.073438
0 0.600000 0.295312 0.035156 0.088281
0 0.824219 0.613281 0.036719 0.085156
0 0.234375 0.387500 0.038281 0.088281
0 0.044531 0.893750 0.035937 0.085156
0 0.280469 0.296094 0.034375 0.083594
0 0.328125 0.089063 0.035156 0.090625
0 0.321094 0.694531 0.035937 0.079687
0 0.688281 0.391406 0.034375 0.075000
0 0.142187 0.300000 0.039062 0.083594
0 0.871875 0.617188 0.034375 0.082812
0 0.324219 0.390625 0.037500 0.086719
0 0.089063 0.896875 0.034375 0.083594
0 0.464062 0.301563 0.033594 0.085156
0 0.232813 0.289844 0.038281 0.103906
0 0.598437 0.607812 0.033594 0.084375
0 0.911719 0.310937 0.036719 0.085156
0 0.733594 0.702344 0.035937 0.075000
0 0.738281 0.617969 0.035156 0.078125
0 0.182812 0.690625 0.037500 0.086719
0 0.911719 0.021875 0.034375 0.042969
0 0.189844 0.088281 0.037500 0.080469
0 0.095312 0.085156 0.040625 0.083594
0 0.696094 0.022656 0.036719 0.042969
0 0.846094 0.095312 0.032813 0.070312
0 0.825781 0.707812 0.035937 0.078125
0 0.239063 0.088281 0.035156 0.078906
0 0.133594 0.893750 0.035937 0.084375
0 0.279687 0.099219 0.036719 0.072656
0 0.553125 0.096875 0.033594 0.080469
0 0.506250 0.393750 0.031250 0.079687
0 0.846875 0.307031 0.036719 0.086719
0 0.507812 0.083594 0.032031 0.077344
0 0.871875 0.708594 0.036719 0.083594
0 0.687500 0.695312 0.035156 0.082812
0 0.275000 0.692187 0.034375 0.082031
0 0.905469 0.101562 0.036719 0.080469
0 0.787500 0.094531 0.033594 0.079687
0 0.460938 0.393750 0.036719 0.076563
0 0.050000 0.083594 0.033594 0.079687
0 0.688281 0.914844 0.034375 0.087500
0 0.365625 0.899219 0.033594 0.073438
0 0.142969 0.089063 0.037500 0.081250
0 0.790625 0.016406 0.037500 0.032813
0 0.378125 0.087500 0.040625 0.085156
0 0.190625 0.017188 0.034375 0.032031
0 0.776563 0.911719 0.035937 0.083594
0 0.283594 0.017188 0.033594 0.033594
0 0.330469 0.017188 0.032031 0.033594
0 0.599219 0.019531 0.039062 0.038281
0 0.464062 0.017188 0.033594 0.032031
0 0.243750 0.016406 0.033594 0.032813
0 0.365625 0.396875 0.025000 0.077344
0 0.147656 0.017188 0.033594 0.033594
0 0.510938 0.017969 0.028125 0.033594
0 0.010937 0.082812 0.021875 0.077344
0 0.546875 0.907813 0.032031 0.082031
0 0.592969 0.906250 0.032031 0.083594
0 0.221875 0.900781 0.032813 0.071875
0 0.100000 0.016406 0.032031 0.032813
0 0.365625 0.982031 0.028906 0.031250
0 0.914062 0.411719 0.035937 0.079687
0 0.639062 0.979688 0.034375 0.036719
0 0.225000 0.982812 0.037500 0.031250
0 0.272656 0.985938 0.035937 0.027344
0 0.136719 0.605469 0.038281 0.080469
0 0.043750 0.400000 0.022656 0.067187
0 0.370312 0.303125 0.025781 0.081250
0 0.046875 0.981250 0.036719 0.035156
0 0.225781 0.689844 0.037500 0.078125
0 0.454688 0.985156 0.030469 0.028906
0 0.460938 0.082031 0.028906 0.078125
0 0.135156 0.985938 0.037500 0.025781
0 0.904163 0.984169 0.042802 0.028878
0 0.822907 0.984381 0.039158 0.029609
0 0.778502 0.986626 0.035607 0.025119
0 0.592700 0.984434 0.035894 0.029504
0 0.499099 0.985591 0.036190 0.027189
1 0.474349 0.499593 0.948697 0.999186
