1 0.498826 0.759762 0.997653 0.480476
2 0.922656 0.901563 0.115625 0.051562
2 0.334375 0.878906 0.189062 0.056250
3 0.920312 0.760156 0.100000 0.051562
3 0.699219 0.845313 0.100000 0.051562
3 0.700000 0.797656 0.100000 0.051562
3 0.703906 0.750781 0.100000 0.051562
3 0.909375 0.985938 0.100000 0.028125
3 0.914062 0.949219 0.100000 0.051562
3 0.917188 0.853906 0.100000 0.051562
3 0.919531 0.806250 0.100000 0.051562
3 0.597656 0.888281 0.100000 0.051562
3 0.596094 0.938281 0.100000 0.051562
3 0.593750 0.978906 0.100000 0.042188
3 0.695312 0.981250 0.100000 0.037500
3 0.696094 0.942969 0.100000 0.051562
3 0.698438 0.896875 0.100000 0.051562
3 0.385937 0.785156 0.100000 0.051562
3 0.383594 0.829688 0.100000 0.051562
3 0.605469 0.745313 0.100000 0.051562
3 0.603125 0.792969 0.100000 0.051562
3 0.597656 0.842187 0.100000 0.051562
3 0.288281 0.732812 0.100000 0.051562
3 0.285156 0.779687 0.100000 0.051562
3 0.284375 0.828125 0.100000 0.051562
3 0.281250 0.925781 0.100000 0.051562
3 0.378906 0.928906 0.100000 0.051562
3 0.385937 0.736719 0.100000 0.048438
3 0.291406 0.637500 0.100000 0.048438
3 0.391406 0.643750 0.100000 0.048438
3 0.377344 0.975000 0.100000 0.043750
3 0.278906 0.969531 0.098437 0.043750
3 0.289062 0.687500 0.100000 0.048438
3 0.388281 0.690625 0.100000 0.048438
3 0.292969 0.588281 0.103125 0.054688
3 0.392969 0.595313 0.100000 0.054688
2 0.661719 0.561719 0.198437 0.045312
2 0.939063 0.576562 0.117188 0.042188
2 0.345313 0.551562 0.201563 0.045312
3 0.606250 0.687500 0.100000 0.073438
3 0.707031 0.690625 0.106250 0.070312
3 0.708594 0.620313 0.106250 0.076563
3 0.610156 0.614844 0.100000 0.079687
3 0.925781 0.700000 0.098437 0.073438
3 0.926562 0.629687 0.100000 0.078125
3 0.984375 0.632812 0.021875 0.071875
3 0.982031 0.703906 0.018750 0.068750
3 0.978906 0.764062 0.018750 0.048438
3 0.977344 0.810156 0.017188 0.045312
3 0.975781 0.856250 0.014063 0.043750
3 0.969531 0.953125 0.014063 0.043750
3 0.967187 0.988281 0.015625 0.023438
3 0.071875 0.958594 0.095312 0.043750
3 0.072656 0.914844 0.098437 0.050000
3 0.075781 0.867969 0.100000 0.053125
3 0.077344 0.819531 0.104688 0.054688
3 0.074219 0.771094 0.109375 0.054688
3 0.077344 0.725000 0.115625 0.054688
3 0.080469 0.664844 0.110937 0.075000
3 0.082812 0.595313 0.112500 0.078125
3 0.014844 0.592969 0.029687 0.073438
3 0.014844 0.660937 0.029687 0.068750
3 0.013281 0.721094 0.026562 0.048438
3 0.011719 0.766406 0.023438 0.045312
3 0.005469 0.815625 0.010937 0.050000
3 0.003125 0.866406 0.006250 0.048438
2 0.016406 0.885938 0.028125 0.178125
