3 0.296094 0.087500 0.043750 0.092969
3 0.342187 0.181250 0.043750 0.092969
3 0.250781 0.181250 0.043750 0.092969
3 0.295312 0.181250 0.043750 0.092969
3 0.250000 0.086719 0.043750 0.092969
3 0.387500 0.089063 0.043750 0.092969
3 0.390625 0.184375 0.050781 0.092188
3 0.247656 0.390625 0.043750 0.092969
3 0.433594 0.184375 0.043750 0.092969
3 0.342969 0.088281 0.043750 0.092969
3 0.200781 0.485938 0.043750 0.092969
3 0.429688 0.394531 0.043750 0.092969
3 0.383594 0.393750 0.043750 0.092969
3 0.339844 0.392969 0.043750 0.092969
3 0.293750 0.392188 0.043750 0.092969
3 0.200781 0.390625 0.043750 0.092969
3 0.429688 0.487500 0.043750 0.092969
3 0.384375 0.488281 0.043750 0.092969
3 0.339844 0.486719 0.043750 0.092969
3 0.292969 0.486719 0.043750 0.092969
3 0.246094 0.485156 0.043750 0.092969
3 0.061719 0.482812 0.043750 0.092969
3 0.064062 0.388281 0.043750 0.092969
3 0.108594 0.389844 0.043750 0.092969
3 0.110156 0.483594 0.043750 0.092969
3 0.246094 0.696094 0.043750 0.092969
3 0.200000 0.696875 0.043750 0.092969
3 0.152344 0.697656 0.043750 0.092969
3 0.106250 0.695312 0.043750 0.092969
3 0.427344 0.699219 0.043750 0.092969
3 0.381250 0.700000 0.043750 0.092969
3 0.335156 0.696875 0.043750 0.092969
3 0.291406 0.697656 0.043750 0.092969
3 0.244531 0.791406 0.043750 0.092969
3 0.288281 0.792969 0.043750 0.092969
3 0.333594 0.793750 0.043750 0.092969
3 0.381250 0.793750 0.043750 0.092969
3 0.427344 0.793750 0.043750 0.092969
3 0.062500 0.695312 0.043750 0.092969
3 0.060937 0.791406 0.043750 0.092969
3 0.105469 0.792969 0.043750 0.092969
3 0.150781 0.792969 0.043750 0.092969
3 0.197656 0.792188 0.043750 0.092969
3 0.018750 0.694531 0.037500 0.091406
3 0.017969 0.789844 0.035937 0.092188
3 0.021094 0.388281 0.041406 0.091406
3 0.019531 0.482812 0.039062 0.092969
3 0.158594 0.188281 0.045312 0.085156
3 0.203906 0.189062 0.045312 0.085156
3 0.113281 0.187500 0.045312 0.085156
3 0.067187 0.188281 0.045312 0.085156
3 0.022656 0.188281 0.045312 0.085156
3 0.205469 0.081250 0.045312 0.085156
3 0.159375 0.078125 0.045312 0.085156
3 0.114844 0.075000 0.045312 0.085156
3 0.067969 0.075781 0.045312 0.085156
3 0.025000 0.075781 0.045312 0.085156
3 0.435156 0.089063 0.047656 0.092188
3 0.413281 0.978906 0.068750 0.042188
3 0.343750 0.978906 0.065625 0.042188
3 0.285938 0.978906 0.047656 0.041406
3 0.017188 0.978906 0.034375 0.042188
3 0.256250 0.978125 0.047656 0.042188
3 0.194531 0.978906 0.047656 0.042188
3 0.059375 0.978906 0.044531 0.042188
3 0.103125 0.978906 0.039062 0.042188
1 0.230510 0.499593 0.460362 0.999186
2 0.149219 0.978906 0.051562 0.042188
2 0.155469 0.436719 0.042188 0.180469
2 0.114844 0.132812 0.226562 0.018750
0 0.025000 0.069531 0.035937 0.090625
0 0.067187 0.082031 0.034375 0.088281
0 0.114062 0.076563 0.035937 0.090625
0 0.159375 0.071875 0.035937 0.085938
0 0.207031 0.080469 0.031250 0.079687
0 0.253125 0.085156 0.033594 0.093750
0 0.299219 0.085156 0.033594 0.086719
0 0.342969 0.078906 0.025781 0.086719
0 0.439063 0.084375 0.035156 0.093750
0 0.386719 0.182031 0.038281 0.084375
0 0.339844 0.180469 0.039844 0.087500
0 0.297656 0.175781 0.032813 0.082812
0 0.253125 0.184375 0.035937 0.086719
0 0.111719 0.188281 0.036719 0.085938
0 0.068750 0.183594 0.040625 0.082031
0 0.023438 0.185938 0.040625 0.082812
0 0.064062 0.387500 0.038281 0.091406
0 0.019531 0.481250 0.039062 0.090625
0 0.064062 0.483594 0.036719 0.086719
0 0.106250 0.485938 0.039062 0.084375
0 0.196875 0.481250 0.037500 0.089063
0 0.247656 0.389844 0.036719 0.086719
0 0.247656 0.475000 0.034375 0.071875
0 0.291406 0.397656 0.037500 0.081250
0 0.295312 0.485156 0.039062 0.096094
0 0.340625 0.400781 0.035156 0.085938
0 0.339062 0.490625 0.043750 0.093750
0 0.385156 0.392188 0.039844 0.089844
0 0.435156 0.390625 0.037500 0.090625
0 0.386719 0.485938 0.037500 0.087500
0 0.435937 0.486719 0.035156 0.088281
0 0.018750 0.690625 0.037500 0.093750
0 0.057813 0.696875 0.032031 0.085156
0 0.107031 0.691406 0.032813 0.091406
0 0.154688 0.700000 0.028125 0.078125
0 0.200781 0.695312 0.036719 0.086719
0 0.245312 0.701562 0.034375 0.078906
0 0.289844 0.699219 0.034375 0.086719
0 0.335938 0.692969 0.039062 0.090625
0 0.386719 0.696094 0.035937 0.087500
0 0.428125 0.699219 0.031250 0.092969
0 0.430469 0.791406 0.038281 0.082031
0 0.381250 0.793750 0.034375 0.086719
0 0.338281 0.785156 0.038281 0.085156
0 0.289062 0.789062 0.032813 0.082031
0 0.245312 0.788281 0.036719 0.083594
0 0.199219 0.787500 0.032813 0.073438
0 0.151562 0.789062 0.033594 0.080469
0 0.103125 0.791406 0.032031 0.083594
0 0.058594 0.787500 0.035937 0.085156
0 0.017188 0.789062 0.026562 0.089844
0 0.015625 0.975781 0.031250 0.046094
0 0.100781 0.973437 0.032813 0.052344
0 0.196875 0.977344 0.028125 0.045312
0 0.289062 0.971094 0.034375 0.057813
0 0.346875 0.973437 0.036719 0.052344
0 0.415625 0.977344 0.037500 0.045312
