1 0.500000 0.500000 1.000000 1.000000
2 0.148438 0.335156 0.121875 0.670312
3 0.131250 0.017969 0.093750 0.035937
3 0.125000 0.050781 0.093750 0.059375
3 0.096094 0.278906 0.093750 0.059375
3 0.102344 0.233594 0.093750 0.059375
3 0.117969 0.094531 0.093750 0.059375
3 0.113281 0.140625 0.093750 0.059375
3 0.108594 0.186719 0.093750 0.059375
3 0.062500 0.554688 0.093750 0.059375
3 0.065625 0.509375 0.093750 0.059375
3 0.071094 0.463281 0.093750 0.059375
3 0.078125 0.416406 0.093750 0.059375
3 0.082812 0.370312 0.093750 0.059375
3 0.089844 0.327344 0.093750 0.059375
3 0.052344 0.692969 0.104688 0.064062
3 0.047656 0.646094 0.093750 0.059375
3 0.055469 0.600781 0.093750 0.059375
3 0.049219 0.739844 0.098437 0.060937
3 0.046875 0.783594 0.093750 0.060937
3 0.133594 0.842969 0.109375 0.060937
3 0.128906 0.892188 0.109375 0.060937
3 0.043750 0.830469 0.087500 0.060937
3 0.041406 0.877344 0.082812 0.060937
3 0.431250 0.136719 0.109375 0.060937
3 0.437500 0.090625 0.109375 0.060937
3 0.153125 0.707031 0.109375 0.060937
3 0.146875 0.752344 0.109375 0.060937
3 0.419531 0.229687 0.109375 0.060937
3 0.425781 0.182812 0.109375 0.060937
3 0.443750 0.043750 0.109375 0.060937
3 0.140625 0.800781 0.109375 0.060937
3 0.375781 0.593750 0.109375 0.060937
3 0.381250 0.548438 0.109375 0.060937
3 0.387500 0.503906 0.109375 0.060937
3 0.392969 0.457813 0.109375 0.060937
3 0.403906 0.366406 0.109375 0.060937
3 0.410938 0.321094 0.109375 0.060937
3 0.414844 0.275000 0.109375 0.060937
3 0.503125 0.379688 0.109375 0.060937
3 0.511719 0.334375 0.109375 0.060937
3 0.517969 0.286719 0.109375 0.060937
3 0.522656 0.241406 0.109375 0.060937
3 0.528906 0.194531 0.109375 0.060937
3 0.534375 0.150000 0.109375 0.060937
3 0.540625 0.103906 0.109375 0.060937
3 0.546875 0.058594 0.109375 0.060937
3 0.357031 0.735156 0.109375 0.060937
3 0.362500 0.686719 0.109375 0.060937
3 0.466406 0.700000 0.109375 0.060937
3 0.474219 0.608594 0.109375 0.060937
3 0.480469 0.562500 0.109375 0.060937
3 0.486719 0.517188 0.109375 0.060937
3 0.494531 0.471094 0.109375 0.060937
3 0.745313 0.128906 0.109375 0.060937
3 0.434375 0.932031 0.109375 0.060937
3 0.333594 0.917188 0.109375 0.060937
3 0.442969 0.885156 0.109375 0.060937
3 0.338281 0.871875 0.109375 0.060937
3 0.446094 0.838281 0.109375 0.060937
3 0.347656 0.823438 0.109375 0.060937
3 0.453125 0.792188 0.109375 0.060937
3 0.353125 0.777344 0.109375 0.060937
3 0.457813 0.750000 0.109375 0.060937
3 0.733594 0.221875 0.109375 0.060937
3 0.841406 0.190625 0.109375 0.060937
3 0.739844 0.175781 0.109375 0.060937
3 0.847656 0.142187 0.109375 0.060937
3 0.854688 0.097656 0.109375 0.060937
3 0.751563 0.085156 0.109375 0.060937
3 0.692969 0.543750 0.109375 0.060937
3 0.700000 0.496094 0.109375 0.060937
3 0.803125 0.510938 0.109375 0.060937
3 0.811719 0.418750 0.109375 0.060937
3 0.712500 0.406250 0.109375 0.060937
3 0.818750 0.372656 0.109375 0.060937
3 0.717969 0.360156 0.109375 0.060937
3 0.825000 0.328906 0.109375 0.060937
3 0.721094 0.312500 0.109375 0.060937
3 0.828906 0.281250 0.109375 0.060937
3 0.726562 0.267188 0.109375 0.060937
3 0.834375 0.234375 0.109375 0.060937
3 0.657813 0.819531 0.109375 0.060937
3 0.765625 0.784375 0.109375 0.060937
3 0.664062 0.775000 0.109375 0.060937
3 0.770312 0.740625 0.109375 0.060937
3 0.670312 0.726562 0.109375 0.060937
3 0.778125 0.694531 0.109375 0.060937
3 0.675000 0.679688 0.109375 0.060937
3 0.784375 0.648438 0.109375 0.060937
3 0.682031 0.635156 0.109375 0.060937
3 0.792188 0.602344 0.109375 0.060937
3 0.686719 0.589844 0.109375 0.060937
3 0.796094 0.556250 0.109375 0.060937
3 0.742969 0.969531 0.109375 0.060937
3 0.640625 0.956250 0.109375 0.060937
3 0.748437 0.925000 0.109375 0.060937
3 0.645312 0.912500 0.109375 0.060937
3 0.754687 0.878125 0.109375 0.060937
3 0.651563 0.864062 0.109375 0.060937
3 0.757812 0.830469 0.109375 0.060937
3 0.172656 0.570312 0.085938 0.054688
3 0.168750 0.614062 0.085938 0.051562
3 0.163281 0.658594 0.085938 0.051562
3 0.245312 0.023438 0.087500 0.046875
3 0.201563 0.340625 0.087500 0.057813
3 0.195312 0.385937 0.087500 0.057813
3 0.189844 0.432812 0.087500 0.057813
3 0.187500 0.478125 0.087500 0.057813
3 0.180469 0.525000 0.087500 0.057813
3 0.238281 0.064844 0.087500 0.057813
3 0.231250 0.110156 0.087500 0.057813
3 0.225781 0.155469 0.087500 0.057813
3 0.220312 0.201563 0.087500 0.057813
3 0.214844 0.247656 0.087500 0.057813
3 0.207813 0.293750 0.087500 0.057813
3 0.448437 0.014844 0.106250 0.029687
3 0.550000 0.020313 0.103125 0.040625
2 0.414844 0.646875 0.164062 0.065625
3 0.755469 0.045312 0.104688 0.042188
3 0.859375 0.059375 0.107813 0.040625
3 0.994531 0.256250 0.010937 0.046875
3 0.991406 0.301563 0.017188 0.053125
3 0.987500 0.350781 0.025000 0.051562
3 0.985156 0.395313 0.029687 0.046875
3 0.970313 0.578906 0.051562 0.046875
3 0.937500 0.809375 0.053125 0.051562
3 0.975000 0.532813 0.050000 0.046875
3 0.944531 0.762500 0.053125 0.053125
3 0.950781 0.715625 0.053125 0.053125
3 0.957031 0.670312 0.053125 0.051562
3 0.964063 0.624219 0.053125 0.050000
3 0.923438 0.913281 0.056250 0.075000
3 0.931250 0.854688 0.053125 0.051562
3 0.914844 0.971875 0.054688 0.056250
0 0.102344 0.233594 0.115625 0.053125
0 0.090625 0.328906 0.085938 0.048438
0 0.070312 0.466406 0.096875 0.053125
0 0.078906 0.510938 0.095312 0.050000
0 0.066406 0.557813 0.100000 0.048438
0 0.053125 0.603125 0.089063 0.046875
0 0.056250 0.649219 0.078125 0.042188
0 0.054688 0.696094 0.096875 0.046875
0 0.046875 0.738281 0.090625 0.050000
0 0.041406 0.784375 0.082812 0.050000
0 0.039062 0.879687 0.078125 0.053125
0 0.234375 0.110937 0.087500 0.048438
0 0.224219 0.154688 0.085938 0.048438
0 0.207031 0.294531 0.118750 0.059375
0 0.187500 0.432812 0.087500 0.048438
0 0.186719 0.479687 0.089063 0.051562
0 0.176563 0.525781 0.089063 0.045312
0 0.171875 0.570312 0.092188 0.050000
0 0.152344 0.710938 0.089063 0.045312
0 0.138281 0.753906 0.081250 0.042188
0 0.139063 0.799219 0.087500 0.048438
0 0.130469 0.844531 0.092188 0.050000
0 0.446875 0.010156 0.093750 0.020313
0 0.435937 0.231250 0.081250 0.040625
0 0.421094 0.277344 0.084375 0.034375
0 0.409375 0.323437 0.090625 0.039062
0 0.407813 0.370312 0.085938 0.045312
0 0.394531 0.453906 0.089063 0.050000
0 0.385156 0.550781 0.084375 0.042188
0 0.357812 0.732812 0.085938 0.042188
0 0.359375 0.778906 0.085938 0.045312
0 0.354687 0.827344 0.084375 0.040625
0 0.342187 0.871094 0.093750 0.045312
0 0.334375 0.923438 0.090625 0.042188
0 0.534375 0.151562 0.089063 0.042188
0 0.530469 0.196094 0.093750 0.053125
0 0.501563 0.331250 0.085938 0.046875
0 0.500000 0.378125 0.084375 0.039062
0 0.483594 0.519531 0.092188 0.053125
0 0.475781 0.564063 0.089063 0.046875
0 0.475000 0.607812 0.090625 0.048438
0 0.457813 0.698438 0.089063 0.045312
0 0.446094 0.746875 0.068750 0.040625
0 0.450781 0.792969 0.092188 0.050000
0 0.446875 0.841406 0.095312 0.048438
0 0.435937 0.886719 0.089063 0.045312
0 0.428906 0.934375 0.089063 0.042188
0 0.751563 0.084375 0.100000 0.053125
0 0.732812 0.271094 0.078125 0.042188
0 0.722656 0.315625 0.101562 0.050000
0 0.718750 0.361719 0.079687 0.042188
0 0.848437 0.093750 0.085938 0.046875
0 0.839844 0.189844 0.084375 0.048438
0 0.821094 0.281250 0.089063 0.048438
0 0.818750 0.328906 0.089063 0.046875
0 0.806250 0.419531 0.093750 0.051562
0 0.714063 0.404687 0.096875 0.045312
0 0.794531 0.508594 0.089063 0.054688
0 0.700781 0.496094 0.100000 0.050000
0 0.693750 0.541406 0.096875 0.050000
0 0.791406 0.556250 0.095312 0.048438
0 0.690625 0.587500 0.092188 0.046875
0 0.786719 0.599219 0.089063 0.051562
0 0.679688 0.636719 0.101562 0.050000
0 0.782031 0.645312 0.085938 0.048438
0 0.685156 0.683594 0.085938 0.051562
0 0.769531 0.691406 0.089063 0.050000
0 0.673438 0.728125 0.093750 0.046875
0 0.765625 0.739844 0.081250 0.050000
0 0.671094 0.775000 0.085938 0.045312
0 0.756250 0.785937 0.085938 0.048438
0 0.662500 0.816406 0.095312 0.051562
0 0.753125 0.830469 0.089063 0.050000
0 0.651563 0.865625 0.101562 0.053125
0 0.745313 0.878125 0.093750 0.051562
0 0.649219 0.917188 0.098437 0.050000
0 0.638281 0.954688 0.098437 0.050000
0 0.747656 0.922656 0.092188 0.050000
0 0.738281 0.969531 0.089063 0.050000
0 0.994531 0.256250 0.010937 0.050000
0 0.992969 0.349219 0.014063 0.042188
0 0.986719 0.397656 0.026562 0.039062
0 0.975781 0.534375 0.048438 0.043750
0 0.973437 0.578125 0.045312 0.040625
0 0.957031 0.667969 0.051562 0.045312
0 0.953125 0.714844 0.048438 0.048438
0 0.948438 0.762500 0.045312 0.046875
0 0.930469 0.859375 0.051562 0.048438
0 0.922656 0.915625 0.051562 0.048438
0 0.917188 0.978125 0.043750 0.043750
2 0.978125 0.464844 0.043750 0.098437
2 0.756250 0.458594 0.204687 0.068750
2 0.446094 0.420312 0.209375 0.068750
