1 0.478789 0.499593 0.957577 0.999186
2 0.360156 0.128125 0.720313 0.021094
3 0.020313 0.069531 0.039844 0.090625
3 0.066406 0.067969 0.046875 0.086719
3 0.110156 0.067187 0.046875 0.086719
3 0.339062 0.070312 0.046875 0.086719
3 0.292969 0.069531 0.046875 0.086719
3 0.154688 0.066406 0.046875 0.086719
3 0.200781 0.067969 0.046875 0.086719
3 0.246875 0.069531 0.046875 0.086719
3 0.613281 0.075000 0.046875 0.086719
3 0.567969 0.071875 0.046875 0.086719
3 0.521875 0.071875 0.046875 0.086719
3 0.475000 0.071094 0.046875 0.086719
3 0.429688 0.069531 0.046875 0.086719
3 0.385937 0.070312 0.046875 0.086719
3 0.750781 0.082031 0.049219 0.102344
3 0.704688 0.073438 0.046875 0.086719
3 0.658594 0.074219 0.046875 0.086719
3 0.796875 0.082812 0.046094 0.101562
3 0.841406 0.083594 0.046094 0.101562
3 0.885156 0.185156 0.046094 0.101562
3 0.933594 0.186719 0.046094 0.101562
3 0.887500 0.084375 0.046094 0.101562
3 0.933594 0.085938 0.046094 0.101562
3 0.153125 0.378906 0.046094 0.101562
3 0.107031 0.378125 0.046094 0.101562
3 0.749219 0.184375 0.046094 0.101562
3 0.795312 0.185156 0.046094 0.101562
3 0.245312 0.380469 0.046094 0.101562
3 0.198437 0.379688 0.046094 0.101562
3 0.060937 0.378125 0.046094 0.101562
3 0.842969 0.185156 0.046094 0.101562
3 0.607812 0.386719 0.046094 0.101562
3 0.563281 0.386719 0.046094 0.101562
3 0.517969 0.385937 0.046094 0.101562
3 0.472656 0.385937 0.046094 0.101562
3 0.382031 0.382812 0.046094 0.101562
3 0.336719 0.383594 0.046094 0.101562
3 0.290625 0.382031 0.046094 0.101562
3 0.381250 0.482812 0.046094 0.101562
3 0.335156 0.484375 0.046094 0.101562
3 0.287500 0.484375 0.046094 0.101562
3 0.242969 0.482812 0.046094 0.101562
3 0.196875 0.482031 0.046094 0.101562
3 0.151562 0.481250 0.046094 0.101562
3 0.105469 0.481250 0.046094 0.101562
3 0.060156 0.481250 0.046094 0.101562
3 0.748437 0.388281 0.046094 0.101562
3 0.700781 0.387500 0.046094 0.101562
3 0.699219 0.490625 0.046094 0.101562
3 0.609375 0.485938 0.046094 0.101562
3 0.563281 0.485156 0.046094 0.101562
3 0.517969 0.485156 0.046094 0.101562
3 0.471875 0.485938 0.046094 0.101562
3 0.102344 0.685156 0.046094 0.101562
3 0.931250 0.491406 0.046094 0.101562
3 0.931250 0.389844 0.046094 0.101562
3 0.884375 0.492969 0.046094 0.101562
3 0.885156 0.388281 0.046094 0.101562
3 0.837500 0.489844 0.046094 0.101562
3 0.836719 0.390625 0.046094 0.101562
3 0.792188 0.490625 0.046094 0.101562
3 0.791406 0.389844 0.046094 0.101562
3 0.749219 0.489063 0.046094 0.101562
3 0.194531 0.686719 0.046094 0.101562
3 0.149219 0.788281 0.046094 0.101562
3 0.149219 0.685937 0.046094 0.101562
3 0.101562 0.786719 0.046094 0.101562
3 0.057031 0.787500 0.046094 0.101562
3 0.058594 0.685156 0.046094 0.101562
3 0.514844 0.690625 0.046094 0.101562
3 0.467187 0.691406 0.046094 0.101562
3 0.468750 0.793750 0.046094 0.101562
3 0.375781 0.789844 0.046094 0.101562
3 0.377344 0.691406 0.046094 0.101562
3 0.330469 0.790625 0.046094 0.101562
3 0.332813 0.689844 0.046094 0.101562
3 0.286719 0.790625 0.046094 0.101562
3 0.285156 0.686719 0.046094 0.101562
3 0.239844 0.787500 0.046094 0.101562
3 0.239844 0.685937 0.046094 0.101562
3 0.193750 0.786719 0.046094 0.101562
3 0.790625 0.694531 0.046094 0.101562
3 0.741406 0.795312 0.046094 0.101562
3 0.745313 0.694531 0.046094 0.101562
3 0.697656 0.794531 0.046094 0.101562
3 0.697656 0.693750 0.046094 0.101562
3 0.650781 0.794531 0.046094 0.101562
3 0.650781 0.692187 0.046094 0.101562
3 0.605469 0.794531 0.046094 0.101562
3 0.606250 0.692187 0.046094 0.101562
3 0.559375 0.796094 0.046094 0.101562
3 0.561719 0.691406 0.046094 0.101562
3 0.514062 0.792969 0.046094 0.101562
3 0.925000 0.798438 0.046094 0.101562
3 0.925781 0.695312 0.046094 0.101562
3 0.881250 0.798438 0.046094 0.101562
3 0.882812 0.695312 0.046094 0.101562
3 0.834375 0.797656 0.046094 0.101562
3 0.834375 0.694531 0.046094 0.101562
3 0.787500 0.794531 0.046094 0.101562
3 0.021875 0.178906 0.039844 0.081250
3 0.612500 0.185156 0.042969 0.081250
3 0.657031 0.187500 0.039844 0.081250
3 0.700781 0.187500 0.039844 0.081250
3 0.063281 0.179688 0.046875 0.080469
3 0.384375 0.181250 0.046875 0.080469
3 0.429688 0.182031 0.046875 0.080469
3 0.475781 0.183594 0.046875 0.080469
3 0.521094 0.186719 0.046875 0.080469
3 0.567969 0.185938 0.046875 0.080469
3 0.109375 0.180469 0.046875 0.080469
3 0.154688 0.179688 0.046875 0.080469
3 0.200000 0.179688 0.046875 0.080469
3 0.246094 0.181250 0.046875 0.080469
3 0.291406 0.182031 0.046875 0.080469
3 0.337500 0.181250 0.046875 0.080469
3 0.021094 0.378125 0.036719 0.102344
3 0.019531 0.479687 0.033594 0.097656
2 0.654687 0.432812 0.044531 0.157031
3 0.017188 0.684375 0.033594 0.100781
3 0.016406 0.787500 0.030469 0.103906
3 0.101562 0.971875 0.040625 0.054688
3 0.145313 0.972656 0.040625 0.054688
3 0.189844 0.972656 0.040625 0.054688
3 0.236719 0.972656 0.045312 0.054688
3 0.285156 0.972656 0.044531 0.054688
3 0.329688 0.972656 0.040625 0.054688
3 0.512500 0.972656 0.040625 0.054688
3 0.060937 0.972656 0.039844 0.054688
3 0.741406 0.972656 0.044531 0.054688
3 0.467187 0.972656 0.040625 0.054688
3 0.021875 0.971875 0.040625 0.054688
3 0.695312 0.972656 0.046094 0.054688
3 0.648438 0.972656 0.046875 0.054688
3 0.603125 0.972656 0.043750 0.054688
3 0.557031 0.972656 0.042188 0.054688
3 0.845313 0.971875 0.067969 0.054688
3 0.788281 0.972656 0.045312 0.054688
3 0.912500 0.972656 0.065625 0.053906
0 0.292969 0.069531 0.037500 0.109375
0 0.388281 0.071875 0.037500 0.081250
0 0.525000 0.070312 0.039062 0.090625
0 0.567969 0.085156 0.037500 0.089063
0 0.615625 0.079687 0.035937 0.094531
0 0.660937 0.072656 0.035937 0.083594
0 0.706250 0.082031 0.032813 0.074219
0 0.752344 0.087500 0.035156 0.092969
0 0.795312 0.084375 0.037500 0.085156
0 0.841406 0.081250 0.038281 0.086719
0 0.935937 0.087500 0.039062 0.092188
0 0.154688 0.182812 0.036719 0.082031
0 0.198437 0.178906 0.035937 0.080469
0 0.339062 0.181250 0.042188 0.112500
0 0.476562 0.180469 0.036719 0.082031
0 0.521875 0.186719 0.039844 0.082812
0 0.568750 0.183594 0.032813 0.084375
0 0.613281 0.184375 0.037500 0.086719
0 0.753125 0.185156 0.033594 0.084375
0 0.796875 0.177344 0.031250 0.077344
0 0.842187 0.183594 0.037500 0.082031
0 0.888281 0.181250 0.038281 0.086719
0 0.019531 0.375781 0.025781 0.090625
0 0.245312 0.396094 0.029687 0.078125
0 0.292187 0.387500 0.022656 0.080469
0 0.339062 0.383594 0.026562 0.085938
0 0.385156 0.388281 0.034375 0.081250
0 0.468750 0.385937 0.039062 0.082812
0 0.564844 0.389844 0.029687 0.078906
0 0.746875 0.388281 0.030469 0.082031
0 0.792188 0.396875 0.034375 0.080469
0 0.839844 0.398438 0.028906 0.079687
0 0.883594 0.392188 0.032813 0.089063
0 0.935937 0.391406 0.028906 0.085938
0 0.153125 0.481250 0.032031 0.085156
0 0.197656 0.483594 0.039062 0.087500
0 0.333594 0.474219 0.035156 0.078906
0 0.380469 0.478906 0.027344 0.081250
0 0.521094 0.482812 0.040625 0.085938
0 0.564844 0.481250 0.035156 0.083594
0 0.607812 0.486719 0.038281 0.085156
0 0.699219 0.482031 0.033594 0.082812
0 0.747656 0.477344 0.029687 0.064062
0 0.792188 0.488281 0.037500 0.085938
0 0.840625 0.490625 0.035937 0.088281
0 0.887500 0.486719 0.034375 0.082812
0 0.933594 0.485938 0.029687 0.084375
0 0.057813 0.685156 0.039844 0.094531
0 0.242969 0.691406 0.032813 0.075000
0 0.288281 0.688281 0.038281 0.096094
0 0.333594 0.691406 0.032031 0.075781
0 0.053906 0.781250 0.035156 0.080469
0 0.148438 0.785156 0.036719 0.078906
0 0.241406 0.779687 0.036719 0.082812
0 0.287500 0.784375 0.035156 0.082812
0 0.377344 0.784375 0.038281 0.088281
0 0.376563 0.692187 0.032813 0.092969
0 0.467187 0.785937 0.044531 0.083594
0 0.467969 0.692187 0.037500 0.094531
0 0.513281 0.691406 0.038281 0.090625
0 0.513281 0.788281 0.035937 0.089063
0 0.558594 0.694531 0.033594 0.085938
0 0.557031 0.789844 0.039062 0.084375
0 0.607812 0.690625 0.036719 0.095312
0 0.602344 0.791406 0.037500 0.081250
0 0.653125 0.701562 0.039844 0.079687
0 0.650000 0.786719 0.038281 0.082812
0 0.698438 0.696094 0.033594 0.088281
0 0.697656 0.788281 0.038281 0.075781
0 0.744531 0.701562 0.035156 0.081250
0 0.743750 0.785937 0.036719 0.081250
0 0.786719 0.698438 0.037500 0.089063
0 0.788281 0.789062 0.038281 0.082812
0 0.835938 0.693750 0.039062 0.096875
0 0.835938 0.788281 0.038281 0.088281
0 0.887500 0.699219 0.036719 0.091406
0 0.925000 0.693750 0.036719 0.091406
0 0.879687 0.796094 0.036719 0.085938
0 0.926562 0.794531 0.038281 0.084375
0 0.100781 0.973437 0.035937 0.050000
0 0.145313 0.975000 0.037500 0.049219
0 0.189844 0.971875 0.042188 0.056250
0 0.242188 0.981250 0.035156 0.037500
0 0.281250 0.976562 0.037500 0.046875
0 0.331250 0.974219 0.032813 0.050781
0 0.468750 0.972656 0.037500 0.053906
0 0.510938 0.975000 0.037500 0.050000
0 0.600781 0.971094 0.039062 0.057813
0 0.647656 0.974219 0.042969 0.051562
0 0.694531 0.975781 0.042188 0.046875
0 0.791406 0.971875 0.042188 0.056250
0 0.848437 0.972656 0.041406 0.054688
0 0.914062 0.976562 0.046875 0.045312
2 0.398438 0.971875 0.090625 0.056250
2 0.423438 0.740625 0.040625 0.199219
2 0.428906 0.432812 0.039844 0.203125
