0 0.646094 0.797656 0.033594 0.083594
0 0.646094 0.892188 0.028906 0.082031
0 0.603125 0.603906 0.029687 0.081250
0 0.510156 0.802344 0.032031 0.079687
0 0.555469 0.796094 0.031250 0.084375
0 0.801562 0.402344 0.076563 0.041406
0 0.605469 0.193750 0.032031 0.087500
0 0.466406 0.486719 0.032813 0.089844
0 0.739844 0.903125 0.035937 0.078906
0 0.697656 0.589844 0.031250 0.074219
0 0.742969 0.200781 0.028125 0.075000
0 0.742969 0.289062 0.032813 0.076563
0 0.518750 0.183594 0.032031 0.091406
0 0.737500 0.812500 0.031250 0.083594
0 0.915625 0.502344 0.035156 0.083594
0 0.846875 0.492969 0.033594 0.081250
0 0.600000 0.297656 0.032031 0.076563
0 0.327344 0.791406 0.029687 0.089063
0 0.521875 0.011719 0.030469 0.023438
0 0.740625 0.595313 0.028906 0.073438
0 0.098437 0.888281 0.025781 0.078906
0 0.559375 0.198437 0.026562 0.075000
0 0.554688 0.600000 0.027344 0.079687
0 0.191406 0.492188 0.034375 0.084375
0 0.686719 0.810156 0.030469 0.078125
0 0.564844 0.011719 0.028125 0.023438
0 0.332813 0.495312 0.030469 0.082031
0 0.335156 0.196094 0.030469 0.068750
0 0.192969 0.796875 0.028906 0.082812
0 0.515625 0.285938 0.030469 0.085938
0 0.700781 0.199219 0.029687 0.085156
0 0.839063 0.196094 0.035156 0.090625
0 0.786719 0.288281 0.033594 0.075000
0 0.600000 0.796094 0.035156 0.086719
0 0.598437 0.896875 0.037500 0.079687
0 0.697656 0.286719 0.036719 0.073438
0 0.280469 0.796094 0.035156 0.084375
0 0.696094 0.498437 0.039844 0.088281
0 0.234375 0.887500 0.039062 0.089063
0 0.688281 0.891406 0.034375 0.077344
0 0.284375 0.494531 0.037500 0.076563
0 0.095312 0.586719 0.040625 0.085156
0 0.324219 0.891406 0.038281 0.086719
0 0.327344 0.589063 0.036719 0.091406
0 0.557813 0.288281 0.035156 0.082031
0 0.189062 0.589063 0.038281 0.082031
0 0.696875 0.011719 0.032813 0.023438
0 0.239063 0.589063 0.036719 0.082031
0 0.232813 0.789844 0.038281 0.101562
0 0.464844 0.801562 0.033594 0.085156
0 0.507031 0.892969 0.034375 0.083594
0 0.834375 0.286719 0.036719 0.079687
0 0.142187 0.798438 0.039062 0.085938
0 0.507812 0.585156 0.032813 0.078125
0 0.606250 0.013281 0.030469 0.026562
0 0.912500 0.810937 0.036719 0.085938
0 0.279687 0.599219 0.037500 0.075000
0 0.788281 0.594531 0.034375 0.079687
0 0.928125 0.291406 0.036719 0.077344
0 0.143750 0.589063 0.038281 0.082812
0 0.599219 0.490625 0.039844 0.092188
0 0.146094 0.493750 0.036719 0.082031
0 0.846094 0.595313 0.033594 0.070312
0 0.376563 0.192969 0.032031 0.085938
0 0.244531 0.499219 0.035156 0.069531
0 0.788281 0.196094 0.041406 0.088281
0 0.050000 0.584375 0.034375 0.080469
0 0.460156 0.894531 0.037500 0.077344
0 0.100781 0.491406 0.037500 0.082812
0 0.374219 0.284375 0.035156 0.085156
0 0.927344 0.194531 0.035937 0.089063
0 0.846875 0.807813 0.037500 0.086719
0 0.907031 0.602344 0.037500 0.081250
0 0.378125 0.588281 0.042188 0.085938
0 0.793750 0.015625 0.035156 0.030469
0 0.467187 0.285156 0.035156 0.080469
0 0.242969 0.191406 0.030469 0.079687
0 0.055469 0.279687 0.035937 0.080469
0 0.289844 0.180469 0.040625 0.089844
0 0.792969 0.485938 0.046094 0.082812
0 0.652344 0.283594 0.036719 0.075000
0 0.653906 0.200781 0.034375 0.073438
0 0.056250 0.183594 0.039062 0.091406
0 0.335156 0.008594 0.028125 0.016406
0 0.887500 0.014844 0.033594 0.029687
0 0.377344 0.009375 0.025781 0.018750
0 0.888281 0.198437 0.034375 0.085938
0 0.932813 0.013281 0.032813 0.026562
0 0.839844 0.017969 0.037500 0.035937
0 0.509375 0.492188 0.033594 0.079687
0 0.367188 0.895312 0.025781 0.082812
0 0.200000 0.014063 0.032031 0.027344
0 0.286719 0.282813 0.032031 0.077344
0 0.152344 0.012500 0.032031 0.023438
0 0.241406 0.277344 0.041406 0.081250
0 0.012500 0.785937 0.024219 0.082031
0 0.010937 0.584375 0.021875 0.080469
0 0.878906 0.295312 0.038281 0.082031
0 0.372656 0.801562 0.029687 0.085938
0 0.148438 0.285156 0.035156 0.075000
0 0.914062 0.911719 0.036719 0.079687
0 0.043750 0.899219 0.022656 0.067969
0 0.378125 0.526563 0.028906 0.027344
0 0.211719 0.256250 0.021875 0.044531
0 0.460938 0.577344 0.030469 0.075000
1 0.494707 0.491125 0.989414 0.982251
