3 0.932813 0.739844 0.098437 0.048438
3 0.834375 0.689844 0.098437 0.048438
3 0.832812 0.785156 0.098437 0.048438
3 0.834375 0.738281 0.098437 0.048438
3 0.932813 0.788281 0.098437 0.048438
3 0.932813 0.643750 0.098437 0.048438
3 0.832031 0.638281 0.098437 0.054688
3 0.613281 0.785156 0.098437 0.048438
3 0.833594 0.592969 0.098437 0.048438
3 0.932813 0.690625 0.098437 0.048438
3 0.512500 0.832031 0.098437 0.048438
3 0.612500 0.593750 0.098437 0.048438
3 0.612500 0.642188 0.098437 0.048438
3 0.612500 0.688281 0.098437 0.048438
3 0.612500 0.736719 0.098437 0.048438
3 0.612500 0.834375 0.098437 0.048438
3 0.514844 0.592187 0.098437 0.048438
3 0.513281 0.639062 0.098437 0.048438
3 0.514062 0.686719 0.098437 0.048438
3 0.514062 0.735156 0.098437 0.048438
3 0.514062 0.784375 0.098437 0.048438
3 0.512500 0.976562 0.096875 0.046875
3 0.611719 0.976562 0.098437 0.046875
3 0.610938 0.931250 0.098437 0.048438
3 0.512500 0.927344 0.098437 0.048438
3 0.292187 0.780469 0.098437 0.048438
3 0.290625 0.828906 0.098437 0.048438
3 0.289062 0.878906 0.098437 0.048438
3 0.290625 0.927344 0.098437 0.048438
3 0.292187 0.590625 0.098437 0.048438
3 0.291406 0.638281 0.098437 0.048438
3 0.293750 0.686719 0.098437 0.048438
3 0.292187 0.732812 0.098437 0.048438
3 0.192969 0.780469 0.098437 0.048438
3 0.192188 0.734375 0.098437 0.048438
3 0.192188 0.686719 0.098437 0.048438
3 0.192188 0.636719 0.098437 0.048438
3 0.192969 0.588281 0.098437 0.048438
3 0.290625 0.973437 0.096875 0.046875
3 0.189062 0.972656 0.096875 0.045312
3 0.188281 0.926562 0.098437 0.048438
3 0.189062 0.878906 0.098437 0.048438
3 0.191406 0.829688 0.098437 0.048438
3 0.825000 0.882031 0.092188 0.048438
3 0.824219 0.834375 0.092188 0.048438
3 0.824219 0.929688 0.092188 0.048438
3 0.821094 0.976562 0.092188 0.046875
3 0.937500 0.835156 0.092188 0.048438
3 0.939844 0.883594 0.092188 0.048438
3 0.942187 0.930469 0.092188 0.048438
3 0.939844 0.977344 0.092188 0.045312
3 0.933594 0.593750 0.098437 0.051562
3 0.010937 0.600000 0.021875 0.071875
3 0.009375 0.671875 0.018750 0.068750
3 0.010156 0.734375 0.020313 0.050000
3 0.010156 0.766406 0.020313 0.051562
3 0.009375 0.829688 0.018750 0.050000
3 0.007031 0.969531 0.014063 0.042188
3 0.007812 0.925000 0.015625 0.040625
1 0.499441 0.784170 0.998882 0.431659
2 0.009375 0.878125 0.018750 0.053125
2 0.563281 0.879687 0.189062 0.046875
2 0.881250 0.904687 0.021875 0.190625
0 0.933594 0.979688 0.093750 0.037500
0 0.939844 0.930469 0.093750 0.039062
0 0.946094 0.882812 0.090625 0.039062
0 0.938281 0.833594 0.084375 0.034375
0 0.934375 0.785156 0.098437 0.035937
0 0.934375 0.736719 0.090625 0.037500
0 0.942187 0.690625 0.090625 0.028125
0 0.938281 0.589844 0.098437 0.037500
0 0.835156 0.642969 0.087500 0.042188
0 0.835156 0.692187 0.090625 0.043750
0 0.839063 0.736719 0.087500 0.037500
0 0.830469 0.782813 0.090625 0.040625
0 0.822656 0.931250 0.090625 0.039062
0 0.826562 0.975781 0.087500 0.043750
0 0.612500 0.978125 0.096875 0.042188
0 0.512500 0.975781 0.090625 0.040625
0 0.510156 0.931250 0.087500 0.042188
0 0.517188 0.836719 0.093750 0.040625
0 0.614844 0.785156 0.090625 0.039062
0 0.525000 0.783594 0.075000 0.037500
0 0.607031 0.738281 0.084375 0.040625
0 0.514844 0.732812 0.100000 0.042188
0 0.604688 0.686719 0.090625 0.039062
0 0.510156 0.686719 0.098437 0.046875
0 0.614062 0.640625 0.093750 0.043750
0 0.616406 0.588281 0.093750 0.040625
0 0.515625 0.636719 0.090625 0.042188
0 0.515625 0.585156 0.093750 0.039062
0 0.288281 0.978125 0.090625 0.035937
0 0.294531 0.927344 0.096875 0.035937
0 0.287500 0.875781 0.081250 0.031250
0 0.292969 0.828125 0.090625 0.040625
0 0.286719 0.782031 0.082812 0.037500
0 0.290625 0.734375 0.090625 0.037500
0 0.297656 0.687500 0.095312 0.042188
0 0.294531 0.632812 0.090625 0.039062
0 0.292969 0.589063 0.096875 0.034375
0 0.196094 0.585938 0.085938 0.042188
0 0.192969 0.637500 0.090625 0.037500
0 0.200781 0.682813 0.090625 0.042188
0 0.196094 0.733594 0.085938 0.035937
0 0.196094 0.780469 0.087500 0.040625
0 0.196094 0.828125 0.078125 0.035937
0 0.192969 0.878125 0.084375 0.037500
0 0.189844 0.929688 0.087500 0.035937
0 0.193750 0.975781 0.090625 0.039062
0 0.013281 0.928125 0.026562 0.034375
0 0.010156 0.827344 0.020313 0.029687
0 0.017188 0.728906 0.034375 0.035937
0 0.015625 0.670312 0.031250 0.037500
0 0.012500 0.597656 0.025000 0.039062
