0 0.822656 0.587500 0.093750 0.054688
0 0.918750 0.563281 0.090625 0.051562
0 0.615625 0.592187 0.089063 0.050000
0 0.793750 0.446875 0.090625 0.053125
0 0.799219 0.494531 0.092188 0.053125
0 0.460938 0.845313 0.062500 0.089063
0 0.197656 0.699219 0.098437 0.056250
0 0.460938 0.482031 0.100000 0.056250
0 0.954688 0.655469 0.089063 0.057813
0 0.625000 0.692187 0.084375 0.050000
0 0.239844 0.836719 0.082812 0.048438
0 0.330469 0.814063 0.085938 0.053125
0 0.165625 0.613281 0.101562 0.056250
0 0.861719 0.677344 0.092188 0.053125
0 0.591406 0.935937 0.093750 0.057813
0 0.564063 0.868750 0.090625 0.053125
0 0.302344 0.667188 0.087500 0.053125
0 0.736719 0.264062 0.098437 0.053125
0 0.641406 0.735156 0.082812 0.050000
0 0.776563 0.014844 0.087500 0.029687
0 0.191406 0.650781 0.082812 0.046875
0 0.599219 0.544531 0.089063 0.048438
0 0.396875 0.201563 0.093750 0.056250
0 0.846875 0.624219 0.085938 0.050000
0 0.436719 0.345313 0.090625 0.051562
0 0.132031 0.422656 0.076563 0.048438
0 0.707812 0.125000 0.092188 0.050000
0 0.268750 0.584375 0.095312 0.051562
0 0.228125 0.794531 0.095312 0.051562
0 0.260156 0.936719 0.101562 0.059375
0 0.340625 0.860156 0.084375 0.051562
0 0.810156 0.541406 0.096875 0.057813
0 0.912500 0.514062 0.090625 0.057813
0 0.316406 0.769531 0.084375 0.054688
0 0.729688 0.215625 0.093750 0.057813
0 0.531250 0.713281 0.100000 0.062500
0 0.810937 0.145313 0.101562 0.062500
0 0.929688 0.606250 0.087500 0.056250
0 0.423438 0.295312 0.089063 0.059375
0 0.468750 0.079687 0.096875 0.064062
0 0.836719 0.235937 0.098437 0.060937
0 0.530469 0.315625 0.103125 0.059375
0 0.282031 0.626563 0.092188 0.057813
0 0.494531 0.175000 0.093750 0.060937
0 0.507812 0.225000 0.092188 0.057813
0 0.710156 0.167969 0.112500 0.065625
0 0.781250 0.401562 0.095312 0.054688
0 0.884375 0.421094 0.093750 0.056250
0 0.351562 0.908594 0.090625 0.056250
0 0.696094 0.073438 0.098437 0.060937
0 0.571875 0.500781 0.087500 0.053125
0 0.904687 0.854688 0.096875 0.059375
0 0.528906 0.264844 0.085938 0.056250
0 0.652344 0.782813 0.090625 0.054688
0 0.378906 0.986719 0.089063 0.026562
0 0.482812 0.128125 0.095312 0.060937
0 0.498437 0.617969 0.103125 0.062500
0 0.386719 0.154688 0.093750 0.059375
0 0.667969 0.842187 0.081250 0.051562
0 0.139844 0.465625 0.096875 0.054688
0 0.417969 0.253906 0.078125 0.053125
0 0.246094 0.884375 0.100000 0.064062
0 0.454688 0.033594 0.090625 0.054688
0 0.875000 0.373437 0.089063 0.057813
0 0.373437 0.109375 0.093750 0.059375
0 0.231250 0.440625 0.095312 0.057813
0 0.884375 0.789062 0.096875 0.059375
0 0.691406 0.901563 0.090625 0.057813
0 0.542188 0.367969 0.098437 0.064062
0 0.255469 0.534375 0.090625 0.056250
0 0.103906 0.330469 0.089063 0.050000
0 0.145313 0.117188 0.090625 0.056250
0 0.104688 0.381250 0.101562 0.064062
0 0.543750 0.816406 0.096875 0.068750
0 0.302344 0.724219 0.084375 0.054688
0 0.217188 0.746875 0.084375 0.053125
0 0.050000 0.142187 0.100000 0.062500
0 0.273438 0.978906 0.096875 0.042188
0 0.477344 0.525781 0.090625 0.053125
0 0.852344 0.278125 0.092188 0.048438
0 0.207813 0.351562 0.087500 0.053125
0 0.190625 0.307812 0.092188 0.062500
0 0.446875 0.007812 0.084375 0.015625
0 0.371094 0.951562 0.095312 0.060937
0 0.757812 0.307812 0.095312 0.051562
0 0.175781 0.210156 0.084375 0.054688
0 0.981250 0.830469 0.037500 0.057813
0 0.479687 0.382812 0.034375 0.035937
0 0.161719 0.282813 0.051562 0.034375
0 0.551562 0.454688 0.082812 0.050000
1 0.500000 0.500000 1.000000 1.000000
