0 0.353125 0.378906 0.092188 0.060937
0 0.089844 0.548438 0.051562 0.093750
0 0.089063 0.765625 0.056250 0.098437
0 0.065625 0.867188 0.048438 0.093750
0 0.376563 0.485938 0.053125 0.095312
0 0.190625 0.553906 0.050000 0.085938
0 0.449219 0.510938 0.056250 0.098437
0 0.020313 0.409375 0.040625 0.090625
0 0.169531 0.898438 0.046875 0.085938
0 0.008594 0.744531 0.017188 0.098437
0 0.332813 0.146875 0.046875 0.085938
0 0.433594 0.164062 0.057813 0.106250
0 0.190625 0.111719 0.056250 0.103125
0 0.240625 0.571875 0.046875 0.084375
0 0.137500 0.097656 0.046875 0.087500
0 0.092188 0.084375 0.048438 0.101562
0 0.312500 0.242188 0.053125 0.089063
0 0.489063 0.916406 0.053125 0.095312
0 0.360156 0.252344 0.053125 0.089063
0 0.133594 0.788281 0.057813 0.096875
0 0.042188 0.753125 0.056250 0.100000
0 0.285156 0.134375 0.056250 0.096875
0 0.187500 0.799219 0.057813 0.096875
0 0.410938 0.260937 0.057813 0.093750
0 0.212500 0.457031 0.062500 0.101562
0 0.160938 0.211719 0.057813 0.093750
0 0.112500 0.199219 0.054688 0.093750
0 0.263281 0.229687 0.056250 0.084375
0 0.352344 0.595313 0.053125 0.085938
0 0.070312 0.188281 0.048438 0.095312
0 0.289844 0.581250 0.054688 0.093750
0 0.009375 0.509375 0.018750 0.087500
0 0.582812 0.932813 0.051562 0.092188
0 0.373437 0.842187 0.059375 0.101562
0 0.116406 0.877344 0.056250 0.090625
0 0.037500 0.533594 0.057813 0.096875
0 0.510156 0.287500 0.057813 0.090625
0 0.112500 0.425781 0.064062 0.106250
0 0.415625 0.616406 0.059375 0.095312
0 0.214844 0.216406 0.056250 0.087500
0 0.531250 0.182812 0.060937 0.106250
0 0.381250 0.153125 0.065625 0.104688
0 0.023438 0.862500 0.046875 0.093750
0 0.305469 0.823438 0.057813 0.101562
0 0.319531 0.466406 0.064062 0.098437
0 0.236719 0.127344 0.054688 0.087500
0 0.612500 0.327344 0.067187 0.110937
0 0.488281 0.176563 0.056250 0.103125
0 0.457031 0.278906 0.057813 0.096875
0 0.353906 0.942969 0.054688 0.079687
1 0.386148 0.500000 0.772296 1.000000
