1 0.490055 0.287705 0.980109 0.575410
2 0.018750 0.216406 0.037500 0.067187
2 0.563281 0.085156 0.196875 0.085938
3 0.035156 0.358594 0.070312 0.067187
3 0.211719 0.215625 0.107813 0.067187
3 0.223438 0.263281 0.107813 0.067187
3 0.232813 0.309375 0.107813 0.067187
3 0.012500 0.169531 0.025000 0.067187
3 0.024219 0.263281 0.048438 0.067187
3 0.028906 0.311719 0.057813 0.067187
3 0.300781 0.145313 0.107813 0.067187
3 0.289844 0.096094 0.107813 0.067187
3 0.278125 0.055469 0.107813 0.057813
3 0.177344 0.076563 0.107813 0.057813
3 0.189844 0.117969 0.107813 0.067187
3 0.199219 0.164062 0.107813 0.067187
3 0.537500 0.191406 0.107813 0.067187
3 0.528125 0.146875 0.107813 0.067187
3 0.331250 0.288281 0.107813 0.067187
3 0.320312 0.242188 0.107813 0.067187
3 0.311719 0.190625 0.107813 0.067187
3 0.647656 0.217188 0.107813 0.067187
3 0.638281 0.170313 0.107813 0.067187
3 0.626563 0.122656 0.107813 0.067187
3 0.603906 0.028906 0.107813 0.057813
3 0.506250 0.048438 0.107813 0.067187
3 0.549219 0.240625 0.106250 0.064062
3 0.668750 0.313281 0.106250 0.064062
3 0.569531 0.333594 0.106250 0.064062
3 0.496094 0.016406 0.104688 0.032813
3 0.592969 0.005469 0.104688 0.010937
3 0.658594 0.262500 0.106250 0.064062
3 0.559375 0.285938 0.106250 0.064062
3 0.681250 0.361719 0.109375 0.070312
3 0.580469 0.381250 0.107813 0.071875
2 0.323437 0.485938 0.203125 0.075000
2 0.053125 0.542969 0.106250 0.057813
2 0.639062 0.412500 0.206250 0.076563
3 0.345313 0.346094 0.112500 0.089063
3 0.245312 0.370312 0.117188 0.089063
3 0.261719 0.440625 0.117188 0.093750
3 0.361719 0.420312 0.114062 0.093750
3 0.040625 0.418750 0.081250 0.087500
3 0.050000 0.489063 0.100000 0.093750
3 0.811719 0.007031 0.107813 0.014063
3 0.821094 0.031250 0.107813 0.062500
3 0.832031 0.075781 0.110937 0.070312
3 0.848437 0.123438 0.117188 0.071875
3 0.857812 0.169531 0.123438 0.073438
3 0.870313 0.229687 0.123438 0.092188
3 0.886719 0.298438 0.125000 0.095312
3 0.952344 0.282813 0.039062 0.076563
3 0.935937 0.214844 0.042188 0.073438
3 0.923438 0.155469 0.037500 0.054688
3 0.914062 0.110937 0.037500 0.051562
3 0.908594 0.058594 0.025000 0.051562
3 0.898438 0.016406 0.025000 0.032813
2 0.875781 0.042969 0.054688 0.085938
