0 0.076563 0.622656 0.090625 0.034375
0 0.637500 0.475781 0.093750 0.040625
0 0.400000 0.675781 0.090625 0.032813
0 0.293750 0.674219 0.093750 0.039062
0 0.750781 0.473438 0.095312 0.042188
0 0.399219 0.061719 0.093750 0.042188
0 0.752344 0.021094 0.090625 0.034375
0 0.302344 0.527344 0.087500 0.039062
0 0.634375 0.827344 0.093750 0.039062
0 0.058594 0.727344 0.082812 0.035937
0 0.635938 0.271875 0.093750 0.035937
0 0.408594 0.785156 0.084375 0.032813
0 0.961719 0.978125 0.059375 0.032813
0 0.634375 0.732031 0.096875 0.035937
0 0.962500 0.476562 0.075000 0.040625
0 0.296094 0.572656 0.093750 0.035937
0 0.958594 0.898438 0.068750 0.035937
0 0.064844 0.775781 0.081250 0.032813
0 0.639062 0.531250 0.090625 0.039062
0 0.637500 0.577344 0.092188 0.031250
0 0.302344 0.170313 0.092188 0.032813
0 0.962500 0.530469 0.073438 0.040625
0 0.294531 0.319531 0.098437 0.032813
0 0.946875 0.784375 0.096875 0.043750
0 0.959375 0.323437 0.081250 0.040625
0 0.750781 0.579688 0.100000 0.039062
0 0.305469 0.781250 0.090625 0.037500
0 0.639844 0.214844 0.078125 0.021875
0 0.742969 0.068750 0.084375 0.032813
0 0.308594 0.719531 0.087500 0.035937
0 0.400781 0.623437 0.087500 0.042188
0 0.741406 0.114844 0.081250 0.039062
0 0.288281 0.622656 0.098437 0.040625
0 0.637500 0.878125 0.095312 0.042188
0 0.397656 0.218750 0.096875 0.045312
0 0.957812 0.022656 0.084375 0.029687
0 0.295312 0.267969 0.093750 0.039062
0 0.064062 0.316406 0.100000 0.040625
0 0.737500 0.320312 0.087500 0.042188
0 0.392969 0.722656 0.084375 0.039062
0 0.303125 0.114062 0.093750 0.045312
0 0.640625 0.931250 0.092188 0.039062
0 0.400000 0.318750 0.096875 0.043750
0 0.960156 0.064844 0.079687 0.039062
0 0.297656 0.471875 0.093750 0.039062
0 0.289062 0.214062 0.115625 0.045312
0 0.635938 0.626563 0.093750 0.039062
0 0.299219 0.970313 0.093750 0.042188
0 0.738281 0.779687 0.084375 0.042188
0 0.644531 0.782813 0.087500 0.040625
0 0.735156 0.166406 0.096875 0.042188
0 0.065625 0.162500 0.090625 0.042188
0 0.064844 0.057031 0.093750 0.045312
0 0.003125 0.725000 0.006250 0.040625
0 0.060937 0.892969 0.078125 0.039062
0 0.742969 0.881250 0.087500 0.042188
0 0.064844 0.217188 0.087500 0.040625
0 0.957812 0.114844 0.084375 0.042188
0 0.075781 0.262500 0.081250 0.042188
0 0.067969 0.566406 0.090625 0.039062
0 0.400000 0.521094 0.087500 0.035937
0 0.296875 0.898438 0.096875 0.042188
0 0.054688 0.516406 0.085938 0.037500
0 0.742969 0.933594 0.093750 0.042188
0 0.731250 0.728125 0.090625 0.040625
0 0.735156 0.268750 0.090625 0.039062
0 0.066406 0.958594 0.089063 0.042188
0 0.061719 0.827344 0.087500 0.039062
0 0.400781 0.470313 0.084375 0.042188
0 0.063281 0.012500 0.089063 0.025000
0 0.960938 0.731250 0.068750 0.039062
0 0.960938 0.371875 0.078125 0.037500
0 0.067969 0.110937 0.090625 0.042188
0 0.061719 0.371875 0.093750 0.046875
0 0.959375 0.830469 0.070312 0.040625
0 0.405469 0.364063 0.087500 0.029687
0 0.961719 0.575000 0.073438 0.037500
0 0.958594 0.625000 0.078125 0.035937
0 0.963281 0.212500 0.073438 0.037500
0 0.411719 0.974219 0.087500 0.042188
0 0.642188 0.113281 0.089063 0.045312
0 0.414062 0.009375 0.075000 0.018750
0 0.300781 0.367969 0.090625 0.029687
0 0.734375 0.214062 0.087500 0.042188
0 0.053906 0.464062 0.087500 0.032813
1 0.500000 0.500000 1.000000 1.000000
