0 0.221875 0.617969 0.042969 0.092188
0 0.342969 0.610156 0.044531 0.092969
0 0.042188 0.407031 0.041406 0.081250
0 0.402344 0.614062 0.035156 0.071875
0 0.396875 0.713281 0.051562 0.086719
0 0.259375 0.619531 0.041406 0.075000
0 0.467969 0.404687 0.033594 0.071875
0 0.085156 0.608594 0.039844 0.084375
0 0.169531 0.713281 0.042188 0.077344
0 0.462500 0.722656 0.042969 0.078906
0 0.124219 0.610938 0.040625 0.075000
0 0.079687 0.703906 0.045312 0.076563
0 0.217969 0.409375 0.046094 0.097656
0 0.253125 0.309375 0.044531 0.079687
0 0.300781 0.917969 0.040625 0.082031
0 0.470313 0.610938 0.038281 0.075000
0 0.343750 0.712500 0.045312 0.074219
0 0.134375 0.701562 0.037500 0.073438
0 0.385937 0.915625 0.030469 0.057031
0 0.043750 0.610938 0.040625 0.080469
0 0.396094 0.312500 0.035937 0.081250
0 0.172656 0.316406 0.038281 0.075000
0 0.167969 0.919531 0.037500 0.085156
0 0.217188 0.714844 0.046875 0.078906
0 0.042969 0.707812 0.032813 0.075781
0 0.257031 0.921875 0.035156 0.080469
0 0.305469 0.714844 0.044531 0.079687
0 0.366406 0.825781 0.090625 0.038281
0 0.474219 0.932813 0.045312 0.080469
0 0.010156 0.607812 0.020313 0.075781
0 0.569531 0.022656 0.039844 0.045312
0 0.010156 0.702344 0.020313 0.078125
0 0.010156 0.307031 0.020313 0.078125
0 0.299219 0.307812 0.046875 0.088281
0 0.346875 0.407031 0.032813 0.075000
0 0.403125 0.411719 0.041406 0.083594
0 0.168750 0.398438 0.036719 0.075781
0 0.263281 0.407813 0.038281 0.085938
0 0.172656 0.617969 0.038281 0.082812
0 0.210156 0.921094 0.034375 0.070312
0 0.216406 0.308594 0.035156 0.076563
0 0.347656 0.311719 0.032031 0.085938
0 0.112500 0.096094 0.033594 0.072656
0 0.152344 0.095312 0.038281 0.071875
0 0.027344 0.091406 0.037500 0.078906
0 0.157031 0.022656 0.041406 0.044531
0 0.107813 0.018750 0.040625 0.037500
0 0.065625 0.015625 0.038281 0.031250
0 0.528125 0.025781 0.040625 0.051562
0 0.607812 0.022656 0.042969 0.045312
0 0.653906 0.025781 0.051562 0.051562
0 0.691406 0.025000 0.045312 0.050000
0 0.733594 0.025000 0.045312 0.050000
0 0.777344 0.025781 0.042188 0.051562
0 0.261719 0.709375 0.042188 0.082812
0 0.343750 0.928125 0.037500 0.087500
0 0.342187 0.989844 0.037500 0.020313
0 0.298438 0.989844 0.043750 0.020313
0 0.254688 0.989062 0.040625 0.021875
0 0.210156 0.987500 0.046094 0.024219
0 0.166406 0.985156 0.041406 0.029687
1 0.415365 0.499593 0.830730 0.999186
