0 0.402344 0.219531 0.100000 0.050000
0 0.401562 0.346875 0.100000 0.053125
0 0.635156 0.048438 0.087500 0.050000
0 0.392969 0.408594 0.078125 0.042188
0 0.289844 0.395313 0.093750 0.059375
0 0.397656 0.258594 0.081250 0.048438
0 0.606250 0.491406 0.076563 0.039062
0 0.421875 0.078125 0.090625 0.046875
0 0.307031 0.158594 0.084375 0.050000
0 0.275781 0.462500 0.084375 0.050000
0 0.416406 0.118750 0.081250 0.046875
0 0.322656 0.065625 0.082812 0.051562
0 0.619531 0.230469 0.106250 0.054688
0 0.721875 0.275000 0.087500 0.053125
0 0.083594 0.279687 0.087500 0.048438
0 0.391406 0.478906 0.081250 0.045312
0 0.295312 0.339844 0.081250 0.051562
0 0.321094 0.122656 0.079687 0.043750
0 0.079687 0.368750 0.060937 0.035937
0 0.422656 0.035156 0.087500 0.048438
0 0.707031 0.423438 0.087500 0.043750
0 0.719531 0.190625 0.081250 0.045312
0 0.092188 0.141406 0.092188 0.046875
0 0.301563 0.207813 0.084375 0.056250
0 0.321875 0.027344 0.079687 0.039062
0 0.082812 0.234375 0.087500 0.043750
0 0.295312 0.300000 0.085938 0.053125
0 0.175000 0.355469 0.046875 0.096875
0 0.055469 0.460156 0.087500 0.053125
0 0.427344 0.006250 0.079687 0.012500
0 0.982812 0.624219 0.021875 0.042188
0 0.330469 0.003125 0.082812 0.006250
0 0.741406 0.024219 0.082812 0.023438
0 0.719531 0.323437 0.095312 0.056250
0 0.612500 0.365625 0.079687 0.039062
0 0.603906 0.424219 0.090625 0.050000
0 0.634375 0.180469 0.082812 0.043750
0 0.617969 0.278906 0.092188 0.046875
0 0.405469 0.169531 0.090625 0.046875
0 0.087500 0.185156 0.075000 0.040625
0 0.724219 0.236719 0.082812 0.042188
0 0.711719 0.373437 0.092188 0.040625
0 0.953906 0.143750 0.076563 0.039062
0 0.950781 0.185156 0.078125 0.045312
0 0.960938 0.055469 0.078125 0.045312
0 0.982031 0.581250 0.029687 0.045312
0 0.979688 0.664062 0.021875 0.046875
0 0.973437 0.711719 0.029687 0.054688
0 0.971094 0.751563 0.028125 0.048438
0 0.968750 0.795312 0.026562 0.048438
0 0.964844 0.840625 0.028125 0.045312
0 0.303906 0.255469 0.090625 0.050000
0 0.069531 0.324219 0.093750 0.045312
0 0.014844 0.317188 0.009375 0.040625
0 0.017969 0.272656 0.009375 0.045312
0 0.021875 0.226562 0.010937 0.040625
0 0.025781 0.181250 0.012500 0.046875
0 0.032031 0.135937 0.018750 0.043750
1 0.500000 0.444155 1.000000 0.888310
