0 0.128906 0.439063 0.068750 0.110937
0 0.263281 0.417187 0.071875 0.112500
0 0.327344 0.396875 0.056250 0.087500
0 0.296094 0.290625 0.078125 0.107813
0 0.169531 0.428125 0.064062 0.092188
0 0.451562 0.609375 0.054688 0.087500
0 0.006250 0.482031 0.012500 0.095312
0 0.048438 0.348438 0.065625 0.095312
0 0.364844 0.264062 0.065625 0.095312
0 0.028125 0.471094 0.056250 0.092188
0 0.177344 0.667188 0.075000 0.118750
0 0.241406 0.767188 0.068750 0.098437
0 0.141406 0.103906 0.057813 0.075000
0 0.401562 0.383594 0.059375 0.092188
0 0.238281 0.305469 0.067187 0.092188
0 0.021094 0.369531 0.042188 0.089063
0 0.233594 0.077344 0.046875 0.062500
0 0.395313 0.728125 0.059375 0.096875
0 0.151562 0.779687 0.060937 0.092188
0 0.012500 0.138281 0.025000 0.076563
0 0.100000 0.335156 0.071875 0.096875
0 0.093750 0.112500 0.053125 0.070312
0 0.196094 0.312500 0.068750 0.098437
0 0.234375 0.175781 0.107813 0.065625
0 0.328906 0.051562 0.059375 0.059375
0 0.291406 0.757031 0.075000 0.109375
0 0.318750 0.637500 0.056250 0.090625
0 0.378906 0.618750 0.067187 0.101562
0 0.126562 0.691406 0.057813 0.090625
0 0.227344 0.657813 0.064062 0.104688
0 0.075781 0.451562 0.064062 0.101562
0 0.042188 0.121875 0.048438 0.062500
0 0.200781 0.777344 0.057813 0.090625
0 0.342969 0.740625 0.056250 0.103125
0 0.183594 0.990625 0.060937 0.018750
0 0.150000 0.328906 0.067187 0.101562
0 0.188281 0.089063 0.053125 0.067187
1 0.464464 0.500000 0.928927 1.000000
