1 0.381942 0.291108 0.763884 0.582216
2 0.166823 0.549940 0.150026 0.045465
2 0.472161 0.521023 0.145753 0.046330
2 0.438368 0.111280 0.156193 0.096834
2 0.400986 0.041194 0.163099 0.079596
2 0.461719 0.432812 0.154688 0.056250
3 0.098437 0.296875 0.093750 0.051562
3 0.102344 0.341406 0.093750 0.051562
3 0.093750 0.252344 0.093750 0.051562
3 0.090625 0.210938 0.093750 0.051562
3 0.085156 0.167969 0.093750 0.051562
3 0.080469 0.124219 0.093750 0.051562
3 0.076563 0.080469 0.093750 0.051562
3 0.192969 0.330469 0.093750 0.051562
3 0.171875 0.115625 0.093750 0.051562
3 0.175781 0.157812 0.093750 0.051562
3 0.180469 0.202344 0.093750 0.051562
3 0.182812 0.245312 0.093750 0.051562
3 0.188281 0.288281 0.093750 0.051562
3 0.197656 0.374219 0.093750 0.051562
3 0.105469 0.382031 0.093750 0.051562
3 0.167187 0.070312 0.093750 0.051562
3 0.110937 0.435937 0.095312 0.070312
3 0.116406 0.503125 0.096875 0.075000
3 0.200781 0.427344 0.096875 0.075000
3 0.208594 0.491406 0.096875 0.075000
3 0.071875 0.047656 0.092188 0.029687
3 0.164062 0.038281 0.089063 0.029687
3 0.403125 0.267969 0.093750 0.051562
3 0.406250 0.310937 0.089063 0.048438
3 0.415625 0.393750 0.093750 0.051562
3 0.411719 0.353125 0.093750 0.051562
3 0.396875 0.181250 0.093750 0.051562
3 0.400781 0.223438 0.093750 0.051562
3 0.497656 0.303906 0.093750 0.051562
3 0.495312 0.259375 0.093750 0.051562
3 0.488281 0.171875 0.093750 0.051562
3 0.491406 0.214844 0.093750 0.051562
3 0.506250 0.386719 0.093750 0.045312
3 0.501563 0.346094 0.093750 0.051562
3 0.710938 0.347656 0.093750 0.051562
3 0.716406 0.391406 0.093750 0.054688
3 0.707031 0.306250 0.093750 0.046875
3 0.685156 0.062500 0.093750 0.051562
3 0.687500 0.103906 0.093750 0.051562
3 0.698438 0.218750 0.093750 0.051562
3 0.702344 0.265625 0.093750 0.051562
0 0.072656 0.080469 0.084375 0.042188
0 0.071875 0.124219 0.087500 0.043750
0 0.077344 0.165625 0.084375 0.045312
0 0.085156 0.206250 0.085938 0.045312
0 0.096094 0.254688 0.093750 0.042188
0 0.097656 0.297656 0.081250 0.046875
0 0.095312 0.382031 0.092188 0.046875
0 0.104688 0.440625 0.081250 0.040625
0 0.108594 0.511719 0.090625 0.045312
0 0.220312 0.489063 0.078125 0.050000
0 0.207031 0.425000 0.093750 0.046875
0 0.197656 0.376563 0.076563 0.039062
0 0.198437 0.337500 0.081250 0.043750
0 0.186719 0.290625 0.081250 0.040625
0 0.189844 0.246875 0.084375 0.045312
0 0.185156 0.202344 0.087500 0.042188
0 0.172656 0.162500 0.084375 0.040625
0 0.167969 0.111719 0.082812 0.040625
0 0.164062 0.071875 0.079687 0.040625
0 0.067969 0.045312 0.082812 0.025000
0 0.160156 0.037500 0.073438 0.025000
0 0.392188 0.175000 0.090625 0.048438
0 0.395313 0.219531 0.079687 0.043750
0 0.398438 0.267188 0.093750 0.048438
0 0.403906 0.313281 0.087500 0.043750
0 0.414844 0.353125 0.090625 0.045312
0 0.406250 0.396875 0.071875 0.040625
0 0.502344 0.343750 0.081250 0.043750
0 0.503125 0.299219 0.084375 0.046875
0 0.494531 0.255469 0.079687 0.042188
0 0.489063 0.214844 0.081250 0.043750
0 0.482812 0.171094 0.087500 0.045312
0 0.512500 0.475000 0.084375 0.043750
0 0.431250 0.485156 0.084375 0.040625
3 0.514844 0.474219 0.093750 0.051562
3 0.425781 0.483594 0.093750 0.051562
0 0.686719 0.062500 0.065625 0.039062
0 0.691406 0.104688 0.075000 0.037500
