0 0.807813 0.453125 0.051562 0.103125
0 0.716406 0.455469 0.048438 0.092188
0 0.754687 0.447656 0.056250 0.089063
0 0.540625 0.474219 0.056250 0.084375
0 0.629687 0.468750 0.053125 0.085938
0 0.585938 0.476562 0.050000 0.089063
0 0.316406 0.191406 0.056250 0.089063
0 0.362500 0.185938 0.067187 0.096875
0 0.186719 0.210938 0.053125 0.085938
0 0.277344 0.200000 0.062500 0.103125
0 0.310937 0.092969 0.051562 0.076563
0 0.221094 0.099219 0.056250 0.079687
0 0.365625 0.081250 0.050000 0.085938
0 0.432031 0.080469 0.053125 0.084375
0 0.071875 0.559375 0.046875 0.089063
0 0.114844 0.542188 0.059375 0.089063
0 0.143750 0.439844 0.050000 0.078125
0 0.021094 0.458594 0.042188 0.082812
0 0.123438 0.125000 0.057813 0.079687
0 0.007812 0.125000 0.015625 0.081250
0 0.413281 0.714063 0.059375 0.084375
0 0.328906 0.704688 0.035937 0.046875
0 0.596094 0.682031 0.051562 0.071875
0 0.642188 0.667969 0.043750 0.053125
0 0.464844 0.712500 0.046875 0.087500
0 0.687500 0.664844 0.046875 0.054688
0 0.509375 0.679688 0.042188 0.057813
0 0.147656 0.719531 0.056250 0.056250
0 0.239063 0.707812 0.051562 0.045312
0 0.195312 0.715625 0.048438 0.048438
0 0.554688 0.671875 0.045312 0.068750
0 0.284375 0.707812 0.045312 0.026562
0 0.178125 0.107813 0.059375 0.114062
0 0.675000 0.457813 0.050000 0.085938
0 0.165625 0.532031 0.051562 0.096875
0 0.096875 0.445312 0.053125 0.089063
0 0.141406 0.206250 0.051562 0.092188
0 0.236719 0.201563 0.067187 0.100000
1 0.500000 0.385883 1.000000 0.771766
