0 0.778906 0.505469 0.039844 0.093750
0 0.692187 0.513281 0.035156 0.085156
0 0.729688 0.516406 0.044531 0.080469
0 0.523438 0.515625 0.044531 0.076563
0 0.608594 0.510156 0.042188 0.077344
0 0.566406 0.507812 0.039844 0.080469
0 0.342969 0.810156 0.045312 0.082031
0 0.387500 0.810156 0.053906 0.085938
0 0.217188 0.807813 0.041406 0.077344
0 0.304688 0.807813 0.049219 0.092188
0 0.348438 0.904687 0.042188 0.068750
0 0.262500 0.909375 0.045312 0.071094
0 0.403125 0.910156 0.039844 0.076563
0 0.465625 0.903125 0.041406 0.076563
0 0.067969 0.489063 0.035156 0.080469
0 0.110156 0.500000 0.046875 0.079687
0 0.150000 0.594531 0.039062 0.070312
0 0.025000 0.591406 0.043750 0.074219
0 0.167187 0.896094 0.047656 0.070312
0 0.039062 0.910937 0.042188 0.073438
0 0.010156 0.807813 0.020313 0.075000
0 0.373437 0.303125 0.046875 0.074219
0 0.294531 0.321875 0.030469 0.042188
0 0.551562 0.311719 0.041406 0.064062
0 0.596875 0.319531 0.036719 0.046875
0 0.422656 0.298438 0.036719 0.078906
0 0.639844 0.317188 0.039062 0.046875
0 0.468750 0.323437 0.034375 0.050000
0 0.120313 0.328125 0.048438 0.046875
0 0.208594 0.328906 0.046094 0.039062
0 0.166406 0.326562 0.041406 0.042188
0 0.514062 0.325781 0.035156 0.060937
0 0.252344 0.323437 0.041406 0.019531
0 0.221094 0.906250 0.044531 0.104688
0 0.652344 0.515625 0.038281 0.078906
0 0.159375 0.503906 0.039062 0.088281
0 0.103906 0.594531 0.041406 0.082031
0 0.174219 0.817187 0.039062 0.083594
0 0.265625 0.810156 0.053125 0.089063
1 0.497326 0.627266 0.994651 0.729829
