1 0.268051 0.384014 0.536102 0.768028
2 0.518360 0.164895 0.035441 0.149141
2 0.516489 0.469678 0.037064 0.144692
2 0.107499 0.470929 0.085532 0.150917
2 0.035945 0.441971 0.067978 0.158997
2 0.427344 0.467187 0.043750 0.150781
3 0.261719 0.119531 0.042969 0.089844
3 0.305469 0.119531 0.042969 0.089844
3 0.217188 0.118750 0.042969 0.089844
3 0.176563 0.118750 0.042969 0.089844
3 0.132812 0.117969 0.042969 0.089844
3 0.089844 0.116406 0.042969 0.089844
3 0.046094 0.116406 0.042969 0.089844
3 0.303906 0.209375 0.042969 0.089844
3 0.088281 0.207813 0.042969 0.089844
3 0.131250 0.207813 0.042969 0.089844
3 0.175781 0.209375 0.042969 0.089844
3 0.217969 0.207813 0.042969 0.089844
3 0.260937 0.208594 0.042969 0.089844
3 0.346875 0.210156 0.042969 0.089844
3 0.346875 0.119531 0.042969 0.089844
3 0.042969 0.207031 0.042969 0.089844
3 0.400000 0.119531 0.062500 0.089844
3 0.467187 0.119531 0.066406 0.090625
3 0.400000 0.209375 0.066406 0.090625
3 0.463281 0.211719 0.066406 0.090625
3 0.011719 0.115625 0.023438 0.090625
3 0.011719 0.207031 0.023438 0.085938
3 0.259375 0.422656 0.042969 0.089844
3 0.302344 0.422656 0.041406 0.085156
3 0.385156 0.425000 0.042969 0.089844
3 0.345313 0.425000 0.042969 0.089844
3 0.172656 0.424219 0.042969 0.089844
3 0.214844 0.425000 0.042969 0.089844
3 0.303906 0.514062 0.042969 0.089844
3 0.259375 0.515625 0.042969 0.089844
3 0.171875 0.515625 0.042969 0.089844
3 0.214062 0.515625 0.042969 0.089844
3 0.385937 0.515625 0.037500 0.089063
3 0.345313 0.513281 0.042969 0.089844
3 0.364844 0.721094 0.042969 0.089844
3 0.408594 0.722656 0.046094 0.090625
3 0.323437 0.721094 0.039062 0.089844
3 0.080469 0.720313 0.042969 0.089844
3 0.121875 0.718750 0.042969 0.089844
3 0.236719 0.719531 0.042969 0.089844
3 0.282813 0.719531 0.042969 0.089844
0 0.045312 0.112500 0.035937 0.081250
0 0.088281 0.108594 0.035937 0.082812
0 0.129688 0.109375 0.038281 0.079687
0 0.170313 0.114062 0.037500 0.082812
0 0.219531 0.120313 0.035156 0.090625
0 0.262500 0.118750 0.039844 0.078125
0 0.346094 0.109375 0.038281 0.088281
0 0.403906 0.113281 0.034375 0.078125
0 0.475000 0.110937 0.036719 0.086719
0 0.462500 0.223438 0.042969 0.075000
0 0.397656 0.215625 0.039062 0.089844
0 0.349219 0.210156 0.032813 0.072656
0 0.310156 0.214844 0.036719 0.078125
0 0.263281 0.207813 0.034375 0.078906
0 0.220312 0.214062 0.038281 0.080469
0 0.175781 0.213281 0.033594 0.084375
0 0.135156 0.204687 0.035156 0.080469
0 0.085156 0.204687 0.032813 0.078906
0 0.045312 0.203125 0.032813 0.075781
0 0.010156 0.110937 0.017188 0.080469
0 0.009375 0.203125 0.018750 0.071875
0 0.167187 0.420312 0.041406 0.086719
0 0.210938 0.419531 0.036719 0.075781
0 0.258594 0.418750 0.039844 0.089063
0 0.304688 0.420312 0.035937 0.083594
0 0.344531 0.428125 0.037500 0.086719
0 0.387500 0.415625 0.033594 0.068750
0 0.342969 0.514844 0.038281 0.076563
0 0.298438 0.518750 0.039062 0.080469
0 0.255469 0.514844 0.035937 0.076563
0 0.214844 0.513281 0.036719 0.077344
0 0.170313 0.510938 0.036719 0.082812
0 0.474219 0.514062 0.035937 0.081250
0 0.476562 0.432031 0.035156 0.079687
3 0.473438 0.516406 0.042969 0.089844
3 0.475000 0.427344 0.042969 0.089844
0 0.080469 0.721875 0.033594 0.062500
0 0.122656 0.722656 0.030469 0.071875
