0 0.483594 0.771875 0.104688 0.056250
0 0.505469 0.682031 0.095312 0.050000
0 0.503125 0.721094 0.090625 0.057813
0 0.532031 0.506250 0.087500 0.057813
0 0.514062 0.594531 0.085938 0.054688
0 0.517969 0.550000 0.089063 0.053125
0 0.866406 0.360938 0.092188 0.057813
0 0.860156 0.407031 0.096875 0.068750
0 0.882031 0.228906 0.085938 0.054688
0 0.869531 0.321094 0.103125 0.064062
0 0.963281 0.379688 0.073438 0.053125
0 0.970313 0.290625 0.059375 0.056250
0 0.959375 0.437500 0.081250 0.053125
0 0.945312 0.502344 0.085938 0.054688
0 0.571875 0.026562 0.089063 0.048438
0 0.576562 0.071875 0.090625 0.060937
0 0.669531 0.126562 0.078125 0.050000
0 0.970313 0.189062 0.059375 0.059375
0 0.986719 0.072656 0.026562 0.023438
0 0.332031 0.318750 0.084375 0.060937
0 0.363281 0.238281 0.048438 0.039062
0 0.314844 0.505469 0.073438 0.053125
0 0.316406 0.553906 0.054688 0.045312
0 0.320312 0.368750 0.089063 0.050000
0 0.307812 0.598437 0.054688 0.046875
0 0.339844 0.421094 0.057813 0.043750
0 0.395313 0.057813 0.056250 0.056250
0 0.383594 0.150000 0.046875 0.053125
0 0.387500 0.105469 0.050000 0.050000
0 0.335938 0.467969 0.068750 0.045312
0 0.371875 0.194531 0.028125 0.046875
0 0.963281 0.246875 0.073438 0.062500
0 0.513281 0.640625 0.087500 0.051562
0 0.574219 0.125000 0.098437 0.053125
0 0.676562 0.078906 0.090625 0.054688
0 0.898438 0.185156 0.092188 0.053125
0 0.878125 0.280469 0.100000 0.068750
1 0.634523 0.500000 0.730954 1.000000
