1 0.587174 0.281217 0.825652 0.562435
2 0.834315 0.515840 0.156824 0.043653
2 0.513129 0.530403 0.152195 0.045298
2 0.489601 0.099621 0.158830 0.097947
2 0.510568 0.027904 0.159256 0.055808
2 0.510156 0.436719 0.160938 0.054688
3 0.867969 0.242969 0.095312 0.050000
3 0.871094 0.289062 0.095312 0.050000
3 0.866406 0.196094 0.095312 0.050000
3 0.864062 0.153125 0.095312 0.050000
3 0.862500 0.106250 0.095312 0.050000
3 0.860938 0.060937 0.095312 0.050000
3 0.858594 0.020313 0.095312 0.040625
3 0.775781 0.291406 0.095312 0.050000
3 0.764844 0.064062 0.095312 0.050000
3 0.767188 0.110156 0.095312 0.050000
3 0.769531 0.157031 0.095312 0.050000
3 0.771875 0.201563 0.095312 0.050000
3 0.774219 0.246875 0.095312 0.050000
3 0.777344 0.337500 0.095312 0.050000
3 0.872656 0.332813 0.095312 0.050000
3 0.763281 0.021094 0.095312 0.042188
3 0.875000 0.389062 0.098437 0.070312
3 0.878906 0.460156 0.098437 0.075000
3 0.780469 0.392969 0.098437 0.075000
3 0.782031 0.460156 0.098437 0.075000
3 0.548438 0.257031 0.095312 0.051562
3 0.550781 0.301563 0.092188 0.048438
3 0.553125 0.389062 0.095312 0.051562
3 0.550781 0.346875 0.095312 0.051562
3 0.542188 0.166406 0.095312 0.051562
3 0.543750 0.210938 0.095312 0.051562
3 0.454688 0.309375 0.095312 0.051562
3 0.450781 0.262500 0.095312 0.051562
3 0.445312 0.170313 0.095312 0.051562
3 0.448437 0.214062 0.095312 0.051562
3 0.457813 0.396094 0.095312 0.045312
3 0.457031 0.353125 0.095312 0.051562
3 0.239844 0.385156 0.095312 0.051562
3 0.240625 0.431250 0.098437 0.054688
3 0.237500 0.341406 0.095312 0.045312
3 0.225000 0.085938 0.095312 0.051562
3 0.228906 0.128906 0.095312 0.051562
3 0.234375 0.249219 0.095312 0.051562
3 0.236719 0.298438 0.095312 0.051562
0 0.862500 0.017188 0.087500 0.034375
0 0.870313 0.059375 0.089063 0.042188
0 0.871094 0.103125 0.085938 0.045312
0 0.868750 0.146875 0.089063 0.045312
0 0.864844 0.198437 0.096875 0.042188
0 0.868750 0.243750 0.082812 0.045312
0 0.882812 0.330469 0.095312 0.045312
0 0.881250 0.392188 0.084375 0.040625
0 0.888281 0.467187 0.092188 0.043750
0 0.769531 0.460156 0.079687 0.050000
0 0.773438 0.391406 0.095312 0.045312
0 0.777344 0.339844 0.078125 0.039062
0 0.769531 0.299219 0.082812 0.043750
0 0.775000 0.249219 0.084375 0.042188
0 0.766406 0.204687 0.085938 0.045312
0 0.764844 0.157812 0.090625 0.040625
0 0.771875 0.113281 0.085938 0.042188
0 0.768750 0.060937 0.085938 0.039062
0 0.767188 0.018750 0.081250 0.037500
0 0.545312 0.159375 0.092188 0.048438
0 0.548438 0.206250 0.082812 0.043750
0 0.552344 0.256250 0.095312 0.046875
0 0.553125 0.303906 0.089063 0.042188
0 0.547656 0.347656 0.092188 0.045312
0 0.563281 0.391406 0.073438 0.037500
0 0.456250 0.350781 0.082812 0.045312
0 0.449219 0.303906 0.085938 0.045312
0 0.451562 0.257812 0.082812 0.042188
0 0.450781 0.214844 0.082812 0.043750
0 0.450000 0.168750 0.089063 0.042188
0 0.464062 0.488281 0.085938 0.042188
0 0.550000 0.485938 0.085938 0.042188
3 0.461719 0.488281 0.095312 0.051562
3 0.555469 0.484375 0.095312 0.051562
0 0.223438 0.085156 0.067187 0.039062
0 0.225000 0.129688 0.076563 0.034375
