2 0.427151 0.334650 0.162119 0.077170
2 0.261021 0.499494 0.062262 0.092832
2 0.917849 0.512913 0.114096 0.102915
2 0.583509 0.318066 0.042996 0.033125
2 0.788052 0.120326 0.042445 0.097709
1 0.499593 0.281621 0.999186 0.563241
3 0.597656 0.504687 0.039062 0.089063
3 0.555469 0.501563 0.039062 0.089063
3 0.640625 0.506250 0.039062 0.089063
3 0.680469 0.504687 0.039062 0.089063
3 0.720313 0.507031 0.039062 0.089063
3 0.760156 0.507812 0.039062 0.089063
3 0.800000 0.508594 0.039062 0.089063
3 0.841406 0.510156 0.039062 0.089063
3 0.514844 0.501563 0.039062 0.089063
3 0.951562 0.025781 0.096875 0.042188
3 0.928906 0.311719 0.096094 0.041406
3 0.930469 0.268750 0.096094 0.041406
3 0.927344 0.355469 0.096094 0.041406
3 0.925781 0.399219 0.096094 0.041406
3 0.924219 0.442969 0.096094 0.041406
3 0.943750 0.152344 0.096094 0.041406
3 0.945312 0.111719 0.096094 0.041406
3 0.948438 0.068750 0.096094 0.041406
3 0.937500 0.192969 0.096094 0.041406
3 0.937500 0.232031 0.093750 0.030469
3 0.270389 0.281729 0.082430 0.104040
3 0.354007 0.221221 0.082430 0.104039
3 0.315607 0.200577 0.082430 0.104040
3 0.241739 0.161780 0.082430 0.104040
3 0.278554 0.181634 0.082430 0.104039
3 0.197078 0.139693 0.082430 0.104039
3 0.230160 0.261938 0.082430 0.104039
3 0.195636 0.243080 0.082430 0.104040
3 0.154283 0.221248 0.082430 0.104040
3 0.509578 0.298785 0.082430 0.104040
3 0.470738 0.282429 0.082430 0.104039
3 0.433091 0.263158 0.082430 0.104040
3 0.396828 0.244125 0.082430 0.104039
3 0.311143 0.300349 0.082430 0.104039
3 0.685857 0.159092 0.082430 0.104040
3 0.352013 0.322844 0.082430 0.104039
3 0.532386 0.076588 0.082430 0.104040
3 0.492523 0.056134 0.082430 0.104040
3 0.569853 0.097725 0.082430 0.104040
3 0.610458 0.119891 0.082430 0.104040
3 0.649849 0.141686 0.082430 0.104039
3 0.727656 0.182498 0.082430 0.104039
3 0.763447 0.203307 0.082430 0.104040
3 0.204073 0.467756 0.078130 0.103536
3 0.692824 0.057491 0.082430 0.104039
3 0.239836 0.484814 0.082430 0.104040
3 0.730333 0.077934 0.082430 0.104039
3 0.770498 0.095986 0.082430 0.104039
3 0.136157 0.422909 0.077892 0.100885
3 0.101850 0.400799 0.082430 0.104039
3 0.170077 0.443448 0.081401 0.105360
3 0.069685 0.370325 0.082430 0.104039
3 0.109134 0.198125 0.098695 0.112898
3 0.152862 0.116167 0.098695 0.112899
3 0.453519 0.040218 0.079355 0.080436
3 0.654944 0.042114 0.084487 0.084227
3 0.610972 0.032518 0.072113 0.065035
3 0.566064 0.020533 0.056818 0.041067
3 0.366980 0.021434 0.063694 0.042869
2 0.414565 0.027608 0.069203 0.055217
3 0.546156 0.310729 0.070941 0.080765
0 0.762822 0.102351 0.078836 0.094003
0 0.642827 0.142495 0.081089 0.101331
0 0.573062 0.096445 0.075362 0.101055
0 0.509639 0.298554 0.075362 0.101055
0 0.470895 0.283079 0.075362 0.101055
0 0.430915 0.261421 0.075362 0.101055
0 0.473333 0.281849 0.075363 0.101055
0 0.389933 0.245458 0.075363 0.101055
0 0.353081 0.221511 0.075363 0.101055
0 0.319702 0.194806 0.075362 0.101055
0 0.320948 0.197781 0.075362 0.101055
0 0.286514 0.169374 0.075363 0.101055
0 0.237278 0.160240 0.075363 0.101055
0 0.145040 0.106168 0.075363 0.101055
0 0.104318 0.194026 0.075363 0.101055
0 0.226144 0.267381 0.075363 0.101055
0 0.307858 0.300442 0.075363 0.101055
0 0.350319 0.323594 0.075363 0.101055
0 0.496438 0.057701 0.075362 0.101055
0 0.534180 0.070748 0.075362 0.101055
0 0.646840 0.139728 0.075362 0.101055
0 0.612215 0.109338 0.075363 0.101055
0 0.129888 0.427076 0.075363 0.101055
0 0.168987 0.452228 0.075363 0.101055
0 0.237755 0.476965 0.075363 0.101055
0 0.613098 0.028921 0.067819 0.057841
0 0.365975 0.017814 0.049809 0.035627
0 0.940625 0.066406 0.083594 0.038281
0 0.517188 0.503125 0.034375 0.086719
0 0.681250 0.499219 0.043750 0.107813
0 0.799219 0.513281 0.040625 0.100000
0 0.843750 0.523438 0.036719 0.091406
