3 0.254476 0.499593 0.508952 0.999186
2 0.469492 0.137776 0.074329 0.089476
2 0.284719 0.322191 0.062411 0.182207
2 0.289024 0.619468 0.040801 0.094703
2 0.085044 0.819112 0.042944 0.031805
3 0.458300 0.282214 0.092344 0.041655
3 0.455570 0.363939 0.092344 0.041655
3 0.453365 0.405250 0.092344 0.041656
3 0.453269 0.446624 0.092344 0.041655
3 0.452893 0.486264 0.092344 0.041655
3 0.451032 0.526450 0.092344 0.041655
3 0.450571 0.569934 0.092344 0.041656
3 0.458799 0.199360 0.092344 0.041656
3 0.457956 0.241927 0.092344 0.041656
3 0.456540 0.322353 0.092344 0.041656
3 0.173775 0.316450 0.083898 0.100869
3 0.263245 0.699843 0.083899 0.100869
3 0.269448 0.599557 0.083899 0.100869
3 0.230794 0.578664 0.083898 0.100870
3 0.076028 0.495136 0.083898 0.100869
3 0.115934 0.515516 0.083898 0.100869
3 0.153167 0.535105 0.083898 0.100869
3 0.192935 0.556917 0.083899 0.100869
3 0.110038 0.616963 0.083899 0.100869
3 0.148730 0.637968 0.083899 0.100869
3 0.186849 0.659254 0.083899 0.100869
3 0.225906 0.680805 0.083899 0.100869
3 0.252186 0.359207 0.083898 0.100869
3 0.212726 0.338377 0.083898 0.100869
3 0.072508 0.596822 0.083898 0.100869
3 0.134622 0.297200 0.083898 0.100870
3 0.215223 0.233733 0.083898 0.100869
3 0.179007 0.213471 0.083899 0.100870
3 0.258294 0.255035 0.083898 0.100869
3 0.056211 0.252454 0.083898 0.100870
3 0.093624 0.272017 0.083898 0.100869
3 0.135698 0.192699 0.083898 0.100869
3 0.058883 0.153827 0.083899 0.100869
3 0.098974 0.171885 0.083898 0.100869
3 0.388088 0.093484 0.083898 0.100869
3 0.350802 0.070395 0.083898 0.100869
3 0.434355 0.119727 0.083898 0.100869
3 0.313091 0.050434 0.083899 0.100869
3 0.039868 0.475968 0.079737 0.098298
3 0.015473 0.546382 0.030945 0.088420
3 0.037085 0.575297 0.074170 0.102607
3 0.024221 0.806255 0.048441 0.101172
3 0.042490 0.813277 0.073454 0.078707
3 0.230796 0.029252 0.071752 0.058503
3 0.272653 0.039187 0.083851 0.078374
3 0.031182 0.133276 0.062363 0.099061
0 0.217086 0.234014 0.075156 0.096151
0 0.137342 0.283670 0.069786 0.088729
0 0.250084 0.358786 0.075156 0.098542
0 0.215045 0.335321 0.072059 0.089645
0 0.040078 0.470979 0.080156 0.101468
0 0.115904 0.511044 0.079695 0.096782
0 0.038482 0.566531 0.073349 0.086656
0 0.115215 0.609578 0.072612 0.088898
0 0.071416 0.593879 0.077219 0.100593
0 0.258893 0.605466 0.068948 0.088553
0 0.144621 0.642474 0.077685 0.101876
0 0.052195 0.259081 0.073396 0.093192
0 0.089842 0.274800 0.075156 0.096151
0 0.065767 0.149236 0.075156 0.096151
0 0.103997 0.169886 0.075156 0.096151
0 0.178347 0.208551 0.075156 0.096151
0 0.091655 0.276263 0.075156 0.096151
0 0.313279 0.048075 0.075156 0.096151
0 0.383261 0.094613 0.075156 0.096151
0 0.430880 0.116053 0.075156 0.096150
0 0.274193 0.030622 0.067984 0.061244
0 0.226754 0.028321 0.066997 0.056643
0 0.030577 0.129471 0.061155 0.084550
0 0.025978 0.235106 0.051956 0.091581
0 0.014360 0.544913 0.028719 0.069621
0 0.021434 0.797322 0.042307 0.088501
0 0.466406 0.197656 0.079687 0.037500
0 0.463281 0.242188 0.100781 0.039062
0 0.450781 0.323437 0.079687 0.037500
0 0.435937 0.400000 0.135156 0.047656
0 0.457813 0.483594 0.079687 0.037500
0 0.445312 0.567969 0.079687 0.037500
3 0.137500 0.981250 0.039844 0.037500
3 0.299219 0.981250 0.039844 0.037500
3 0.341406 0.981250 0.039844 0.037500
3 0.098437 0.981250 0.039844 0.037500
3 0.057031 0.981250 0.039844 0.037500
3 0.019531 0.981250 0.039062 0.037500
3 0.219531 0.981250 0.039844 0.037500
3 0.261719 0.981250 0.039844 0.037500
3 0.178906 0.981250 0.039844 0.037500
0 0.178906 0.971875 0.039062 0.056250
0 0.299219 0.983594 0.035156 0.032813
0 0.017188 0.978906 0.030469 0.041406
0 0.259372 0.256897 0.074075 0.090340
