1 0.500407 0.499593 0.997557 0.999186
3 0.299529 0.348026 0.094109 0.107019
3 0.345163 0.373872 0.079429 0.097646
3 0.383134 0.393286 0.079429 0.097646
3 0.500078 0.455761 0.079429 0.097646
3 0.537125 0.475404 0.079429 0.097646
3 0.576050 0.496727 0.079429 0.097646
3 0.614556 0.516741 0.079429 0.097646
3 0.653671 0.537889 0.079429 0.097646
3 0.691695 0.558586 0.079429 0.097645
3 0.730211 0.579798 0.079429 0.097646
3 0.768017 0.600029 0.079430 0.097645
3 0.765165 0.697977 0.079429 0.097646
3 0.724983 0.679183 0.079429 0.097646
3 0.687151 0.658491 0.079429 0.097646
3 0.649017 0.637104 0.079429 0.097646
3 0.611189 0.616501 0.079429 0.097646
3 0.571374 0.596254 0.079429 0.097646
3 0.532227 0.575514 0.079429 0.097646
3 0.494526 0.555739 0.079429 0.097646
3 0.455719 0.534172 0.079429 0.097646
3 0.276289 0.680619 0.079429 0.097646
3 0.238521 0.661157 0.079429 0.097645
3 0.197688 0.641228 0.079429 0.097646
3 0.314902 0.699912 0.079429 0.097646
3 0.468294 0.782793 0.079429 0.097646
3 0.507882 0.802934 0.079429 0.097646
3 0.352681 0.722513 0.079429 0.097646
3 0.310040 0.802133 0.079429 0.097646
3 0.349150 0.819978 0.079429 0.097646
3 0.391855 0.739802 0.079429 0.097646
3 0.430976 0.761395 0.079429 0.097646
3 0.152497 0.617185 0.095101 0.106436
3 0.154680 0.720303 0.079429 0.097646
3 0.194480 0.740502 0.079429 0.097645
3 0.231454 0.760229 0.079429 0.097646
3 0.271253 0.779559 0.079429 0.097646
3 0.109285 0.695270 0.096283 0.105221
3 0.635004 0.294829 0.079429 0.097646
3 0.752112 0.361057 0.079429 0.097646
3 0.714146 0.339108 0.079429 0.097646
3 0.674212 0.317716 0.080029 0.100955
3 0.718112 0.237274 0.079429 0.097646
3 0.756215 0.258480 0.079429 0.097645
3 0.441801 0.193191 0.079429 0.097646
3 0.479925 0.213697 0.079429 0.097646
3 0.519459 0.233553 0.079429 0.097646
3 0.558728 0.255146 0.079429 0.097645
3 0.596328 0.277455 0.079429 0.097646
3 0.399083 0.163796 0.093453 0.105658
3 0.809491 0.052776 0.079429 0.097646
3 0.846995 0.073310 0.079429 0.097646
3 0.885771 0.094798 0.079429 0.097646
3 0.485571 0.114223 0.079429 0.097646
3 0.525641 0.135090 0.079430 0.097646
3 0.563389 0.154038 0.079429 0.097646
3 0.641010 0.197575 0.079429 0.097646
3 0.602939 0.176083 0.079429 0.097646
3 0.680321 0.218544 0.079429 0.097646
3 0.442421 0.088362 0.095410 0.106151
3 0.774700 0.038496 0.081598 0.076992
3 0.730818 0.026708 0.069818 0.053415
3 0.929966 0.118858 0.089292 0.103416
3 0.303131 0.450077 0.079429 0.097645
3 0.338890 0.473165 0.079429 0.097646
3 0.378684 0.490968 0.079429 0.097646
3 0.421745 0.412350 0.079429 0.097646
3 0.256260 0.427066 0.094349 0.105288
2 0.440725 0.467328 0.124695 0.168258
2 0.788458 0.620508 0.041274 0.102221
2 0.428559 0.828173 0.157924 0.076964
2 0.583920 0.817202 0.053976 0.030432
2 0.355886 0.093437 0.086178 0.067034
3 0.953906 0.282813 0.089063 0.040625
3 0.952344 0.445312 0.089063 0.040625
3 0.953125 0.485156 0.089063 0.040625
3 0.950781 0.526563 0.089063 0.040625
3 0.951562 0.567187 0.089063 0.040625
3 0.955469 0.364063 0.089063 0.040625
3 0.955469 0.403125 0.089063 0.040625
3 0.955469 0.203125 0.089063 0.040625
3 0.953906 0.241406 0.089063 0.040625
3 0.955469 0.325000 0.089063 0.040625
3 0.209685 0.956422 0.068455 0.082366
3 0.139062 0.918911 0.068454 0.082366
3 0.173878 0.939254 0.068454 0.082366
3 0.104989 0.898749 0.068454 0.082366
3 0.241339 0.968425 0.066700 0.061521
3 0.518774 0.977989 0.043712 0.042393
3 0.555357 0.978073 0.044067 0.038077
3 0.717694 0.980555 0.044067 0.037262
3 0.758808 0.980555 0.044068 0.037262
3 0.798974 0.980555 0.044068 0.037262
3 0.839462 0.980555 0.044068 0.037262
3 0.678080 0.980555 0.044068 0.037262
3 0.636489 0.980555 0.044067 0.037262
3 0.596138 0.980555 0.044068 0.037262
2 0.930065 0.980409 0.138241 0.037403
0 0.931498 0.119223 0.077531 0.097200
0 0.439591 0.188274 0.071795 0.084757
0 0.478993 0.209439 0.074625 0.087112
0 0.513607 0.234311 0.071339 0.086745
0 0.548033 0.260120 0.067993 0.082292
0 0.592103 0.281178 0.074849 0.088146
0 0.635105 0.288908 0.058148 0.075845
0 0.678745 0.207167 0.071419 0.092111
0 0.717808 0.234112 0.070454 0.093834
0 0.755988 0.257039 0.073598 0.090330
0 0.717633 0.333296 0.067347 0.084651
0 0.752486 0.355939 0.077007 0.100800
0 0.419206 0.409607 0.067893 0.086603
0 0.382608 0.390090 0.073769 0.096904
0 0.885340 0.093211 0.072500 0.093018
0 0.568625 0.145307 0.074377 0.094136
0 0.485238 0.111281 0.065973 0.088908
0 0.526498 0.128944 0.066711 0.087397
0 0.452227 0.079583 0.074557 0.085887
0 0.386339 0.164521 0.061632 0.077892
0 0.814603 0.044582 0.068339 0.088506
0 0.509854 0.798123 0.065910 0.097853
0 0.539999 0.566080 0.067257 0.084302
0 0.574041 0.597129 0.075824 0.094581
0 0.615831 0.607035 0.070082 0.086677
0 0.535349 0.473848 0.076057 0.095764
0 0.647328 0.639405 0.077250 0.102142
0 0.761740 0.604552 0.066069 0.087530
0 0.614659 0.510232 0.073423 0.091999
0 0.468859 0.782533 0.070708 0.081571
0 0.433772 0.756139 0.069224 0.087260
0 0.377397 0.491248 0.063948 0.082085
0 0.393920 0.738195 0.062353 0.086384
0 0.357532 0.717201 0.066970 0.088187
0 0.320029 0.696066 0.071477 0.088500
0 0.286684 0.666952 0.074960 0.095599
0 0.237342 0.654445 0.063307 0.083946
0 0.147486 0.602746 0.061202 0.075033
0 0.302011 0.453442 0.072129 0.092784
0 0.255640 0.425004 0.069664 0.089072
0 0.339329 0.470685 0.073857 0.091178
0 0.496417 0.552063 0.063413 0.086316
0 0.308619 0.797842 0.068688 0.085468
0 0.228493 0.768404 0.074441 0.097487
0 0.136910 0.916445 0.052454 0.070326
0 0.173332 0.940405 0.058605 0.073566
0 0.344357 0.828658 0.070936 0.082525
0 0.104413 0.692837 0.065258 0.084651
0 0.679688 0.971875 0.043750 0.054688
0 0.517188 0.976562 0.035156 0.037500
0 0.964844 0.199219 0.070312 0.035156
0 0.957031 0.240625 0.082031 0.039062
0 0.955469 0.321875 0.080469 0.032813
0 0.957031 0.482031 0.079687 0.033594
0 0.943750 0.564063 0.080469 0.037500
0 0.779349 0.027555 0.061780 0.055111
0 0.729675 0.027305 0.070120 0.054609
2 0.275105 0.975204 0.030511 0.047963
3 0.545218 0.814513 0.068894 0.074032
