2 0.599693 0.367894 0.155504 0.089808
2 0.715989 0.561382 0.061872 0.106184
2 0.085149 0.399924 0.112014 0.124296
2 0.453923 0.299004 0.039276 0.036253
2 0.297043 0.043998 0.044554 0.087996
1 0.512543 0.310494 0.974914 0.620988
3 0.392969 0.476562 0.062500 0.098437
3 0.435156 0.484375 0.062500 0.098437
3 0.350000 0.467187 0.062500 0.098437
3 0.310937 0.453906 0.062500 0.098437
3 0.271094 0.446094 0.062500 0.098437
3 0.230469 0.436719 0.062500 0.098437
3 0.190625 0.425781 0.062500 0.098437
3 0.150000 0.417187 0.062500 0.098437
3 0.476562 0.495312 0.062500 0.098437
3 0.115625 0.196875 0.106250 0.065625
3 0.125781 0.153906 0.106250 0.067187
3 0.105469 0.240625 0.106250 0.065625
3 0.095312 0.284375 0.106250 0.065625
3 0.085156 0.328125 0.106250 0.065625
3 0.150781 0.035937 0.092188 0.064062
3 0.160156 0.013281 0.092188 0.026562
3 0.142969 0.077344 0.100000 0.065625
3 0.132031 0.115625 0.095312 0.053125
3 0.777050 0.342097 0.066025 0.104946
3 0.710200 0.259867 0.066026 0.104945
3 0.753770 0.249597 0.066025 0.104946
3 0.837341 0.230749 0.066026 0.104946
3 0.795552 0.240657 0.066026 0.104945
3 0.887503 0.220712 0.066026 0.104945
3 0.822207 0.333160 0.066026 0.104945
3 0.861459 0.323632 0.066025 0.104946
3 0.908272 0.312968 0.066026 0.104946
3 0.535297 0.295449 0.066025 0.104946
3 0.578164 0.289550 0.066026 0.104945
3 0.620622 0.280441 0.066025 0.104946
3 0.661645 0.271202 0.066026 0.104945
3 0.731684 0.349733 0.066026 0.104945
3 0.397591 0.110061 0.066025 0.104946
3 0.685172 0.361182 0.066026 0.104945
3 0.571724 0.069020 0.066025 0.104946
3 0.616695 0.061755 0.066026 0.100093
3 0.528949 0.080027 0.066025 0.104946
3 0.482788 0.091220 0.066025 0.104946
3 0.437929 0.102368 0.066026 0.104945
3 0.349917 0.122167 0.066026 0.104945
3 0.308890 0.133294 0.066025 0.104946
3 0.793258 0.544019 0.061688 0.105947
3 0.421636 0.029959 0.058118 0.059918
3 0.753384 0.551630 0.066025 0.104946
3 0.377789 0.035112 0.060546 0.070225
3 0.332305 0.038727 0.062249 0.077455
3 0.872756 0.517977 0.061559 0.101586
3 0.912560 0.504975 0.066026 0.104945
3 0.833173 0.528659 0.063477 0.108107
3 0.952559 0.483300 0.066026 0.104945
3 0.958838 0.302064 0.082324 0.110574
3 0.937755 0.209160 0.083334 0.110575
3 0.662388 0.055346 0.062240 0.075622
3 0.467700 0.022717 0.054329 0.045434
3 0.511987 0.018028 0.051447 0.036057
3 0.557604 0.011285 0.045938 0.022569
3 0.754999 0.060522 0.053713 0.034059
2 0.705957 0.054313 0.055132 0.048303
3 0.492938 0.301501 0.054294 0.091232
0 0.336358 0.040395 0.063704 0.080791
0 0.445291 0.104448 0.063876 0.102867
0 0.525703 0.078526 0.058536 0.102625
0 0.534895 0.295827 0.058536 0.102625
0 0.577433 0.290774 0.058536 0.102625
0 0.622839 0.279920 0.058536 0.102625
0 0.575342 0.288906 0.058537 0.102626
0 0.667726 0.274979 0.058536 0.102625
0 0.710638 0.261021 0.058537 0.102626
0 0.750839 0.243407 0.058536 0.102626
0 0.748813 0.246026 0.058536 0.102625
0 0.790513 0.227004 0.058536 0.102625
0 0.841771 0.231029 0.058537 0.102625
0 0.947619 0.201914 0.058537 0.102625
0 0.964658 0.299871 0.058537 0.102625
0 0.824341 0.340247 0.058537 0.102625
0 0.734513 0.351321 0.058537 0.102625
0 0.686249 0.362999 0.058537 0.102625
0 0.611993 0.062187 0.058536 0.099178
0 0.571094 0.063374 0.058536 0.102625
0 0.441030 0.101847 0.058536 0.102625
0 0.483446 0.080909 0.058536 0.102625
0 0.877367 0.524208 0.058537 0.102625
0 0.831906 0.538761 0.058537 0.102625
0 0.757130 0.545020 0.058537 0.102625
0 0.511417 0.014362 0.047169 0.028724
0 0.756453 0.057868 0.043387 0.025205
0 0.473438 0.496875 0.057813 0.095312
0 0.311719 0.448437 0.071875 0.117188
0 0.190625 0.431250 0.067187 0.110937
0 0.144531 0.429688 0.060937 0.100000
