3 0.482767 0.721537 0.965535 0.556925
2 0.858294 0.594846 0.086870 0.072776
2 0.640781 0.755340 0.183127 0.068824
2 0.340648 0.699036 0.096514 0.041154
2 0.100256 0.877038 0.033933 0.042791
3 0.706456 0.586939 0.055991 0.098986
3 0.623139 0.576581 0.055991 0.098986
3 0.580891 0.572183 0.055991 0.098986
3 0.538918 0.565634 0.055991 0.098986
3 0.498658 0.559649 0.055991 0.098986
3 0.457605 0.555081 0.055991 0.098986
3 0.413433 0.548564 0.055991 0.098986
3 0.790559 0.599741 0.055991 0.098986
3 0.747256 0.593760 0.055991 0.098986
3 0.665468 0.582277 0.055991 0.098986
3 0.626527 0.869311 0.102879 0.075732
3 0.252093 0.716997 0.102879 0.075732
3 0.354790 0.726814 0.102879 0.075732
3 0.369770 0.769370 0.102880 0.075732
3 0.429618 0.939736 0.102879 0.075732
3 0.415361 0.895994 0.102879 0.075732
3 0.401475 0.855089 0.102879 0.075732
3 0.385743 0.811256 0.102879 0.075732
3 0.311535 0.885678 0.102879 0.075732
3 0.296448 0.843067 0.102879 0.075732
3 0.280984 0.800991 0.102879 0.075732
3 0.265402 0.757921 0.102879 0.075732
3 0.595760 0.782925 0.102879 0.075732
3 0.610546 0.826288 0.102879 0.075732
3 0.325932 0.926974 0.102879 0.075732
3 0.639760 0.912108 0.102880 0.075732
3 0.717068 0.840564 0.102879 0.075732
3 0.731800 0.880545 0.102880 0.075732
3 0.702383 0.793463 0.102879 0.075732
3 0.671800 0.980474 0.101393 0.039052
3 0.658713 0.957729 0.102879 0.075732
3 0.745908 0.927801 0.102879 0.075732
3 0.776821 0.987039 0.082965 0.025921
3 0.761118 0.965261 0.102879 0.069478
3 0.887063 0.687785 0.102879 0.075732
3 0.904488 0.729306 0.102879 0.075732
3 0.867881 0.636650 0.102879 0.075732
3 0.916044 0.770755 0.097618 0.075732
3 0.442514 0.971716 0.100591 0.055857
3 0.341159 0.959184 0.105002 0.052152
3 0.118032 0.936630 0.061461 0.027944
3 0.103083 0.915128 0.078805 0.052192
3 0.925726 0.861225 0.056752 0.064173
3 0.922579 0.816794 0.078496 0.072856
0 0.717122 0.838320 0.098926 0.066855
0 0.653730 0.911352 0.090991 0.062875
0 0.596249 0.785008 0.100632 0.066855
0 0.613908 0.824267 0.092131 0.065058
0 0.447886 0.971813 0.104156 0.055301
0 0.419859 0.896905 0.099449 0.071662
0 0.350501 0.958675 0.088554 0.052341
0 0.319382 0.881593 0.091498 0.065252
0 0.328726 0.927975 0.103364 0.069219
0 0.347290 0.736734 0.090520 0.060833
0 0.290951 0.846716 0.105752 0.069529
0 0.663356 0.984297 0.091593 0.031407
0 0.655323 0.960810 0.098926 0.066854
0 0.778954 0.985982 0.091622 0.028036
0 0.763992 0.963306 0.098926 0.066855
0 0.736723 0.881696 0.098926 0.066854
0 0.654130 0.958736 0.098926 0.066855
0 0.918327 0.770635 0.093307 0.066855
0 0.885182 0.692190 0.098926 0.066854
0 0.871088 0.640455 0.098925 0.066855
0 0.930796 0.816477 0.060025 0.059363
0 0.925533 0.865100 0.054988 0.058340
0 0.119589 0.940466 0.066505 0.021564
0 0.793750 0.591406 0.050000 0.085938
0 0.748437 0.587500 0.056250 0.107813
0 0.663281 0.587500 0.050000 0.085938
0 0.583594 0.589844 0.070312 0.143750
0 0.502344 0.553906 0.050000 0.085938
0 0.414844 0.553906 0.050000 0.085938
0 0.700287 0.791715 0.092066 0.066774
