0 0.110156 0.624219 0.085938 0.048438
0 0.488281 0.743750 0.082812 0.048438
0 0.111719 0.668750 0.107813 0.048438
0 0.489734 0.790233 0.100977 0.042953
0 0.495765 0.881631 0.103701 0.044230
0 0.503692 0.967747 0.123932 0.051647
0 0.111071 0.717562 0.103472 0.050593
0 0.109594 0.761309 0.096344 0.046882
0 0.106164 0.805651 0.085645 0.045517
0 0.761613 0.910459 0.084912 0.102324
0 0.719592 0.933560 0.086032 0.108163
0 0.848432 0.872339 0.081177 0.101033
0 0.894134 0.855475 0.082213 0.095945
0 0.937873 0.835574 0.079025 0.104913
0 0.962695 0.807125 0.047179 0.098975
0 0.933445 0.711390 0.079884 0.099671
0 0.965432 0.695787 0.050509 0.097476
0 0.759414 0.802254 0.086029 0.113826
0 0.808587 0.776596 0.075953 0.109665
0 0.717509 0.824676 0.081120 0.101413
0 0.950446 0.470187 0.093064 0.107507
0 0.119624 0.492513 0.104595 0.049052
0 0.755838 0.551753 0.061269 0.088373
0 0.664733 0.585629 0.054207 0.078460
0 0.585627 0.635774 0.060659 0.087438
0 0.534311 0.661925 0.070526 0.093611
0 0.709127 0.562147 0.078625 0.096520
1 0.713230 0.701646 0.572436 0.596707
1 0.088345 0.541871 0.170422 0.584457
