0 0.819531 0.606250 0.076563 0.039062
0 0.982812 0.244531 0.033594 0.078906
0 0.467969 0.696875 0.073438 0.039844
0 0.815625 0.646875 0.096094 0.039062
0 0.463800 0.739565 0.091911 0.040625
0 0.453624 0.825117 0.094711 0.041114
0 0.444387 0.902614 0.113529 0.046270
0 0.460149 0.982180 0.088050 0.032573
0 0.813725 0.690640 0.093432 0.044146
0 0.814452 0.732662 0.088186 0.045129
0 0.814436 0.774193 0.076754 0.041700
0 0.210190 0.836688 0.080345 0.093572
0 0.247588 0.859787 0.081735 0.098486
0 0.132776 0.797704 0.076913 0.092150
0 0.091631 0.780025 0.077972 0.087738
0 0.052730 0.759691 0.075195 0.095859
0 0.027170 0.734579 0.054340 0.096193
0 0.062675 0.646650 0.075943 0.091345
0 0.029496 0.630185 0.058991 0.089360
0 0.217503 0.737755 0.081936 0.104174
0 0.173927 0.712075 0.072876 0.100045
0 0.254684 0.760480 0.077193 0.092621
0 0.058742 0.425210 0.088028 0.097977
0 0.816850 0.486392 0.095057 0.047702
0 0.037002 0.962541 0.072476 0.073290
0 0.126473 0.981779 0.060012 0.034813
0 0.232899 0.508958 0.058632 0.079805
0 0.314332 0.544381 0.052117 0.070847
0 0.383958 0.594055 0.057818 0.078990
0 0.429967 0.620521 0.066775 0.084691
0 0.274986 0.520669 0.074234 0.088569
1 0.259200 0.681150 0.518400 0.636071
1 0.884010 0.490781 0.230352 0.622036
