3 0.485422 0.286336 0.970844 0.572672
2 0.126952 0.527375 0.095730 0.086071
2 0.281121 0.309870 0.187959 0.067518
2 0.586263 0.257892 0.096198 0.055623
2 0.748448 0.016704 0.032202 0.033408
3 0.268625 0.490491 0.058690 0.100477
3 0.351608 0.472983 0.058690 0.100477
3 0.393405 0.463290 0.058691 0.100478
3 0.435648 0.455741 0.058690 0.100478
3 0.476069 0.448218 0.058690 0.100478
3 0.516780 0.439079 0.058690 0.100477
3 0.561112 0.430776 0.058691 0.100478
3 0.184088 0.505922 0.058691 0.100477
3 0.227414 0.497394 0.058691 0.100478
3 0.309306 0.481464 0.058691 0.100478
3 0.252745 0.193201 0.102370 0.096179
3 0.660459 0.215536 0.102370 0.096180
3 0.559143 0.239934 0.102370 0.096180
3 0.530841 0.204215 0.102371 0.096179
3 0.417652 0.061180 0.102370 0.096179
3 0.445655 0.098269 0.102370 0.096179
3 0.472369 0.132772 0.102370 0.096179
3 0.501810 0.169462 0.102370 0.096180
3 0.548212 0.073977 0.102370 0.096180
3 0.576634 0.109714 0.102370 0.096180
3 0.605241 0.144815 0.102370 0.096180
3 0.634288 0.180826 0.102370 0.096180
3 0.310539 0.265590 0.102370 0.096179
3 0.282157 0.229036 0.102370 0.096179
3 0.520880 0.043680 0.102370 0.087360
3 0.226031 0.156676 0.102371 0.096179
3 0.175723 0.250433 0.102370 0.096179
3 0.148504 0.217092 0.102371 0.096180
3 0.205238 0.290589 0.102370 0.096179
3 0.166205 0.089361 0.102371 0.086748
3 0.192925 0.119337 0.102370 0.096179
3 0.119488 0.176597 0.102370 0.096179
3 0.065949 0.108615 0.102370 0.089227
3 0.091614 0.142835 0.102370 0.096179
3 0.063605 0.452258 0.102370 0.096179
3 0.042246 0.418332 0.084491 0.096179
3 0.098742 0.494789 0.102370 0.096179
3 0.028656 0.376988 0.057311 0.083338
3 0.390737 0.038944 0.099387 0.069569
3 0.485344 0.024869 0.091446 0.049737
3 0.013402 0.328766 0.026804 0.055919
3 0.038042 0.092386 0.076083 0.050704
0 0.176390 0.251940 0.096619 0.087263
0 0.212491 0.161699 0.089496 0.080133
0 0.310178 0.263387 0.099867 0.087262
0 0.279329 0.231777 0.090195 0.082593
0 0.385992 0.039779 0.102232 0.070547
0 0.441046 0.099227 0.097394 0.091669
0 0.481198 0.025594 0.084060 0.051188
0 0.541069 0.080571 0.089293 0.083567
0 0.517662 0.041284 0.101231 0.082568
0 0.563488 0.228272 0.089644 0.080614
0 0.580197 0.104936 0.101323 0.089722
0 0.172081 0.083380 0.094710 0.075850
0 0.195132 0.114626 0.096619 0.087262
0 0.062544 0.112650 0.096619 0.087263
0 0.090521 0.147979 0.096619 0.087263
0 0.143404 0.216958 0.096619 0.087262
0 0.196953 0.116214 0.096619 0.087262
0 0.026052 0.376732 0.052104 0.073367
0 0.063932 0.446778 0.096619 0.087262
0 0.094408 0.491555 0.096618 0.087263
0 0.039070 0.091533 0.078140 0.049421
0 0.130241 0.070206 0.062850 0.036523
0 0.184375 0.512500 0.053125 0.089063
0 0.228125 0.501563 0.057813 0.109375
0 0.310156 0.475000 0.053125 0.089063
0 0.385156 0.446875 0.073438 0.146875
0 0.474219 0.453125 0.053125 0.089063
0 0.559375 0.425000 0.053125 0.089063
3 0.915625 0.038281 0.026562 0.043750
3 0.945312 0.203125 0.026562 0.043750
3 0.952344 0.246094 0.026562 0.043750
3 0.908594 0.009375 0.026562 0.018750
3 0.930469 0.121875 0.026562 0.043750
3 0.938281 0.164062 0.026562 0.043750
3 0.923438 0.080469 0.026562 0.043750
0 0.913281 0.082031 0.046875 0.045312
0 0.947656 0.203125 0.021875 0.037500
0 0.206904 0.290957 0.091769 0.085019
