0 0.172656 0.599219 0.079687 0.043750
0 0.022656 0.222656 0.028125 0.082812
0 0.529687 0.705469 0.076563 0.043750
0 0.174219 0.642969 0.101562 0.043750
0 0.531976 0.749889 0.094417 0.038764
0 0.539407 0.836516 0.097417 0.041617
0 0.547538 0.916507 0.116539 0.046546
0 0.527943 0.990287 0.090932 0.019427
0 0.174872 0.687818 0.096525 0.045925
0 0.173853 0.729756 0.090572 0.044052
0 0.171770 0.771375 0.079830 0.042803
0 0.789362 0.858454 0.080723 0.096164
0 0.750222 0.880841 0.081901 0.101506
0 0.870276 0.821217 0.077207 0.094868
0 0.913005 0.804596 0.078219 0.090169
0 0.952790 0.785162 0.073381 0.098569
0 0.973380 0.752916 0.038847 0.083325
0 0.947555 0.668633 0.076065 0.093739
0 0.974359 0.653216 0.042647 0.091683
0 0.785480 0.756769 0.081968 0.107002
0 0.831216 0.731897 0.072552 0.102981
0 0.746488 0.778602 0.077267 0.095267
0 0.957662 0.441653 0.084675 0.100920
0 0.179251 0.477068 0.097517 0.046122
0 0.954450 0.978126 0.057004 0.043748
0 0.777967 0.521445 0.058472 0.082707
0 0.692990 0.554803 0.051816 0.073428
0 0.619576 0.603236 0.057811 0.081842
0 0.571664 0.628687 0.067061 0.087662
0 0.734284 0.531968 0.074691 0.090814
1 0.737890 0.689235 0.524219 0.621530
1 0.118395 0.482377 0.222323 0.632556
