1 0.500000 0.493014 1.000000 0.986027
3 0.630806 0.707951 0.113271 0.094907
3 0.608313 0.656511 0.104921 0.078505
3 0.591847 0.613797 0.104921 0.078505
3 0.538274 0.481944 0.104921 0.078505
3 0.521462 0.440191 0.104921 0.078505
3 0.503066 0.396244 0.104921 0.078505
3 0.486020 0.352892 0.104921 0.078505
3 0.467833 0.308761 0.104921 0.078505
3 0.450003 0.265847 0.104920 0.078505
3 0.431680 0.222349 0.104921 0.078505
3 0.414325 0.179719 0.104920 0.078506
3 0.309441 0.171774 0.104921 0.078505
3 0.324996 0.216779 0.104921 0.078505
3 0.342841 0.259488 0.104921 0.078505
3 0.361394 0.302598 0.104921 0.078505
3 0.379144 0.345292 0.104921 0.078505
3 0.396291 0.390068 0.104921 0.078505
3 0.414039 0.434187 0.104921 0.078505
3 0.430920 0.476653 0.104921 0.078505
3 0.449589 0.520502 0.104921 0.078505
3 0.273118 0.695619 0.104921 0.078505
3 0.289657 0.738122 0.104920 0.078505
3 0.306350 0.783950 0.104921 0.078505
3 0.256854 0.652233 0.104921 0.078505
3 0.185586 0.479180 0.104921 0.078505
3 0.168527 0.434659 0.104921 0.078505
3 0.236965 0.609366 0.104921 0.078505
3 0.147183 0.645954 0.104921 0.078505
3 0.132521 0.602200 0.104921 0.078505
3 0.222905 0.565607 0.104921 0.078505
3 0.204242 0.521420 0.104921 0.078505
3 0.326920 0.834918 0.112857 0.095822
3 0.217109 0.820989 0.104921 0.078505
3 0.200011 0.776235 0.104920 0.078505
3 0.183100 0.734550 0.104921 0.078505
3 0.166930 0.689894 0.104921 0.078505
3 0.238743 0.872200 0.111108 0.097466
3 0.725216 0.355961 0.104921 0.078505
3 0.667655 0.223512 0.104921 0.078505
3 0.686826 0.266505 0.104921 0.078505
3 0.705141 0.311642 0.108468 0.079307
3 0.795983 0.273698 0.104921 0.078505
3 0.777620 0.230642 0.104920 0.078505
3 0.812041 0.573619 0.104921 0.078505
3 0.794427 0.530619 0.104921 0.078505
3 0.777667 0.486187 0.104921 0.078505
3 0.759021 0.441842 0.104920 0.078505
3 0.739424 0.399200 0.104921 0.078505
3 0.838537 0.622404 0.112083 0.094607
3 0.975368 0.204719 0.049264 0.062762
3 0.966512 0.158648 0.066977 0.070223
3 0.957218 0.110926 0.085565 0.078053
3 0.901254 0.535753 0.104921 0.078505
3 0.883474 0.490635 0.104921 0.078506
3 0.867481 0.448211 0.104921 0.078505
3 0.829712 0.360462 0.104921 0.078505
3 0.848385 0.403517 0.104921 0.078505
3 0.811739 0.316143 0.104921 0.078505
3 0.924063 0.584672 0.112121 0.096613
3 0.986519 0.250045 0.026962 0.054553
3 0.945309 0.073756 0.109383 0.063811
3 0.522244 0.692832 0.104920 0.078505
3 0.501609 0.652066 0.104921 0.078505
3 0.487068 0.607587 0.104921 0.078505
3 0.575828 0.570439 0.104921 0.078505
3 0.541587 0.745483 0.111332 0.095226
2 0.519230 0.543880 0.184215 0.119401
2 0.396955 0.151885 0.109250 0.045717
2 0.126158 0.512884 0.086943 0.167232
2 0.160409 0.350949 0.034062 0.056292
2 0.908840 0.676797 0.064958 0.093492
3 0.771875 0.045312 0.046875 0.042188
3 0.598437 0.028125 0.048438 0.045312
3 0.554688 0.022656 0.046875 0.043750
3 0.510156 0.021094 0.048438 0.042188
3 0.467969 0.018750 0.048438 0.037500
3 0.684375 0.035156 0.046875 0.042188
3 0.643750 0.031250 0.046875 0.042188
3 0.856250 0.053906 0.046875 0.042188
3 0.814844 0.050000 0.046875 0.043750
3 0.726562 0.039844 0.046875 0.042188
3 0.007651 0.724754 0.015303 0.040935
3 0.023712 0.809948 0.047423 0.057168
3 0.014806 0.766698 0.029613 0.049567
3 0.032562 0.852362 0.065124 0.064721
0 0.945701 0.070087 0.104704 0.055135
0 0.816873 0.576888 0.092134 0.071242
0 0.798688 0.532212 0.093733 0.074237
0 0.776040 0.492467 0.093938 0.070144
0 0.752582 0.452740 0.088186 0.067828
0 0.734769 0.403479 0.094868 0.073979
0 0.731386 0.356387 0.080585 0.057896
0 0.823725 0.318822 0.098697 0.069150
0 0.799021 0.274299 0.101176 0.069230
0 0.779010 0.230968 0.097145 0.072807
0 0.693265 0.263326 0.090743 0.066584
0 0.673155 0.223569 0.108899 0.074718
0 0.578393 0.573253 0.093285 0.066490
0 0.595485 0.615080 0.103944 0.072915
0 0.959275 0.111304 0.081450 0.071906
0 0.877066 0.443238 0.101126 0.072385
0 0.904495 0.536348 0.095944 0.064087
0 0.890163 0.490238 0.092602 0.064939
0 0.934447 0.575334 0.093823 0.074246
0 0.836378 0.635853 0.084094 0.060520
0 0.982646 0.200437 0.034707 0.051902
0 0.173733 0.433253 0.104276 0.064260
0 0.424788 0.426954 0.090563 0.066215
0 0.395344 0.387202 0.101632 0.074398
0 0.389678 0.341599 0.093098 0.069103
0 0.523068 0.442412 0.102438 0.074901
0 0.358744 0.304060 0.110237 0.075022
0 0.408872 0.186003 0.094025 0.065122
0 0.493143 0.353857 0.099028 0.072369
0 0.185872 0.478668 0.087997 0.070023
0 0.210070 0.518984 0.093261 0.068925
0 0.486507 0.608601 0.087905 0.062478
0 0.224819 0.563696 0.092780 0.062157
0 0.243015 0.604763 0.095462 0.065379
0 0.261391 0.647387 0.095210 0.070401
0 0.288774 0.685942 0.102825 0.074932
0 0.296333 0.739973 0.089887 0.061664
0 0.341616 0.841846 0.080708 0.060425
0 0.518328 0.693656 0.099332 0.070607
0 0.543623 0.746311 0.095840 0.068532
0 0.504237 0.651539 0.098135 0.072594
0 0.435019 0.475305 0.092144 0.062201
0 0.151491 0.647906 0.092462 0.067692
0 0.173894 0.737048 0.105207 0.073296
0 0.021406 0.815829 0.042813 0.048248
0 0.011470 0.770563 0.022940 0.046817
0 0.122832 0.606487 0.088734 0.070569
0 0.240541 0.877625 0.090893 0.064441
0 0.031250 0.234375 0.017188 0.048438
0 0.861719 0.043750 0.039062 0.020313
0 0.816406 0.046094 0.045312 0.035937
0 0.729688 0.039062 0.039062 0.037500
0 0.559375 0.019531 0.039062 0.034375
0 0.469531 0.020313 0.045312 0.040625
3 0.158881 0.392353 0.083924 0.067569
