1 0.500000 0.496606 1.000000 0.993213
3 0.611013 0.725945 0.117224 0.099857
3 0.586041 0.673804 0.108036 0.083183
3 0.567579 0.630479 0.108036 0.083183
3 0.507764 0.496838 0.108036 0.083183
3 0.488979 0.454512 0.108036 0.083183
3 0.468487 0.409989 0.108036 0.083183
3 0.449405 0.366028 0.108036 0.083183
3 0.429121 0.321308 0.108036 0.083183
3 0.409249 0.277826 0.108035 0.083183
3 0.388849 0.233762 0.108036 0.083183
3 0.369474 0.190555 0.108035 0.083184
3 0.261353 0.186152 0.108036 0.083183
3 0.278961 0.231865 0.108036 0.083183
3 0.298842 0.275136 0.108036 0.083183
3 0.319465 0.318793 0.108036 0.083183
3 0.339247 0.362052 0.108036 0.083183
3 0.358484 0.407473 0.108036 0.083183
3 0.378317 0.452197 0.108036 0.083183
3 0.397198 0.495252 0.108036 0.083183
3 0.417967 0.539665 0.108036 0.083183
3 0.242815 0.726047 0.108036 0.083183
3 0.261345 0.769154 0.108035 0.083183
3 0.280154 0.815672 0.108036 0.083183
3 0.224535 0.682025 0.108036 0.083183
3 0.145048 0.506659 0.108036 0.083183
3 0.125910 0.461497 0.108036 0.083183
3 0.202548 0.638665 0.108036 0.083183
3 0.111552 0.679506 0.108036 0.083183
3 0.094906 0.635047 0.108036 0.083183
3 0.186520 0.594179 0.108036 0.083183
3 0.165746 0.549418 0.108036 0.083183
3 0.303141 0.867326 0.116725 0.100851
3 0.189731 0.856958 0.108036 0.083183
3 0.170545 0.811558 0.108035 0.083183
3 0.151660 0.769307 0.108036 0.083183
3 0.133432 0.723974 0.108036 0.083183
3 0.213813 0.908854 0.115076 0.102415
3 0.695445 0.360596 0.108036 0.083183
3 0.631508 0.226486 0.108036 0.083183
3 0.652762 0.270001 0.108036 0.083183
3 0.673223 0.315713 0.111691 0.083955
3 0.765251 0.273476 0.108036 0.083183
3 0.744824 0.229868 0.108035 0.083183
3 0.792528 0.581264 0.108036 0.083183
3 0.772875 0.537686 0.108036 0.083183
3 0.754047 0.492605 0.108036 0.083183
3 0.733285 0.447681 0.108035 0.083183
3 0.711605 0.404542 0.108036 0.083183
3 0.821557 0.630508 0.115907 0.099408
3 0.960760 0.189173 0.078481 0.078885
3 0.950894 0.144126 0.098212 0.083183
3 0.935122 0.099754 0.108036 0.083183
3 0.882894 0.539128 0.108036 0.083183
3 0.862993 0.493379 0.108036 0.083184
3 0.845027 0.450335 0.108036 0.083183
3 0.803044 0.361472 0.108036 0.083183
3 0.823788 0.405068 0.108036 0.083183
3 0.782973 0.316550 0.108036 0.083183
3 0.908088 0.588623 0.116115 0.101507
3 0.972952 0.235516 0.054096 0.069255
3 0.984450 0.284380 0.031101 0.058582
3 0.911827 0.061488 0.114020 0.069946
3 0.498854 0.714238 0.108035 0.083183
3 0.476174 0.673065 0.108036 0.083183
3 0.459628 0.627856 0.108036 0.083183
3 0.549552 0.586476 0.108036 0.083183
3 0.520618 0.767667 0.115255 0.100164
2 0.490424 0.561243 0.188510 0.127950
2 0.349998 0.164113 0.112695 0.046198
2 0.087516 0.544449 0.088067 0.173040
2 0.115228 0.375990 0.034302 0.058548
2 0.895765 0.683778 0.069313 0.095961
3 0.732031 0.036719 0.046875 0.046875
3 0.552344 0.025781 0.048438 0.050000
3 0.508594 0.022656 0.048438 0.045312
3 0.463281 0.022656 0.048438 0.045312
3 0.417969 0.021094 0.048438 0.042188
3 0.642188 0.030469 0.046875 0.046875
3 0.599219 0.027344 0.048438 0.046875
3 0.819531 0.042969 0.048438 0.046875
3 0.777344 0.040625 0.048438 0.048438
3 0.685937 0.033594 0.048438 0.046875
3 0.017388 0.888820 0.034776 0.053677
0 0.911565 0.057605 0.107723 0.061251
0 0.797659 0.584323 0.094505 0.075382
0 0.777371 0.539123 0.096470 0.078482
0 0.752651 0.499074 0.096476 0.074460
0 0.727030 0.459106 0.090885 0.071637
0 0.707036 0.409037 0.097631 0.078387
0 0.701864 0.360852 0.083290 0.061188
0 0.795397 0.318971 0.101722 0.073807
0 0.768502 0.274001 0.104059 0.073506
0 0.746310 0.230175 0.100000 0.077121
0 0.659326 0.266532 0.093511 0.070544
0 0.637171 0.226386 0.111929 0.079690
0 0.552324 0.589344 0.095976 0.070681
0 0.571255 0.631553 0.107092 0.077259
0 0.936915 0.100328 0.103095 0.076098
0 0.854826 0.444990 0.104136 0.077119
0 0.886203 0.539660 0.098651 0.068324
0 0.869852 0.492791 0.095800 0.069181
0 0.918454 0.578597 0.096081 0.078463
0 0.819808 0.644439 0.086454 0.064274
0 0.968110 0.185504 0.063780 0.065028
0 0.131259 0.459805 0.107669 0.068419
0 0.389175 0.444365 0.093258 0.070258
0 0.357512 0.404522 0.104648 0.079034
0 0.349970 0.357805 0.095874 0.073282
0 0.490655 0.456692 0.105637 0.079466
0 0.316797 0.320420 0.113343 0.079989
0 0.364063 0.197184 0.096826 0.069069
0 0.456695 0.366653 0.101908 0.076756
0 0.145340 0.506099 0.090490 0.074144
0 0.171685 0.546715 0.096201 0.072843
0 0.459139 0.629027 0.090616 0.066472
0 0.188427 0.592105 0.095548 0.065663
0 0.208660 0.633716 0.098054 0.069578
0 0.229069 0.676807 0.097996 0.074687
0 0.258603 0.715572 0.105842 0.079082
0 0.268403 0.770859 0.092663 0.065677
0 0.318554 0.873930 0.083075 0.064050
0 0.494925 0.715217 0.102406 0.075069
0 0.522776 0.768464 0.098640 0.072736
0 0.478893 0.672541 0.100992 0.077071
0 0.401367 0.493629 0.095087 0.066085
0 0.116091 0.681370 0.094992 0.071799
0 0.142327 0.772113 0.108173 0.077768
0 0.085054 0.639757 0.091347 0.074604
0 0.215944 0.914375 0.093614 0.068303
0 0.825000 0.033594 0.040625 0.026562
0 0.778125 0.036719 0.046875 0.040625
0 0.689063 0.031250 0.040625 0.040625
0 0.512500 0.018750 0.040625 0.037500
0 0.420312 0.021875 0.043750 0.043750
0 0.985200 0.231477 0.029599 0.047573
0 0.983721 0.285549 0.032558 0.058692
3 0.115018 0.418685 0.084914 0.071791
