2 0.620756 0.659050 0.173299 0.091573
2 0.773576 0.462610 0.067793 0.108855
2 0.070659 0.548096 0.121620 0.120404
2 0.456044 0.707255 0.044814 0.037986
2 0.260646 0.952819 0.046295 0.094362
1 0.503779 0.702784 0.992442 0.594432
3 0.414062 0.508594 0.056250 0.101562
3 0.460156 0.505469 0.056250 0.101562
3 0.367188 0.513281 0.056250 0.101562
3 0.324219 0.521875 0.056250 0.101562
3 0.280469 0.524219 0.056250 0.101562
3 0.236719 0.529687 0.056250 0.101562
3 0.192188 0.535156 0.056250 0.101562
3 0.147656 0.539844 0.056250 0.101562
3 0.504687 0.499219 0.056250 0.101562
3 0.085156 0.768750 0.107813 0.059375
3 0.090625 0.816406 0.104688 0.059375
3 0.078906 0.722656 0.109375 0.059375
3 0.073438 0.674219 0.110937 0.059375
3 0.067187 0.625781 0.110937 0.059375
3 0.100781 0.944531 0.092188 0.056250
3 0.107031 0.979688 0.092188 0.040625
3 0.098437 0.898438 0.098437 0.057813
3 0.092188 0.857031 0.095312 0.045312
3 0.803855 0.701259 0.080613 0.114178
3 0.722154 0.779856 0.080613 0.114177
3 0.767078 0.796441 0.080613 0.114178
3 0.853355 0.827349 0.080613 0.114178
3 0.810276 0.811381 0.080613 0.114177
3 0.905308 0.844546 0.080613 0.114177
3 0.850637 0.716637 0.080613 0.114177
3 0.891072 0.731871 0.080613 0.114178
3 0.939389 0.749296 0.080613 0.114178
3 0.541082 0.719272 0.080613 0.114178
3 0.585829 0.731125 0.080613 0.114177
3 0.629723 0.746332 0.080613 0.114178
3 0.672076 0.761490 0.080613 0.114177
3 0.756682 0.687237 0.080613 0.114177
3 0.370697 0.898164 0.080613 0.114178
3 0.708788 0.669017 0.080613 0.114177
3 0.550931 0.953677 0.079232 0.092646
3 0.601186 0.959619 0.071695 0.072224
3 0.506257 0.945045 0.080613 0.109910
3 0.458702 0.929276 0.080613 0.114178
3 0.412525 0.911591 0.080613 0.114177
3 0.321655 0.879094 0.080613 0.114177
3 0.279544 0.861931 0.080613 0.114178
3 0.847477 0.488894 0.075894 0.114493
3 0.387700 0.976325 0.062514 0.047349
3 0.806044 0.475694 0.080613 0.114178
3 0.340732 0.968074 0.068605 0.063851
3 0.291794 0.961327 0.073585 0.077346
3 0.928334 0.527069 0.075696 0.110614
3 0.964333 0.545983 0.071333 0.114177
3 0.888021 0.510302 0.078615 0.116679
3 0.984156 0.576775 0.031688 0.098246
3 0.971313 0.766931 0.057373 0.120804
3 0.953796 0.863358 0.092408 0.121998
3 0.650562 0.968342 0.062087 0.039549
3 0.437500 0.987029 0.053978 0.025941
3 0.497797 0.709613 0.067922 0.094251
0 0.296594 0.960019 0.075566 0.079962
0 0.420392 0.909968 0.078682 0.111565
0 0.502729 0.946527 0.072649 0.106945
0 0.540820 0.719174 0.072649 0.111299
0 0.585327 0.730085 0.072649 0.111299
0 0.632124 0.747530 0.072649 0.111299
0 0.582863 0.731795 0.072650 0.111300
0 0.679140 0.758628 0.072650 0.111299
0 0.722884 0.779042 0.072650 0.111300
0 0.763273 0.802986 0.072649 0.111300
0 0.761463 0.799942 0.072649 0.111299
0 0.803260 0.825575 0.072650 0.111299
0 0.858211 0.827984 0.072650 0.111299
0 0.965239 0.872698 0.069522 0.111299
0 0.980671 0.769918 0.038659 0.109316
0 0.853942 0.709745 0.072650 0.111299
0 0.760008 0.686276 0.072650 0.111299
0 0.710284 0.667584 0.072650 0.111299
0 0.596128 0.959706 0.064386 0.072445
0 0.550698 0.957531 0.069153 0.084938
0 0.415865 0.912904 0.072649 0.111299
0 0.458172 0.940665 0.072650 0.111299
0 0.934228 0.521330 0.072650 0.111299
0 0.887855 0.499950 0.072650 0.111299
0 0.809275 0.483555 0.072650 0.111299
0 0.502344 0.497656 0.050000 0.100000
0 0.323437 0.528125 0.064062 0.125000
0 0.192969 0.530469 0.059375 0.114062
0 0.143750 0.526563 0.054688 0.104688
