1 0.734467 0.379257 0.531066 0.758514
3 0.827189 0.159947 0.104095 0.107337
3 0.897101 0.236426 0.104095 0.107338
3 0.975749 0.138836 0.048502 0.064286
3 0.957341 0.171333 0.085318 0.107337
3 0.930812 0.204193 0.102857 0.107338
3 0.862211 0.128039 0.104095 0.106552
3 0.861026 0.269130 0.104095 0.107338
3 0.826133 0.303291 0.104094 0.107337
3 0.791306 0.335230 0.104095 0.107338
3 0.934767 0.492687 0.104095 0.107338
3 0.959459 0.459958 0.081083 0.107338
3 0.976386 0.416006 0.047228 0.084224
3 0.781610 0.200634 0.120953 0.121797
3 0.728698 0.251367 0.123502 0.123987
3 0.898655 0.111423 0.101808 0.071762
3 0.645378 0.047494 0.104224 0.077771
3 0.606417 0.065666 0.099818 0.107450
3 0.977534 0.555144 0.044931 0.075002
2 0.739825 0.332743 0.098257 0.105450
2 0.942789 0.561555 0.099392 0.115709
