3 0.360642 0.634771 0.103599 0.090202
1 0.322679 0.564872 0.645358 0.868627
3 0.115939 0.331908 0.084790 0.102719
3 0.186626 0.286113 0.084789 0.102719
3 0.239192 0.368193 0.084789 0.102719
3 0.080291 0.351779 0.084790 0.102719
3 0.128525 0.439548 0.084789 0.102719
3 0.166172 0.415224 0.084789 0.102719
3 0.203299 0.391308 0.084789 0.102720
3 0.149694 0.310575 0.084789 0.102719
3 0.509368 0.208057 0.084789 0.102719
3 0.585399 0.161831 0.084789 0.102720
3 0.052202 0.487273 0.084789 0.102720
3 0.091254 0.463680 0.084789 0.102719
3 0.042395 0.376649 0.084790 0.102719
3 0.622978 0.137645 0.084789 0.102719
3 0.549677 0.182455 0.084789 0.102719
1 0.656317 0.442500 0.685737 0.884999
3 0.662294 0.112636 0.092286 0.106314
3 0.700795 0.087570 0.092286 0.106314
3 0.737636 0.063156 0.092285 0.106314
3 0.570873 0.053157 0.092286 0.106314
3 0.532145 0.077905 0.092286 0.106314
3 0.493628 0.101958 0.092286 0.106314
3 0.454306 0.126097 0.092286 0.106314
3 0.808408 0.260091 0.092286 0.106314
3 0.849390 0.234500 0.092286 0.106314
3 0.886967 0.210266 0.092285 0.106314
3 0.926698 0.185788 0.092285 0.106314
3 0.863736 0.341291 0.092286 0.106314
3 0.902236 0.318573 0.092285 0.106314
3 0.942614 0.294281 0.092286 0.106314
3 0.608430 0.041700 0.093081 0.083400
3 0.655612 0.030026 0.075930 0.060051
3 0.779811 0.045462 0.088978 0.090923
3 0.960369 0.162904 0.077633 0.106690
3 0.968513 0.272703 0.061346 0.109050
3 0.964308 0.521568 0.069755 0.107257
2 0.959012 0.563517 0.080348 0.115713
3 0.723428 0.514609 0.103599 0.090202
3 0.794915 0.631850 0.103599 0.090203
3 0.819923 0.669444 0.103599 0.090202
3 0.844957 0.709052 0.103599 0.090202
3 0.868862 0.747049 0.103599 0.090202
3 0.894151 0.785894 0.103599 0.090202
3 0.916492 0.828997 0.103599 0.090202
3 0.745817 0.554218 0.103599 0.090203
3 0.770909 0.590608 0.103599 0.090202
3 0.699671 0.475510 0.103599 0.090202
3 0.239785 0.845469 0.103599 0.090202
3 0.213871 0.811660 0.103599 0.090202
3 0.187066 0.770026 0.103599 0.090203
3 0.318296 0.954492 0.103599 0.089388
3 0.293432 0.920339 0.103599 0.090202
3 0.268816 0.885464 0.103599 0.090202
3 0.511398 0.872836 0.103599 0.090203
3 0.485674 0.833068 0.103599 0.090202
3 0.461043 0.794149 0.103599 0.090202
3 0.414103 0.714513 0.103599 0.090202
3 0.439274 0.756104 0.103599 0.090202
3 0.388866 0.677836 0.103599 0.090202
3 0.561430 0.954309 0.103599 0.089752
3 0.537853 0.913961 0.103599 0.090202
3 0.980728 0.128093 0.036916 0.085897
3 0.025522 0.403081 0.051044 0.106420
3 0.028459 0.512653 0.056919 0.101823
3 0.351721 0.975498 0.099173 0.047376
2 0.046458 0.703371 0.092917 0.077303
2 0.335872 0.580310 0.117956 0.127403
2 0.446526 0.194035 0.103149 0.135976
2 0.802109 0.314361 0.105879 0.155264
0 0.034662 0.440081 0.069324 0.094894
0 0.370590 0.627627 0.084180 0.066912
0 0.458168 0.789963 0.089916 0.075490
0 0.492114 0.827377 0.088060 0.074938
0 0.544351 0.902682 0.089874 0.073751
0 0.519961 0.865800 0.088139 0.071010
0 0.573349 0.942110 0.084206 0.073337
0 0.909785 0.826460 0.107077 0.090069
0 0.416062 0.713678 0.099129 0.083242
0 0.437314 0.748027 0.102063 0.082224
0 0.396125 0.668527 0.086050 0.070756
0 0.267232 0.883731 0.091607 0.074499
0 0.242595 0.842537 0.091607 0.074499
0 0.216808 0.805818 0.091607 0.074498
0 0.185446 0.769592 0.089099 0.077383
0 0.316768 0.956732 0.088399 0.075416
0 0.292200 0.924034 0.087064 0.076291
0 0.908251 0.321073 0.083596 0.095450
