1 0.325283 0.667549 0.649907 0.664901
3 0.109630 0.710022 0.090652 0.106224
3 0.162774 0.793221 0.090653 0.106224
3 0.046901 0.867168 0.090652 0.106224
3 0.085698 0.841249 0.090652 0.106224
3 0.124644 0.816482 0.090653 0.105454
3 0.071267 0.734288 0.090653 0.106224
3 0.201767 0.768086 0.090653 0.106224
3 0.241811 0.744398 0.090652 0.106223
3 0.279792 0.720223 0.090653 0.106224
3 0.389323 0.891079 0.090653 0.106224
3 0.350277 0.916320 0.090653 0.106223
3 0.312116 0.939488 0.090653 0.106224
3 0.157954 0.677886 0.108329 0.117574
3 0.218011 0.642111 0.110969 0.119409
3 0.038344 0.759481 0.076688 0.104930
3 0.041729 0.511465 0.083458 0.106076
3 0.076746 0.483452 0.090001 0.102258
3 0.023428 0.542467 0.046856 0.098976
3 0.027333 0.893043 0.051473 0.105137
3 0.273501 0.955123 0.093828 0.088125
3 0.230162 0.969435 0.078090 0.059502
3 0.442632 0.961549 0.088139 0.075274
3 0.394895 0.973093 0.072861 0.052185
2 0.290967 0.673235 0.082160 0.106860
2 0.451183 0.922507 0.090748 0.125246
