1 0.539666 0.479974 0.920667 0.959948
2 0.808806 0.631042 0.214303 0.127858
2 0.443335 0.028330 0.108992 0.056661
2 0.979016 0.227685 0.041968 0.094762
3 0.880296 0.138658 0.117547 0.094929
3 0.970746 0.144572 0.058507 0.076501
3 0.958818 0.092556 0.082364 0.088591
3 0.833798 0.060470 0.117547 0.068992
3 0.859351 0.094977 0.117547 0.094929
3 0.959471 0.324634 0.081058 0.087928
3 0.946838 0.063650 0.106323 0.058286
3 0.904928 0.185084 0.117547 0.094930
3 0.790774 0.035987 0.063514 0.030471
3 0.922322 0.232753 0.107357 0.088824
3 0.946049 0.276983 0.105938 0.087005
3 0.989257 0.189243 0.021487 0.052876
3 0.970890 0.375075 0.058219 0.076569
3 0.674428 0.244567 0.123187 0.096843
3 0.505334 0.160718 0.123187 0.096843
3 0.479315 0.113606 0.123187 0.096842
3 0.456483 0.067343 0.123187 0.096842
3 0.556499 0.033608 0.123187 0.065295
3 0.579973 0.063017 0.123186 0.096843
3 0.602411 0.108269 0.123186 0.096843
3 0.576390 0.294248 0.123187 0.096843
3 0.552882 0.248992 0.123187 0.096843
3 0.650178 0.198716 0.123187 0.096843
3 0.625705 0.154280 0.123187 0.096843
3 0.528803 0.205215 0.123186 0.096843
3 0.793274 0.471623 0.123187 0.096843
3 0.769501 0.425772 0.123186 0.096843
3 0.599689 0.339123 0.123187 0.096843
3 0.698942 0.290507 0.123187 0.096843
3 0.695795 0.521049 0.123186 0.096843
3 0.671391 0.476501 0.123187 0.096843
3 0.718512 0.567736 0.123187 0.096843
3 0.821611 0.529568 0.133121 0.117209
3 0.858580 0.599215 0.133121 0.117210
3 0.752431 0.378029 0.111338 0.089884
3 0.641001 0.434866 0.111338 0.089884
3 0.618889 0.389761 0.111338 0.089884
3 0.728282 0.333753 0.111338 0.089884
3 0.290274 0.270687 0.139338 0.105564
3 0.313918 0.315908 0.139338 0.105563
3 0.406561 0.497686 0.139338 0.105564
3 0.337121 0.361459 0.139338 0.105563
3 0.359844 0.406509 0.139338 0.105563
3 0.382690 0.453226 0.139338 0.105563
3 0.433231 0.543207 0.139338 0.105563
3 0.196553 0.088588 0.139338 0.105564
3 0.219954 0.135281 0.139338 0.105563
3 0.242003 0.180619 0.139338 0.105563
3 0.264695 0.224202 0.139338 0.105563
3 0.454880 0.587854 0.140968 0.107341
3 0.141802 0.026428 0.124293 0.052857
3 0.173730 0.046855 0.139338 0.093710
3 0.477253 0.635714 0.139338 0.105563
3 0.550525 0.772639 0.139338 0.105563
3 0.524378 0.724747 0.139338 0.105563
3 0.503024 0.677781 0.139338 0.105563
3 0.983087 0.425095 0.033826 0.067879
0 0.466382 0.587882 0.132194 0.096258
2 0.684052 0.386571 0.066896 0.093634
2 0.586346 0.869311 0.173270 0.185903
