1 0.446197 0.470182 0.886923 0.940363
2 0.579552 0.198194 0.112284 0.193748
2 0.048995 0.574454 0.095414 0.104347
2 0.204731 0.068373 0.082700 0.060783
3 0.133835 0.172467 0.090160 0.104305
3 0.121546 0.065862 0.090160 0.104305
3 0.082456 0.090695 0.090160 0.104305
3 0.056261 0.220989 0.090160 0.104305
3 0.096559 0.194528 0.090160 0.104305
3 0.288780 0.071471 0.090160 0.104305
3 0.045080 0.115470 0.090160 0.104305
3 0.173268 0.146909 0.090160 0.104305
3 0.025093 0.141538 0.049464 0.098759
3 0.032210 0.246015 0.064420 0.102401
3 0.214390 0.127608 0.083538 0.095827
3 0.251934 0.103011 0.082101 0.094592
3 0.154744 0.041024 0.082186 0.082048
3 0.198382 0.029424 0.073746 0.058541
3 0.327048 0.049894 0.089747 0.099787
3 0.244178 0.347355 0.092047 0.109485
3 0.182668 0.504507 0.092047 0.109485
3 0.142731 0.531355 0.092046 0.109485
3 0.103303 0.555297 0.092046 0.109485
3 0.051410 0.470068 0.092046 0.109484
3 0.089826 0.445638 0.092047 0.109484
3 0.128384 0.422125 0.092047 0.109484
3 0.296070 0.430809 0.092047 0.109485
3 0.257591 0.455276 0.092047 0.109485
3 0.205226 0.372528 0.092047 0.109485
3 0.167553 0.397790 0.092047 0.109485
3 0.220474 0.480135 0.092047 0.109484
3 0.437163 0.223801 0.092047 0.109485
3 0.398174 0.248549 0.092047 0.109484
3 0.334226 0.406559 0.092047 0.109485
3 0.283187 0.321939 0.092047 0.109485
3 0.488785 0.306777 0.092047 0.109484
3 0.451006 0.331986 0.092047 0.109484
3 0.528600 0.282904 0.092047 0.109485
3 0.486611 0.194218 0.109182 0.120141
3 0.545767 0.155860 0.109182 0.120141
3 0.357031 0.267564 0.084715 0.099300
3 0.416340 0.362388 0.084715 0.099300
3 0.377888 0.385599 0.084715 0.099300
3 0.319474 0.292524 0.084715 0.099300
3 0.297480 0.687599 0.100933 0.122897
3 0.335917 0.663015 0.100932 0.122897
3 0.490614 0.566329 0.100933 0.122897
3 0.374683 0.638797 0.100932 0.122897
3 0.413040 0.615046 0.100932 0.122897
3 0.452872 0.591056 0.100932 0.122897
3 0.529083 0.539026 0.100932 0.122897
3 0.142582 0.785271 0.100933 0.122897
3 0.182350 0.760788 0.100932 0.122897
3 0.221015 0.737615 0.100932 0.122897
3 0.258068 0.714007 0.100932 0.122897
3 0.567226 0.516107 0.102518 0.124403
3 0.067421 0.834237 0.100933 0.122897
3 0.101908 0.809314 0.100932 0.122897
3 0.608051 0.492605 0.100932 0.122897
3 0.724305 0.416669 0.100932 0.122897
3 0.683684 0.443691 0.100932 0.122897
3 0.643513 0.466371 0.100932 0.122897
3 0.037796 0.858840 0.075591 0.116827
3 0.028544 0.495581 0.055391 0.108524
3 0.364263 0.037324 0.093113 0.074647
0 0.566168 0.506177 0.092228 0.116599
2 0.370089 0.327888 0.081512 0.065195
2 0.807488 0.377257 0.167850 0.160253
