1 0.730308 0.663232 0.539383 0.673535
3 0.814924 0.899468 0.109821 0.105099
3 0.893794 0.829521 0.109821 0.105100
3 0.980373 0.915969 0.039254 0.034577
3 0.951206 0.894892 0.097587 0.089308
3 0.924556 0.865785 0.108728 0.105100
3 0.846924 0.921128 0.109821 0.075606
3 0.860771 0.792594 0.109821 0.105100
3 0.829099 0.754318 0.109820 0.105099
3 0.797257 0.718298 0.109821 0.105100
3 0.952124 0.574237 0.095752 0.105100
3 0.968697 0.617641 0.062607 0.092223
3 0.984101 0.667215 0.031798 0.064338
3 0.773037 0.853608 0.125083 0.121614
3 0.725071 0.796511 0.127441 0.124099
3 0.581454 0.959591 0.105481 0.080818
2 0.745336 0.715008 0.106505 0.100276
2 0.960040 0.516149 0.079920 0.088410
