3 0.349192 0.353813 0.109417 0.104905
1 0.383321 0.375776 0.766641 0.751552
3 0.592896 0.033321 0.094729 0.066643
3 0.664283 0.075310 0.102551 0.104440
3 0.593410 0.153025 0.102551 0.104440
3 0.547317 0.017518 0.064905 0.035036
3 0.488128 0.057603 0.102551 0.104440
3 0.523996 0.090050 0.102551 0.104440
3 0.559293 0.122069 0.102552 0.104440
3 0.628471 0.047934 0.102551 0.095868
3 0.835780 0.389911 0.102551 0.104440
3 0.905196 0.456249 0.102552 0.104440
3 0.404014 0.021800 0.069529 0.043600
3 0.452565 0.038858 0.102551 0.077716
3 0.940901 0.488662 0.102551 0.104440
3 0.873723 0.424775 0.102551 0.104440
1 0.617819 0.596578 0.764363 0.806844
3 0.962085 0.522611 0.075830 0.112520
3 0.980525 0.572955 0.038949 0.078091
3 0.980317 0.432903 0.039366 0.068131
3 0.957302 0.387701 0.066559 0.091625
3 0.931860 0.343825 0.087333 0.112520
3 0.905589 0.309580 0.107076 0.112520
3 0.864821 0.716089 0.107075 0.112520
3 0.902941 0.751658 0.107075 0.112520
3 0.938696 0.784058 0.107075 0.112519
3 0.960884 0.818634 0.078232 0.112519
3 0.795638 0.796437 0.107076 0.112520
3 0.830070 0.830222 0.107075 0.112519
3 0.866667 0.865524 0.107076 0.112520
3 0.978476 0.860629 0.043048 0.060507
3 0.899931 0.884701 0.109737 0.079046
3 0.639289 0.950064 0.107536 0.084379
2 0.593624 0.951539 0.101407 0.096921
3 0.575761 0.698391 0.109417 0.104905
3 0.473525 0.805648 0.109418 0.104905
3 0.441324 0.842213 0.109417 0.104905
3 0.407031 0.879369 0.109417 0.104905
3 0.374103 0.914898 0.109417 0.104905
3 0.340677 0.949827 0.109417 0.100346
3 0.300423 0.967489 0.106282 0.065022
3 0.540729 0.732790 0.109418 0.104905
3 0.509807 0.769108 0.109417 0.104905
3 0.609880 0.662709 0.109417 0.104905
3 0.095824 0.286687 0.109417 0.104905
3 0.123826 0.250234 0.109417 0.104905
3 0.159736 0.210667 0.109417 0.104905
3 0.029200 0.406592 0.058399 0.089890
3 0.043739 0.363515 0.087478 0.104905
3 0.062245 0.328117 0.109417 0.104905
3 0.143158 0.577438 0.109417 0.104905
3 0.177424 0.539519 0.109417 0.104905
3 0.211111 0.502976 0.109417 0.104905
3 0.281007 0.431807 0.109417 0.104905
3 0.244686 0.469660 0.109417 0.104905
3 0.312188 0.395260 0.109417 0.104905
3 0.072565 0.652404 0.108237 0.104905
3 0.107681 0.616498 0.109417 0.104905
2 0.218901 0.072217 0.043517 0.031620
2 0.397352 0.315625 0.147582 0.118361
2 0.833911 0.318662 0.127482 0.137065
2 0.806218 0.724647 0.144146 0.145802
0 0.359858 0.362099 0.084109 0.085558
0 0.214848 0.498723 0.092098 0.089180
0 0.185027 0.544572 0.092705 0.088233
0 0.121355 0.620508 0.090675 0.090049
0 0.153388 0.584637 0.086882 0.089418
0 0.088790 0.661392 0.088024 0.084358
0 0.303126 0.963935 0.110190 0.072130
0 0.282625 0.432921 0.104447 0.098154
0 0.252727 0.466465 0.101883 0.101971
0 0.324154 0.400289 0.088200 0.086665
0 0.063709 0.326013 0.093264 0.090456
0 0.099765 0.288828 0.093264 0.090456
0 0.130837 0.251694 0.093263 0.090456
0 0.160294 0.207886 0.094844 0.089691
0 0.023447 0.406652 0.046894 0.074020
0 0.037342 0.362226 0.074684 0.088793
0 0.828543 0.837074 0.095524 0.102231
