1 0.459077 0.550295 0.918154 0.899409
2 0.189037 0.421279 0.203687 0.119428
2 0.564609 0.972062 0.105598 0.055877
2 0.038754 0.811087 0.061857 0.088185
3 0.145736 0.889628 0.110478 0.092973
3 0.044062 0.898659 0.088124 0.092973
3 0.057629 0.939125 0.110478 0.089650
3 0.194038 0.958507 0.110478 0.063582
3 0.167623 0.929741 0.110478 0.092973
3 0.050098 0.722544 0.100196 0.092973
3 0.085775 0.960848 0.103674 0.052455
3 0.120240 0.847110 0.110478 0.092974
3 0.101443 0.803054 0.101258 0.086473
3 0.076899 0.762563 0.099940 0.084875
3 0.025678 0.856034 0.051356 0.071967
3 0.014122 0.805500 0.028245 0.055853
3 0.038234 0.678656 0.076469 0.087235
3 0.334289 0.779721 0.115890 0.094892
3 0.497716 0.850359 0.115890 0.094892
3 0.524552 0.893455 0.115890 0.094891
3 0.548343 0.935907 0.115890 0.094891
3 0.456572 0.969890 0.115889 0.059709
3 0.432229 0.946079 0.115889 0.094892
3 0.408858 0.904559 0.115889 0.094892
3 0.424188 0.728081 0.115890 0.094892
3 0.448568 0.769552 0.115890 0.094892
3 0.359396 0.821715 0.115890 0.094892
3 0.384644 0.862366 0.115890 0.094892
3 0.473412 0.809601 0.115889 0.094892
3 0.211126 0.571700 0.115890 0.094892
3 0.235783 0.613718 0.115889 0.094892
3 0.400025 0.686958 0.115890 0.094892
3 0.308928 0.737655 0.115890 0.094892
3 0.300512 0.520327 0.115889 0.094892
3 0.325700 0.561088 0.115889 0.094892
3 0.276807 0.477470 0.115890 0.094892
3 0.181682 0.518487 0.126393 0.113439
3 0.143418 0.454704 0.126393 0.113440
3 0.254277 0.657816 0.104962 0.087619
3 0.356439 0.598775 0.104962 0.087619
3 0.379495 0.640172 0.104962 0.087619
3 0.279211 0.698333 0.104962 0.087619
3 0.694938 0.736087 0.130487 0.103815
3 0.670434 0.694656 0.130487 0.103815
3 0.574189 0.527993 0.130487 0.103815
3 0.646327 0.652893 0.130487 0.103815
3 0.622698 0.611576 0.130487 0.103815
3 0.598870 0.568697 0.130487 0.103815
3 0.546819 0.486429 0.130487 0.103815
3 0.792215 0.902998 0.130487 0.103815
3 0.767866 0.860168 0.130487 0.103815
3 0.744856 0.818549 0.130487 0.103815
3 0.721330 0.778613 0.130487 0.103815
3 0.524122 0.445401 0.132057 0.105491
3 0.841074 0.966070 0.130487 0.067861
3 0.816067 0.946768 0.130487 0.103815
3 0.500783 0.401461 0.130487 0.103815
3 0.425000 0.276093 0.130487 0.103815
3 0.451995 0.319917 0.130487 0.103815
3 0.474429 0.363105 0.130487 0.103815
3 0.890601 0.988778 0.050959 0.022444
3 0.025664 0.631932 0.051328 0.077577
0 0.513487 0.446061 0.123799 0.094786
2 0.318321 0.646317 0.066569 0.087006
2 0.386502 0.186882 0.166969 0.176554
