3 0.358997 0.640466 0.104584 0.092202
1 0.324663 0.567426 0.649327 0.865149
3 0.106180 0.338460 0.086770 0.103602
3 0.176863 0.290895 0.086769 0.103602
3 0.231476 0.372981 0.086769 0.103602
3 0.070477 0.359186 0.086770 0.103602
3 0.120809 0.447102 0.086769 0.103602
3 0.158456 0.421836 0.086769 0.103602
3 0.195583 0.396993 0.086769 0.103603
3 0.139943 0.316287 0.086769 0.103602
3 0.501899 0.206253 0.086769 0.103602
3 0.577979 0.158160 0.086769 0.103603
3 0.044461 0.496717 0.086769 0.103603
3 0.083541 0.472167 0.086769 0.103602
3 0.037987 0.385007 0.075974 0.103602
3 0.615558 0.133035 0.086769 0.103602
3 0.542215 0.179649 0.086769 0.103602
1 0.651329 0.442117 0.697342 0.884233
3 0.654878 0.107063 0.094368 0.107288
3 0.693374 0.081031 0.094368 0.107287
3 0.730203 0.055690 0.094367 0.107287
3 0.561366 0.051082 0.094368 0.102164
3 0.522634 0.074234 0.094368 0.107287
3 0.484104 0.099241 0.094368 0.107288
3 0.444760 0.124348 0.094368 0.107288
3 0.805257 0.253616 0.094368 0.107287
3 0.846253 0.227010 0.094368 0.107287
3 0.883831 0.201837 0.094367 0.107287
3 0.923581 0.176379 0.094367 0.107287
3 0.862648 0.334763 0.094368 0.107288
3 0.901185 0.311107 0.094367 0.107287
3 0.941593 0.285826 0.094368 0.107288
3 0.600644 0.039141 0.091636 0.078282
3 0.648369 0.027001 0.073467 0.054001
3 0.772405 0.041457 0.091009 0.082914
3 0.956045 0.152518 0.077281 0.107643
3 0.966287 0.263321 0.060988 0.110042
3 0.965903 0.515096 0.068194 0.108208
2 0.960744 0.557387 0.078513 0.115298
3 0.723790 0.512533 0.104584 0.092202
3 0.798161 0.629845 0.104584 0.092202
3 0.824116 0.667425 0.104584 0.092202
3 0.850135 0.707043 0.104584 0.092202
3 0.874983 0.745050 0.104584 0.092202
3 0.901245 0.783890 0.104584 0.092202
3 0.924601 0.827089 0.104584 0.092202
3 0.747133 0.552197 0.104584 0.092202
3 0.773153 0.588558 0.104584 0.092202
3 0.699073 0.473408 0.104584 0.092202
3 0.240485 0.855695 0.104584 0.092202
3 0.213679 0.821959 0.104584 0.092202
3 0.185835 0.780325 0.104584 0.092202
3 0.321822 0.959442 0.104584 0.081117
3 0.296064 0.930470 0.104584 0.092202
3 0.270553 0.895633 0.104584 0.092202
3 0.515672 0.878578 0.104584 0.092202
3 0.488953 0.838813 0.104584 0.092202
3 0.463355 0.799885 0.104584 0.092202
3 0.414474 0.720172 0.104584 0.092202
3 0.440667 0.761792 0.104584 0.092202
3 0.388304 0.683523 0.104584 0.092202
3 0.567715 0.956836 0.104584 0.085228
3 0.543154 0.919704 0.104584 0.092202
3 0.976138 0.115567 0.035873 0.081126
3 0.021160 0.420449 0.042320 0.091163
3 0.025061 0.523038 0.050123 0.102827
3 0.362456 0.980451 0.083884 0.039098
2 0.046435 0.713657 0.085261 0.076028
2 0.333166 0.585929 0.119004 0.129787
2 0.437918 0.193107 0.106071 0.136608
2 0.799842 0.308632 0.109324 0.155912
0 0.030673 0.449374 0.061346 0.095532
0 0.368927 0.633037 0.085000 0.068581
0 0.460368 0.795691 0.090652 0.077197
0 0.495362 0.832951 0.088838 0.076713
0 0.549551 0.908175 0.090667 0.075462
0 0.524223 0.871280 0.088987 0.072631
0 0.579553 0.947513 0.084948 0.074904
0 0.917823 0.824618 0.107897 0.092125
0 0.416398 0.719280 0.099931 0.085307
0 0.438611 0.753647 0.102945 0.084182
0 0.395485 0.673965 0.086838 0.072474
0 0.268922 0.893901 0.092332 0.076334
0 0.243278 0.852674 0.092332 0.076334
0 0.216549 0.815992 0.092332 0.076333
0 0.184127 0.779879 0.089912 0.079160
0 0.320357 0.964167 0.089256 0.071667
0 0.294818 0.934277 0.087931 0.078059
0 0.907305 0.313567 0.085502 0.096286
