0 0.571875 0.032813 0.031250 0.065625
0 0.039844 0.546875 0.074219 0.039844
0 0.949219 0.715625 0.029687 0.082812
0 0.700000 0.250000 0.032031 0.083594
0 0.364844 0.950781 0.033594 0.075000
0 0.684375 0.714063 0.037500 0.081250
0 0.651563 0.033594 0.035156 0.066406
0 0.819531 0.033594 0.036719 0.064844
0 0.641406 0.935937 0.039844 0.081250
0 0.825000 0.713281 0.037500 0.072656
0 0.734375 0.940625 0.036719 0.071094
0 0.692187 0.417969 0.040625 0.077344
0 0.903125 0.924219 0.039844 0.094531
0 0.985156 0.950781 0.029687 0.095312
1 0.499593 0.499593 0.999186 0.999186
