2 0.216529 0.249685 0.174375 0.090590
2 0.522189 0.299730 0.156352 0.062473
2 0.834510 0.370492 0.160031 0.062304
2 0.819017 0.432399 0.039911 0.044401
2 0.787524 0.568090 0.044461 0.046753
2 0.724901 0.835498 0.173798 0.103951
2 0.686109 0.990640 0.039782 0.018719
2 0.477836 0.498625 0.043986 0.039744
2 0.445804 0.635358 0.040525 0.038820
2 0.411953 0.772287 0.043948 0.042027
2 0.110006 0.702848 0.176587 0.070663
3 0.148438 0.313281 0.093750 0.060937
3 0.138281 0.354687 0.100000 0.064062
3 0.130469 0.396875 0.095312 0.062500
3 0.120313 0.438281 0.092188 0.060937
3 0.110156 0.479687 0.092188 0.060937
1 0.500000 0.500000 1.000000 1.000000
1 0.103123 0.521097 0.092742 0.059283
3 0.103380 0.521653 0.092742 0.059283
3 0.092866 0.564388 0.092742 0.059283
3 0.073644 0.650282 0.092743 0.059283
3 0.083248 0.606214 0.092743 0.059282
3 0.246601 0.299801 0.098055 0.058112
3 0.238281 0.342969 0.101562 0.067187
3 0.225781 0.391406 0.101562 0.067187
3 0.216406 0.436719 0.101562 0.067187
3 0.204687 0.480469 0.101562 0.067187
3 0.193750 0.526563 0.101562 0.067187
3 0.183594 0.572656 0.101562 0.067187
3 0.172656 0.618750 0.101562 0.067187
3 0.161719 0.668750 0.101562 0.067187
3 0.447656 0.417969 0.101562 0.067187
3 0.457031 0.372656 0.101562 0.067187
3 0.110156 0.890625 0.101562 0.068750
3 0.121094 0.843750 0.101562 0.067187
3 0.132031 0.798438 0.101562 0.067187
3 0.142969 0.751563 0.101562 0.067187
3 0.508594 0.576562 0.101562 0.067187
3 0.383594 0.693750 0.101562 0.067187
3 0.352344 0.829688 0.101562 0.067187
3 0.341406 0.875781 0.101562 0.068750
3 0.330469 0.921875 0.101562 0.068750
3 0.415625 0.555469 0.101562 0.067187
3 0.469531 0.326562 0.101562 0.067187
3 0.478125 0.714844 0.101562 0.067187
3 0.446094 0.851562 0.101562 0.067187
3 0.435156 0.896875 0.101562 0.067187
3 0.425781 0.942969 0.101562 0.067187
3 0.540625 0.438281 0.101562 0.067187
3 0.550000 0.394531 0.101562 0.067187
3 0.561719 0.348438 0.101562 0.067187
3 0.714844 0.673438 0.101562 0.067187
3 0.817969 0.647656 0.101562 0.067187
3 0.724219 0.626563 0.101562 0.067187
3 0.850781 0.510156 0.101562 0.067187
3 0.757031 0.489844 0.101562 0.067187
3 0.695312 0.766406 0.101562 0.067187
3 0.705469 0.719531 0.101562 0.067187
3 0.796875 0.739062 0.101562 0.068750
3 0.807813 0.694531 0.101562 0.067187
3 0.657031 0.919531 0.101562 0.067187
3 0.750781 0.942969 0.101562 0.067187
3 0.562500 0.083594 0.078125 0.101562
3 0.613281 0.095312 0.065625 0.098437
3 0.704688 0.115625 0.065625 0.098437
3 0.749219 0.125781 0.065625 0.098437
3 0.792969 0.136719 0.065625 0.098437
3 0.660937 0.106250 0.065625 0.098437
3 0.053906 0.734375 0.090625 0.070312
3 0.043750 0.778906 0.087500 0.060937
3 0.039062 0.821875 0.078125 0.059375
3 0.033594 0.864062 0.067187 0.062500
3 0.434941 0.461762 0.103298 0.060309
3 0.371262 0.736423 0.103299 0.060309
3 0.776716 0.397737 0.103299 0.060309
3 0.743212 0.535139 0.103299 0.060308
3 0.424785 0.510024 0.102460 0.065956
3 0.390205 0.646329 0.102460 0.065956
3 0.360096 0.784391 0.102460 0.065956
3 0.321875 0.957812 0.098437 0.048438
3 0.415625 0.977344 0.100000 0.045312
3 0.529619 0.485123 0.099096 0.065985
3 0.499641 0.623293 0.099097 0.065985
3 0.871714 0.420072 0.099097 0.065985
3 0.841665 0.556907 0.099097 0.065985
3 0.469705 0.760585 0.099096 0.065984
3 0.401990 0.598874 0.105851 0.064235
3 0.518932 0.533428 0.101289 0.060145
3 0.487798 0.670823 0.101288 0.060145
3 0.457246 0.808264 0.101288 0.060145
3 0.764490 0.443134 0.096499 0.066736
3 0.732027 0.580675 0.096500 0.066736
3 0.860609 0.467417 0.101629 0.062702
3 0.830039 0.606943 0.101629 0.062701
3 0.785156 0.789062 0.101562 0.068750
3 0.666406 0.878125 0.101562 0.064062
3 0.758594 0.897656 0.100000 0.060937
3 0.648362 0.965718 0.100441 0.058438
3 0.630623 0.988979 0.078794 0.022043
3 0.742016 0.977129 0.096126 0.045743
0 0.138281 0.354687 0.093750 0.054688
0 0.110156 0.435156 0.087500 0.056250
0 0.029687 0.873437 0.059375 0.056250
0 0.211719 0.436719 0.092188 0.059375
0 0.185938 0.522656 0.081250 0.048438
0 0.679688 0.767969 0.114062 0.059375
0 0.752344 0.943750 0.085938 0.054688
