0 0.823438 0.845313 0.032031 0.083594
0 0.458594 0.133594 0.035156 0.086719
0 0.777344 0.756250 0.029687 0.078906
0 0.539844 0.045312 0.073438 0.038281
0 0.914062 0.844531 0.032031 0.083594
0 0.913281 0.739062 0.039844 0.087500
0 0.089063 0.219531 0.033594 0.062500
0 0.865625 0.450781 0.033594 0.076563
0 0.212500 0.734375 0.042188 0.100000
0 0.025000 0.123438 0.042969 0.079687
0 0.362500 0.844531 0.037500 0.074219
0 0.010156 0.221875 0.019531 0.081250
0 0.990625 0.853125 0.018750 0.064062
1 0.500361 0.500306 0.997650 0.997760
