2 0.155322 0.393166 0.169500 0.109846
2 0.467943 0.322080 0.167677 0.050508
2 0.799909 0.275041 0.168669 0.053123
2 0.806115 0.341363 0.041974 0.047909
2 0.827786 0.486316 0.046056 0.047547
2 0.865090 0.770322 0.182800 0.093560
2 0.891033 0.938205 0.045620 0.027934
2 0.498561 0.533405 0.045719 0.039733
2 0.518060 0.678900 0.043308 0.041056
2 0.537167 0.824327 0.046959 0.043252
2 0.214708 0.868500 0.184587 0.057618
3 0.107813 0.475781 0.095312 0.056250
3 0.113281 0.520312 0.101562 0.056250
3 0.121094 0.563281 0.096875 0.059375
3 0.127344 0.608594 0.093750 0.056250
3 0.132812 0.652344 0.093750 0.056250
1 0.500000 0.500000 1.000000 1.000000
1 0.141384 0.694763 0.092983 0.058119
3 0.141844 0.695210 0.092982 0.058119
3 0.147593 0.740860 0.092983 0.058120
3 0.161013 0.831894 0.092982 0.058119
3 0.153876 0.785285 0.092982 0.058119
3 0.200010 0.426844 0.100724 0.057604
3 0.206250 0.471094 0.106250 0.064062
3 0.211719 0.522656 0.106250 0.064062
3 0.219531 0.571094 0.106250 0.064062
3 0.225000 0.617969 0.106250 0.064062
3 0.231250 0.667188 0.106250 0.064062
3 0.238281 0.715625 0.106250 0.064062
3 0.246094 0.764844 0.106250 0.064062
3 0.254688 0.817969 0.106250 0.064062
3 0.438281 0.466406 0.106250 0.064062
3 0.430469 0.417187 0.106250 0.064062
3 0.278125 0.985938 0.106250 0.028125
3 0.272656 0.955469 0.106250 0.064062
3 0.265625 0.906250 0.106250 0.064062
3 0.557813 0.597656 0.106250 0.064062
3 0.479687 0.758594 0.106250 0.064062
3 0.500000 0.903125 0.106250 0.064062
3 0.506250 0.953125 0.106250 0.064062
3 0.510156 0.983594 0.101562 0.032813
3 0.458594 0.612500 0.106250 0.064062
3 0.425781 0.368750 0.106250 0.064062
3 0.579688 0.743750 0.106250 0.064062
3 0.600000 0.889844 0.106250 0.064062
3 0.605469 0.938281 0.106250 0.064062
3 0.610938 0.975000 0.103125 0.042188
3 0.537500 0.450781 0.106250 0.064062
3 0.529687 0.403906 0.106250 0.064062
3 0.524219 0.355469 0.106250 0.064062
3 0.795312 0.614844 0.106250 0.064062
3 0.886719 0.551562 0.106250 0.064062
3 0.786719 0.565625 0.106250 0.064062
3 0.867188 0.404687 0.106250 0.064062
3 0.767969 0.419531 0.106250 0.064062
3 0.810937 0.712500 0.106250 0.064062
3 0.803906 0.664062 0.106250 0.064062
3 0.899219 0.648438 0.106250 0.064062
3 0.893750 0.600781 0.106250 0.064062
3 0.831250 0.876563 0.106250 0.064062
3 0.930469 0.864062 0.106250 0.064062
3 0.425000 0.096875 0.075000 0.101562
3 0.478906 0.089063 0.059375 0.100000
3 0.575781 0.075000 0.059375 0.100000
3 0.623437 0.067969 0.059375 0.100000
3 0.670312 0.060937 0.059375 0.100000
3 0.529687 0.082812 0.059375 0.100000
3 0.172656 0.923438 0.090625 0.065625
3 0.178125 0.970313 0.093750 0.059375
3 0.185938 0.993750 0.090625 0.012500
3 0.443398 0.514399 0.101728 0.063599
3 0.484150 0.806330 0.101728 0.063599
3 0.752989 0.323861 0.101728 0.063600
3 0.771767 0.470519 0.101728 0.063600
3 0.452012 0.565466 0.106192 0.059447
3 0.469329 0.711456 0.106192 0.059447
3 0.491668 0.857487 0.106192 0.059446
3 0.542341 0.498376 0.107931 0.057654
3 0.564850 0.644464 0.107931 0.057654
3 0.851860 0.306716 0.107931 0.057654
3 0.873799 0.451529 0.107931 0.057654
3 0.587068 0.789679 0.107930 0.057654
3 0.462604 0.662032 0.103998 0.066652
3 0.552265 0.548693 0.098224 0.065803
3 0.573354 0.694457 0.098225 0.065802
3 0.595028 0.840048 0.098225 0.065802
3 0.760125 0.371621 0.107089 0.060140
3 0.779971 0.518026 0.107089 0.060141
3 0.861166 0.355915 0.100701 0.061845
3 0.883604 0.503547 0.100701 0.061846
3 0.907031 0.701562 0.103125 0.064062
3 0.825000 0.833594 0.103125 0.056250
3 0.922656 0.817969 0.101562 0.056250
3 0.838421 0.926092 0.101932 0.061194
3 0.939091 0.910992 0.102163 0.060610
0 0.113281 0.519531 0.095312 0.050000
0 0.115625 0.609375 0.089063 0.051562
0 0.215625 0.572656 0.095312 0.056250
0 0.222656 0.666406 0.082812 0.043750
0 0.796094 0.721094 0.120313 0.053125
0 0.932813 0.864062 0.089063 0.051562
