1 0.500000 0.500000 1.000000 1.000000
2 0.979688 0.400000 0.040625 0.125000
2 0.891406 0.887500 0.071875 0.059375
2 0.882031 0.932813 0.068750 0.056250
2 0.329284 0.488983 0.409330 0.977967
2 0.583594 0.982812 0.170313 0.034375
2 0.760595 0.255751 0.037089 0.054086
2 0.790999 0.116479 0.037235 0.041187
2 0.661954 0.672008 0.038256 0.042283
2 0.694298 0.533411 0.041124 0.042947
2 0.629431 0.811649 0.040909 0.045752
3 0.823438 0.196875 0.104688 0.068750
3 0.789062 0.334375 0.104688 0.068750
3 0.694531 0.313281 0.104688 0.068750
3 0.684375 0.357812 0.104688 0.068750
3 0.674219 0.404687 0.104688 0.068750
3 0.725781 0.174219 0.104688 0.068750
3 0.726562 0.612500 0.104688 0.068750
3 0.663281 0.451562 0.104688 0.068750
3 0.760156 0.474219 0.104688 0.068750
3 0.769531 0.426563 0.104688 0.068750
3 0.777344 0.382812 0.104688 0.068750
3 0.660937 0.889062 0.104688 0.068750
3 0.598437 0.728125 0.104688 0.068750
3 0.695312 0.751563 0.104688 0.068750
3 0.631250 0.591406 0.104688 0.068750
3 0.649219 0.935937 0.104688 0.068750
3 0.555469 0.915625 0.104688 0.068750
3 0.564844 0.867188 0.104688 0.068750
3 0.833294 0.152684 0.103605 0.062910
3 0.673370 0.847078 0.103605 0.062910
3 0.738365 0.570296 0.103605 0.062910
3 0.804002 0.290588 0.103605 0.062911
3 0.845523 0.103480 0.099544 0.067299
3 0.687076 0.797464 0.099544 0.067299
3 0.719611 0.659328 0.099544 0.067299
3 0.750738 0.519980 0.099544 0.067299
3 0.816935 0.240750 0.099543 0.067299
3 0.748604 0.079460 0.107061 0.063326
3 0.587338 0.772235 0.107061 0.063326
3 0.621329 0.632702 0.107060 0.063326
3 0.654610 0.491459 0.107060 0.063326
3 0.715789 0.217904 0.107060 0.063326
3 0.705877 0.709923 0.105991 0.062138
3 0.735962 0.128589 0.098568 0.068593
3 0.573423 0.821357 0.098568 0.068594
3 0.605707 0.685036 0.098567 0.068594
3 0.640315 0.543716 0.098568 0.068593
3 0.703338 0.265599 0.098567 0.068594
3 0.962500 0.520312 0.075000 0.062500
3 0.991406 0.271875 0.017188 0.062500
3 0.985938 0.318750 0.028125 0.062500
3 0.853906 0.990625 0.085938 0.018750
3 0.893750 0.844531 0.085938 0.062500
3 0.903906 0.800781 0.085938 0.062500
3 0.914844 0.753125 0.085938 0.062500
3 0.957031 0.567187 0.085938 0.062500
3 0.967969 0.475000 0.064062 0.062500
3 0.925781 0.706250 0.085938 0.062500
3 0.935937 0.660937 0.085938 0.062500
3 0.946875 0.614844 0.085938 0.062500
3 0.864844 0.973437 0.082812 0.050000
3 0.445312 0.432031 0.089063 0.064062
3 0.482031 0.260156 0.089063 0.060937
3 0.473438 0.303906 0.089063 0.064062
3 0.463281 0.345313 0.089063 0.064062
3 0.454688 0.388281 0.089063 0.064062
3 0.385156 0.682813 0.089063 0.064062
3 0.395313 0.641406 0.089063 0.064062
3 0.405469 0.600781 0.089063 0.064062
3 0.414844 0.558594 0.089063 0.064062
3 0.424219 0.516406 0.089063 0.064062
3 0.433594 0.473438 0.089063 0.064062
3 0.345313 0.850000 0.089063 0.060937
3 0.355469 0.807813 0.089063 0.064062
3 0.366406 0.766406 0.089063 0.064062
3 0.374219 0.725000 0.087500 0.060937
3 0.550000 0.014063 0.084375 0.028125
3 0.543750 0.039062 0.089063 0.064062
3 0.532813 0.081250 0.090625 0.060937
3 0.523438 0.124219 0.089063 0.064062
3 0.336719 0.892969 0.089063 0.060937
3 0.325781 0.935156 0.089063 0.059375
3 0.196094 0.678906 0.089063 0.064062
3 0.206250 0.636719 0.089063 0.064062
3 0.217188 0.596094 0.089063 0.064062
3 0.227344 0.553906 0.089063 0.064062
3 0.236719 0.512500 0.089063 0.064062
3 0.247656 0.468750 0.089063 0.064062
3 0.257031 0.428906 0.089063 0.064062
3 0.334375 0.123438 0.089063 0.064062
3 0.324219 0.166406 0.089063 0.064062
3 0.178125 0.764062 0.089063 0.064062
3 0.167969 0.805469 0.089063 0.064062
3 0.158594 0.850000 0.089063 0.064062
3 0.186719 0.721094 0.089063 0.062500
3 0.152344 0.924219 0.085938 0.035937
3 0.267188 0.387500 0.089063 0.057813
3 0.316406 0.208594 0.089063 0.057813
3 0.366406 0.015625 0.089063 0.031250
3 0.354687 0.040625 0.089063 0.064062
3 0.345313 0.082812 0.089063 0.064062
3 0.027344 0.592969 0.054688 0.064062
3 0.014928 0.690679 0.029856 0.052672
3 0.042095 0.455301 0.084190 0.061737
3 0.106315 0.177732 0.095006 0.061737
3 0.128044 0.085368 0.095733 0.061737
3 0.073280 0.316512 0.093217 0.061737
3 0.146797 0.011269 0.079528 0.022538
3 0.137128 0.039608 0.088025 0.060576
3 0.116616 0.130376 0.090193 0.065841
3 0.022020 0.642539 0.044039 0.055790
3 0.052863 0.406146 0.091216 0.065473
3 0.086338 0.267281 0.092221 0.065893
3 0.062500 0.359375 0.092188 0.062500
3 0.037500 0.499219 0.075000 0.060937
3 0.032813 0.545312 0.065625 0.062500
0 0.925781 0.707812 0.084375 0.056250
0 0.782031 0.332813 0.096875 0.056250
0 0.760156 0.472656 0.118750 0.065625
0 0.731250 0.613281 0.090625 0.051562
0 0.642969 0.939063 0.100000 0.060937
0 0.550781 0.915625 0.096875 0.057813
0 0.576562 0.821094 0.114062 0.068750
0 0.595313 0.730469 0.093750 0.059375
0 0.603906 0.681250 0.095312 0.062500
0 0.616406 0.632031 0.090625 0.057813
0 0.642188 0.536719 0.100000 0.057813
0 0.664062 0.446875 0.093750 0.059375
0 0.678125 0.359375 0.093750 0.053125
0 0.447656 0.430469 0.109375 0.065625
0 0.418750 0.557813 0.096875 0.059375
0 0.395313 0.682031 0.095312 0.059375
0 0.363281 0.763281 0.090625 0.056250
0 0.333594 0.892969 0.095312 0.064062
0 0.321875 0.932031 0.089063 0.057813
0 0.210156 0.637500 0.085938 0.056250
0 0.100000 0.222656 0.101562 0.064062
0 0.067969 0.357812 0.101562 0.062500
0 0.036719 0.496094 0.073438 0.057813
0 0.010937 0.730469 0.021875 0.057813
