1 0.500416 0.500000 0.997539 0.998371
2 0.292969 0.032813 0.110156 0.065625
2 0.774219 0.032031 0.045312 0.064062
2 0.819531 0.031250 0.042188 0.062500
2 0.499561 0.638644 0.999121 0.228803
2 0.949219 0.296875 0.036719 0.159375
2 0.208309 0.293327 0.053308 0.035940
2 0.163307 0.979423 0.041120 0.038283
2 0.071053 0.294893 0.041321 0.036719
2 0.620645 0.296059 0.042005 0.037748
2 0.483125 0.295770 0.042736 0.041050
2 0.758774 0.296497 0.045705 0.040266
2 0.755699 0.978678 0.043458 0.041015
2 0.529597 0.978543 0.045169 0.041285
2 0.391683 0.978588 0.042843 0.039847
2 0.253941 0.979794 0.045101 0.038272
2 0.894191 0.979556 0.042084 0.039260
2 0.118905 0.978704 0.039328 0.040080
2 0.024266 0.979622 0.041576 0.039127
3 0.139063 0.247656 0.046094 0.093750
3 0.275781 0.250000 0.046094 0.093750
3 0.276562 0.342969 0.046094 0.093750
3 0.321094 0.342969 0.046094 0.093750
3 0.367188 0.342187 0.046094 0.093750
3 0.139844 0.343750 0.046094 0.093750
3 0.550781 0.247656 0.046094 0.093750
3 0.414062 0.342187 0.046094 0.093750
3 0.413281 0.246875 0.046094 0.093750
3 0.367188 0.248438 0.046094 0.093750
3 0.324219 0.250000 0.046094 0.093750
3 0.825000 0.249219 0.046094 0.093750
3 0.687500 0.343750 0.046094 0.093750
3 0.688281 0.246875 0.046094 0.093750
3 0.551562 0.342187 0.046094 0.093750
3 0.871875 0.250000 0.046094 0.093750
3 0.872656 0.342969 0.046094 0.093750
3 0.825000 0.344531 0.046094 0.093750
3 0.093672 0.249609 0.046904 0.094852
3 0.780712 0.249243 0.046904 0.094852
3 0.506590 0.248215 0.046904 0.094852
3 0.229580 0.247218 0.046904 0.094852
3 0.047622 0.249670 0.044879 0.094932
3 0.733956 0.248006 0.044879 0.094932
3 0.597127 0.247401 0.044879 0.094931
3 0.459464 0.248382 0.044878 0.094932
3 0.182782 0.246754 0.044879 0.094931
3 0.047871 0.342404 0.046045 0.095446
3 0.733681 0.343649 0.046045 0.095445
3 0.595224 0.341980 0.046045 0.095445
3 0.455313 0.341349 0.046045 0.095445
3 0.185051 0.343205 0.046045 0.095445
3 0.643397 0.247735 0.046782 0.096384
3 0.094083 0.342674 0.047068 0.094078
3 0.780163 0.345118 0.047068 0.094077
3 0.645093 0.344355 0.047068 0.094078
3 0.504822 0.342494 0.047068 0.094077
3 0.229874 0.343607 0.047068 0.094078
3 0.985156 0.251563 0.029687 0.090625
3 0.982812 0.334375 0.028125 0.076563
3 0.412500 0.039062 0.043750 0.078125
3 0.164844 0.039062 0.045312 0.078125
3 0.212500 0.039062 0.043750 0.078125
3 0.948438 0.039062 0.043750 0.078125
3 0.899219 0.039062 0.045312 0.078125
3 0.732031 0.039062 0.045312 0.078125
3 0.689063 0.039062 0.043750 0.078125
3 0.642188 0.039062 0.043750 0.078125
3 0.457031 0.039062 0.045312 0.078125
3 0.366406 0.039062 0.045312 0.078125
3 0.027344 0.039062 0.045312 0.078125
3 0.074219 0.039062 0.045312 0.078125
3 0.120313 0.040625 0.044531 0.078906
3 0.595313 0.039062 0.043750 0.078125
3 0.550000 0.039062 0.043750 0.078125
3 0.504687 0.039062 0.043750 0.078125
3 0.860156 0.039062 0.032813 0.078125
3 0.985938 0.039844 0.028125 0.079687
3 0.442188 0.551562 0.044531 0.078906
3 0.272656 0.553906 0.041406 0.078906
3 0.315625 0.553125 0.044531 0.078906
3 0.357031 0.553125 0.044531 0.078906
3 0.400000 0.552344 0.044531 0.078906
3 0.691406 0.553906 0.044531 0.078906
3 0.650781 0.553125 0.044531 0.078906
3 0.609375 0.552344 0.044531 0.078906
3 0.567969 0.552344 0.044531 0.078906
3 0.526563 0.553125 0.044531 0.078906
3 0.483594 0.553125 0.044531 0.078906
3 0.856250 0.554688 0.042188 0.078125
3 0.814844 0.554688 0.044531 0.078906
3 0.773438 0.553125 0.044531 0.078906
3 0.732812 0.554688 0.042188 0.077344
3 0.015625 0.543750 0.031250 0.078125
3 0.052344 0.544531 0.044531 0.078906
3 0.093750 0.546094 0.041406 0.079687
3 0.135937 0.544531 0.044531 0.078906
3 0.898438 0.553906 0.042188 0.078906
3 0.941406 0.554688 0.040625 0.078906
3 0.728125 0.731250 0.044531 0.078906
3 0.686719 0.731250 0.044531 0.078906
3 0.646094 0.730469 0.044531 0.078906
3 0.604688 0.729688 0.044531 0.078906
3 0.563281 0.729688 0.044531 0.078906
3 0.520312 0.729688 0.044531 0.078906
3 0.479687 0.728906 0.044531 0.078906
3 0.176563 0.722656 0.044531 0.078906
3 0.219531 0.722656 0.044531 0.078906
3 0.811719 0.730469 0.044531 0.078906
3 0.853906 0.730469 0.044531 0.078906
3 0.897656 0.729688 0.044531 0.078906
3 0.770312 0.731250 0.044531 0.078906
3 0.980469 0.720313 0.039062 0.082031
3 0.439063 0.728906 0.039062 0.077344
3 0.260156 0.721094 0.039062 0.078125
3 0.016406 0.723437 0.032813 0.082031
3 0.053125 0.719531 0.044531 0.078906
3 0.093750 0.721094 0.044531 0.078906
3 0.135937 0.721094 0.044531 0.078906
3 0.688281 0.932813 0.044531 0.092188
3 0.047200 0.936803 0.045541 0.095647
3 0.918557 0.939166 0.045542 0.095647
3 0.779877 0.937714 0.045541 0.095647
3 0.551222 0.936738 0.045541 0.095647
3 0.275357 0.931527 0.045541 0.095647
3 0.183792 0.930806 0.045542 0.095647
3 0.413093 0.933303 0.045542 0.095647
3 0.091488 0.935462 0.047254 0.095806
3 0.139425 0.931496 0.044136 0.088427
3 0.230500 0.931742 0.046581 0.096087
3 0.870397 0.933510 0.046581 0.097014
3 0.732963 0.934493 0.046580 0.096087
3 0.503619 0.933560 0.046580 0.096087
3 0.365787 0.930835 0.046580 0.096087
3 0.457813 0.932813 0.044531 0.092188
3 0.596875 0.935156 0.042188 0.095312
3 0.641406 0.936719 0.044531 0.100781
3 0.963281 0.937500 0.042969 0.094531
3 0.012719 0.934271 0.025437 0.091634
0 0.597656 0.039062 0.038281 0.077344
0 0.946875 0.044531 0.037500 0.089063
0 0.986719 0.035937 0.026562 0.069531
0 0.275781 0.256250 0.035156 0.086719
0 0.412500 0.246094 0.039844 0.107813
0 0.550781 0.243750 0.032031 0.082812
0 0.875000 0.255469 0.039844 0.090625
0 0.985938 0.249219 0.025000 0.082812
0 0.874219 0.347656 0.038281 0.086719
0 0.778906 0.343750 0.043750 0.103125
0 0.689844 0.346094 0.039062 0.083594
0 0.642188 0.348438 0.041406 0.083594
0 0.592969 0.347656 0.039844 0.082031
0 0.498437 0.342969 0.037500 0.089844
0 0.409375 0.342969 0.039062 0.084375
0 0.323437 0.348438 0.033594 0.085938
0 0.439844 0.549219 0.042188 0.097656
0 0.566406 0.550000 0.039844 0.086719
0 0.687500 0.543750 0.039062 0.085938
0 0.771094 0.557031 0.035937 0.082812
0 0.900000 0.556250 0.043750 0.084375
0 0.938281 0.558594 0.038281 0.078906
0 0.686719 0.727344 0.037500 0.076563
0 0.321094 0.925781 0.041406 0.097656
0 0.454688 0.928906 0.040625 0.100781
0 0.594531 0.930469 0.039062 0.080469
0 0.825000 0.933594 0.037500 0.091406
0 0.873437 0.929688 0.033594 0.081250
0 0.918750 0.932813 0.035156 0.080469
0 0.970313 0.935156 0.037500 0.078125
