2 0.328879 0.187768 0.088119 0.163863
2 0.304397 0.485386 0.030617 0.156314
2 0.303824 0.797828 0.033543 0.157925
2 0.366312 0.795848 0.044809 0.039641
2 0.502399 0.796609 0.045488 0.043749
2 0.769443 0.794515 0.066769 0.162643
2 0.933616 0.795883 0.037700 0.043018
2 0.503661 0.486953 0.038267 0.043372
2 0.640460 0.486240 0.038691 0.040653
2 0.777292 0.484610 0.041189 0.044083
2 0.777462 0.181811 0.033024 0.170020
3 0.399219 0.134375 0.041406 0.083594
3 0.441406 0.132812 0.042188 0.089063
3 0.482812 0.134375 0.042969 0.084375
3 0.524219 0.135156 0.042188 0.082812
3 0.565625 0.133594 0.042188 0.082812
1 0.519160 0.499593 0.960051 0.999186
1 0.606219 0.135993 0.043044 0.082822
3 0.606691 0.136358 0.043044 0.082822
3 0.649549 0.135743 0.043045 0.082822
3 0.735271 0.136321 0.043044 0.082822
3 0.691348 0.135780 0.043044 0.082822
3 0.366553 0.225123 0.041772 0.090520
3 0.408594 0.225000 0.046094 0.092188
3 0.456250 0.224219 0.046094 0.092188
3 0.502344 0.225000 0.046094 0.092188
3 0.546094 0.223438 0.046094 0.092188
3 0.592187 0.223438 0.046094 0.092188
3 0.638281 0.223438 0.046094 0.092188
3 0.684375 0.224219 0.046094 0.092188
3 0.734375 0.225000 0.046094 0.092188
3 0.433594 0.439844 0.046094 0.092188
3 0.388281 0.439844 0.046094 0.092188
3 0.956250 0.223438 0.046094 0.092188
3 0.909375 0.223438 0.046094 0.092188
3 0.864062 0.224219 0.046094 0.092188
3 0.817187 0.224219 0.046094 0.092188
3 0.571094 0.533594 0.046094 0.092188
3 0.709375 0.440625 0.046094 0.092188
3 0.845313 0.440625 0.046094 0.092188
3 0.891406 0.439844 0.046094 0.092188
3 0.937500 0.439844 0.046094 0.092188
3 0.571094 0.440625 0.046094 0.092188
3 0.342187 0.440625 0.046094 0.092188
3 0.708594 0.535156 0.046094 0.092188
3 0.845313 0.534375 0.046094 0.092188
3 0.890625 0.532813 0.046094 0.092188
3 0.936719 0.534375 0.046094 0.092188
3 0.432812 0.533594 0.046094 0.092188
3 0.388281 0.532813 0.046094 0.092188
3 0.342969 0.532813 0.046094 0.092188
3 0.617188 0.750000 0.046094 0.092188
3 0.571094 0.842187 0.046094 0.092188
3 0.570312 0.749219 0.046094 0.092188
3 0.433594 0.843750 0.046094 0.092188
3 0.433594 0.750000 0.046094 0.092188
3 0.710156 0.751563 0.046094 0.092188
3 0.663281 0.751563 0.046094 0.092188
3 0.661719 0.842187 0.046094 0.092188
3 0.617188 0.842969 0.046094 0.092188
3 0.863281 0.749219 0.046094 0.092188
3 0.864844 0.842969 0.046094 0.092188
3 0.091406 0.475781 0.088281 0.058594
3 0.091406 0.527344 0.087500 0.044531
3 0.090625 0.617969 0.087500 0.044531
3 0.090625 0.662500 0.087500 0.044531
3 0.090625 0.707031 0.087500 0.044531
3 0.091406 0.574219 0.087500 0.044531
3 0.820312 0.135937 0.050781 0.078906
3 0.865625 0.135156 0.042969 0.082031
3 0.908594 0.135937 0.041406 0.079687
3 0.950781 0.135156 0.044531 0.080469
3 0.479027 0.439103 0.046840 0.094104
3 0.753626 0.438849 0.046840 0.094104
3 0.343390 0.749414 0.046840 0.094104
3 0.481121 0.747722 0.046840 0.094104
3 0.525562 0.441272 0.046209 0.096564
3 0.662488 0.438319 0.046209 0.096564
3 0.800103 0.439994 0.046208 0.096564
3 0.978906 0.439844 0.038281 0.092188
3 0.981250 0.533594 0.037500 0.095312
3 0.479024 0.531577 0.045329 0.095361
3 0.616713 0.533401 0.045329 0.095361
3 0.342343 0.841967 0.045329 0.095361
3 0.478781 0.843430 0.045329 0.095361
3 0.753559 0.535071 0.045329 0.095360
3 0.617787 0.437846 0.049437 0.095344
3 0.524566 0.532738 0.049274 0.089869
3 0.661772 0.533295 0.049274 0.089868
3 0.798894 0.534414 0.049274 0.089868
3 0.386972 0.749424 0.046622 0.094433
3 0.524608 0.748751 0.046623 0.094433
3 0.387497 0.842717 0.046898 0.091655
3 0.526601 0.844276 0.046898 0.091655
3 0.956671 0.843125 0.046898 0.091655
3 0.711719 0.842187 0.047656 0.090625
3 0.822656 0.749219 0.041406 0.092188
3 0.821094 0.840625 0.040625 0.091406
3 0.910544 0.750755 0.045398 0.092779
3 0.956779 0.751421 0.048590 0.094449
3 0.910247 0.843791 0.047031 0.090791
0 0.441406 0.132812 0.035156 0.084375
0 0.524219 0.123438 0.038281 0.078906
0 0.960938 0.128906 0.035937 0.083594
0 0.503125 0.221094 0.039844 0.083594
0 0.590625 0.214844 0.030469 0.074219
0 0.714844 0.737500 0.035156 0.107031
0 0.865625 0.845313 0.037500 0.078125
