1 0.500000 0.500000 1.000000 1.000000
2 0.996094 0.278125 0.007812 0.115625
2 0.977344 0.789844 0.018750 0.048438
2 0.975781 0.836719 0.017188 0.045312
2 0.371348 0.499470 0.280820 0.998940
2 0.712500 0.961719 0.170313 0.048438
2 0.757928 0.177822 0.038243 0.056504
2 0.037314 0.092119 0.033955 0.043652
2 0.763878 0.033619 0.038916 0.041054
2 0.732227 0.614379 0.040000 0.044444
2 0.740157 0.468836 0.043386 0.045200
2 0.724132 0.760669 0.042693 0.048298
2 0.011729 0.719079 0.023457 0.045037
2 0.018210 0.480033 0.036420 0.047496
2 0.025508 0.333909 0.035655 0.045536
2 0.032067 0.188148 0.033361 0.047649
2 0.007011 0.865497 0.014022 0.031140
2 0.040470 0.045236 0.035246 0.040768
3 0.810937 0.107031 0.103125 0.054688
3 0.800000 0.252344 0.103125 0.054688
3 0.701562 0.246875 0.103125 0.054688
3 0.698438 0.294531 0.103125 0.054688
3 0.697656 0.343750 0.103125 0.054688
3 0.707812 0.102344 0.103125 0.054688
3 0.787500 0.542969 0.103125 0.054688
3 0.695312 0.392969 0.103125 0.054688
3 0.796094 0.398438 0.103125 0.054688
3 0.796875 0.349219 0.103125 0.054688
3 0.797656 0.303125 0.103125 0.054688
3 0.770312 0.833594 0.103125 0.054688
3 0.677344 0.682031 0.103125 0.054688
3 0.780469 0.689063 0.103125 0.054688
3 0.687500 0.539062 0.103125 0.054688
3 0.767188 0.883594 0.103125 0.054688
3 0.668750 0.878125 0.103125 0.054688
3 0.669531 0.828125 0.103125 0.054688
3 0.811311 0.059413 0.101687 0.052305
3 0.773568 0.787005 0.101687 0.052305
3 0.789871 0.496769 0.101687 0.052306
3 0.806300 0.203471 0.101687 0.052306
3 0.815294 0.024852 0.095008 0.023008
3 0.778003 0.736940 0.100464 0.052669
3 0.786237 0.592071 0.100463 0.052669
3 0.792838 0.446233 0.100464 0.052668
3 0.809918 0.153318 0.100463 0.052669
3 0.712500 0.019421 0.098772 0.023016
3 0.675526 0.730752 0.103587 0.052756
3 0.684979 0.584219 0.103586 0.052756
3 0.693412 0.436089 0.103586 0.052756
3 0.706446 0.149780 0.103586 0.052756
3 0.782440 0.642808 0.102692 0.051506
3 0.712143 0.053868 0.097912 0.054100
3 0.671478 0.780288 0.097912 0.054101
3 0.679783 0.637292 0.097911 0.054101
3 0.689539 0.488849 0.097912 0.054100
3 0.703619 0.197618 0.097911 0.054101
3 0.758594 0.992188 0.098437 0.015625
3 0.671094 0.989062 0.082812 0.021875
3 0.985938 0.407031 0.028125 0.048438
3 0.992969 0.144531 0.014063 0.048438
3 0.991406 0.194531 0.017188 0.048438
3 0.960156 0.974219 0.034375 0.048438
3 0.963281 0.922656 0.034375 0.050000
3 0.971875 0.745313 0.034375 0.048438
3 0.974219 0.700000 0.034375 0.048438
3 0.977344 0.650000 0.034375 0.048438
3 0.985156 0.455469 0.029687 0.048438
3 0.987500 0.358594 0.025000 0.048438
3 0.995313 0.049219 0.009375 0.048438
3 0.993750 0.096094 0.012500 0.048438
3 0.979688 0.600781 0.034375 0.048438
3 0.982031 0.553125 0.034375 0.048438
3 0.983594 0.503906 0.032813 0.048438
3 0.965625 0.879687 0.031250 0.035937
3 0.471875 0.411719 0.085938 0.051562
3 0.478906 0.232031 0.085938 0.048438
3 0.477344 0.277344 0.085938 0.051562
3 0.474219 0.321094 0.085938 0.051562
3 0.472656 0.366406 0.085938 0.051562
3 0.454688 0.674219 0.085938 0.051562
3 0.458594 0.631250 0.085938 0.051562
3 0.460938 0.588281 0.085938 0.051562
3 0.464062 0.544531 0.085938 0.051562
3 0.465625 0.500000 0.085938 0.051562
3 0.467187 0.455469 0.085938 0.051562
3 0.445312 0.850000 0.084375 0.048438
3 0.447656 0.805469 0.085938 0.051562
3 0.450781 0.761719 0.085938 0.051562
3 0.451562 0.718750 0.082812 0.048438
3 0.501563 0.011719 0.084375 0.023438
3 0.496875 0.042969 0.085938 0.048438
3 0.496094 0.087500 0.085938 0.051562
3 0.443750 0.894531 0.085938 0.050000
3 0.439844 0.939844 0.085938 0.048438
3 0.264844 0.704688 0.085938 0.051562
3 0.267969 0.660156 0.085938 0.051562
3 0.271094 0.617188 0.085938 0.051562
3 0.274219 0.573438 0.085938 0.051562
3 0.276562 0.529687 0.085938 0.051562
3 0.278906 0.483594 0.085938 0.051562
3 0.282031 0.441406 0.085938 0.051562
3 0.305469 0.120313 0.085938 0.051562
3 0.303125 0.165625 0.085938 0.051562
3 0.261719 0.792969 0.085938 0.051562
3 0.258594 0.836719 0.085938 0.051562
3 0.257031 0.882812 0.087500 0.053125
3 0.263281 0.748437 0.085938 0.051562
3 0.264062 0.968750 0.089063 0.043750
3 0.283594 0.397656 0.082812 0.045312
3 0.301563 0.208594 0.084375 0.045312
3 0.315625 0.007812 0.084375 0.015625
3 0.310937 0.033594 0.085938 0.051562
3 0.309375 0.076563 0.085938 0.051562
3 0.053906 0.650000 0.098437 0.051562
3 0.043259 0.894901 0.086519 0.051906
3 0.047877 0.748120 0.095754 0.051905
3 0.057600 0.506030 0.103756 0.051905
3 0.078429 0.214178 0.103755 0.051905
3 0.084274 0.117252 0.103756 0.051905
3 0.068904 0.359943 0.103756 0.051905
3 0.084575 0.022857 0.100534 0.045713
3 0.086232 0.070146 0.094297 0.050284
3 0.080134 0.165530 0.100299 0.053912
3 0.047967 0.843230 0.095934 0.053564
3 0.050961 0.697484 0.101922 0.053912
3 0.064126 0.454662 0.102450 0.053912
3 0.074342 0.308850 0.101812 0.053912
3 0.067187 0.407031 0.098437 0.051562
3 0.057031 0.553125 0.101562 0.050000
3 0.053125 0.600000 0.106250 0.053125
3 0.042188 0.942187 0.084375 0.050000
0 0.980469 0.601562 0.031250 0.042188
0 0.954688 0.971875 0.042188 0.040625
0 0.792969 0.250781 0.093750 0.042188
0 0.796094 0.396875 0.115625 0.048438
0 0.792188 0.543750 0.089063 0.039062
0 0.760938 0.885938 0.098437 0.046875
0 0.762500 0.992969 0.090625 0.014063
0 0.664062 0.880469 0.093750 0.045312
0 0.673438 0.779687 0.110937 0.053125
0 0.675781 0.684375 0.089063 0.046875
0 0.675000 0.634375 0.090625 0.048438
0 0.679688 0.582031 0.089063 0.046875
0 0.689063 0.482812 0.096875 0.045312
0 0.693750 0.387500 0.092188 0.045312
0 0.693750 0.296875 0.092188 0.039062
0 0.473438 0.408594 0.104688 0.048438
0 0.466406 0.542969 0.093750 0.046875
0 0.465625 0.671875 0.092188 0.045312
0 0.447656 0.759375 0.089063 0.042188
0 0.440625 0.896094 0.090625 0.051562
0 0.436719 0.936719 0.085938 0.045312
0 0.271875 0.660156 0.082812 0.045312
0 0.082031 0.262500 0.104688 0.048438
0 0.071875 0.403125 0.107813 0.050000
0 0.061719 0.552344 0.087500 0.045312
0 0.046875 0.794531 0.093750 0.045312
0 0.047656 0.846875 0.087500 0.040625
0 0.042188 0.894531 0.084375 0.042188
0 0.039062 0.949219 0.078125 0.045312
