0 0.642188 0.950781 0.040625 0.070312
0 0.036719 0.509375 0.073438 0.050000
0 0.925781 0.210156 0.042188 0.087500
0 0.740625 0.714844 0.043750 0.087500
0 0.303906 0.058594 0.043750 0.076563
0 0.658594 0.249219 0.048438 0.087500
0 0.722656 0.939844 0.043750 0.071875
0 0.891406 0.915625 0.046875 0.070312
0 0.583594 0.037500 0.051562 0.075000
0 0.800781 0.230469 0.046875 0.079687
0 0.676562 0.025781 0.046875 0.051562
0 0.708594 0.546094 0.051562 0.082812
0 0.848437 0.028906 0.053125 0.057813
0 0.922656 0.008594 0.026562 0.017188
1 0.500000 0.500000 1.000000 1.000000
