2 0.450781 0.871875 0.707812 0.256250
2 0.297656 0.546875 0.571875 0.181250
2 0.153125 0.234375 0.306250 0.134375
3 0.148438 0.650000 0.070312 0.096875
3 0.126562 0.528906 0.068750 0.096875
3 0.078125 0.541406 0.068750 0.096875
3 0.033594 0.553125 0.067187 0.096875
3 0.025781 0.331250 0.051562 0.096875
3 0.063281 0.318750 0.068750 0.096875
3 0.109375 0.304688 0.068750 0.096875
3 0.157031 0.292187 0.068750 0.096875
3 0.205469 0.279687 0.068750 0.096875
3 0.250781 0.266406 0.068750 0.096875
3 0.298438 0.253906 0.068750 0.096875
3 0.477344 0.561719 0.068750 0.096875
3 0.571875 0.537500 0.068750 0.096875
3 0.525781 0.550781 0.068750 0.096875
3 0.408594 0.452344 0.068750 0.096875
3 0.360938 0.464844 0.068750 0.096875
3 0.316406 0.475781 0.068750 0.096875
3 0.268750 0.488281 0.068750 0.096875
3 0.221875 0.501563 0.068750 0.096875
3 0.175000 0.514844 0.068750 0.096875
3 0.196094 0.637500 0.068750 0.096875
3 0.240625 0.624219 0.068750 0.096875
3 0.290625 0.610938 0.068750 0.096875
3 0.336719 0.597656 0.068750 0.096875
3 0.385937 0.583594 0.068750 0.096875
3 0.430469 0.573438 0.068750 0.096875
3 0.564063 0.755469 0.068750 0.096875
3 0.614062 0.742188 0.068750 0.096875
3 0.053906 0.674219 0.068750 0.096875
3 0.101562 0.663281 0.068750 0.096875
1 0.500000 0.508079 1.000000 0.983842
3 0.273438 0.840625 0.065625 0.085938
3 0.441406 0.793750 0.065625 0.085938
3 0.483594 0.784375 0.065625 0.085938
3 0.528125 0.771094 0.065625 0.085938
3 0.229687 0.852344 0.065625 0.085938
3 0.188281 0.863281 0.065625 0.085938
3 0.144531 0.874219 0.065625 0.085938
3 0.104688 0.885156 0.056250 0.084375
3 0.403906 0.803906 0.056250 0.084375
3 0.360938 0.814844 0.065625 0.085938
3 0.317188 0.828125 0.065625 0.085938
3 0.710938 0.723437 0.065625 0.085938
3 0.757812 0.709375 0.065625 0.085938
3 0.654687 0.512500 0.065625 0.090625
3 0.700781 0.500781 0.064062 0.090625
3 0.669531 0.382031 0.067187 0.092188
3 0.622656 0.393750 0.067187 0.093750
3 0.466406 0.436719 0.087500 0.104688
3 0.530469 0.420312 0.085938 0.101562
3 0.386719 0.965625 0.070312 0.068750
3 0.435156 0.960156 0.067187 0.079687
3 0.479687 0.953125 0.071875 0.093750
3 0.529687 0.942187 0.070312 0.096875
3 0.577344 0.928906 0.070312 0.096875
3 0.623437 0.915625 0.070312 0.096875
3 0.672656 0.901563 0.070312 0.096875
3 0.247656 0.984375 0.070312 0.031250
3 0.291406 0.978906 0.070312 0.042188
3 0.339844 0.971875 0.070312 0.056250
3 0.799219 0.871094 0.071875 0.098437
3 0.752344 0.882812 0.070312 0.096875
3 0.953125 0.648438 0.093750 0.068750
3 0.882031 0.367969 0.100000 0.068750
3 0.870313 0.321094 0.101562 0.075000
3 0.856250 0.271875 0.101562 0.067187
3 0.843750 0.227344 0.101562 0.067187
3 0.831250 0.182812 0.101562 0.067187
3 0.908594 0.462500 0.101562 0.067187
3 0.895312 0.415625 0.103125 0.071875
3 0.931250 0.550000 0.101562 0.068750
3 0.921875 0.507812 0.101562 0.067187
3 0.969531 0.783594 0.060937 0.067187
3 0.957812 0.689063 0.084375 0.065625
3 0.943750 0.599219 0.103125 0.075000
3 0.980469 0.866406 0.039062 0.051562
3 0.975781 0.828906 0.048438 0.067187
0 0.289062 0.972656 0.075000 0.054688
0 0.485156 0.953906 0.060937 0.092188
0 0.747656 0.884375 0.070312 0.103125
0 0.801562 0.876563 0.065625 0.100000
0 0.628906 0.750000 0.065625 0.098437
0 0.567187 0.763281 0.076563 0.115625
0 0.138281 0.874219 0.070312 0.106250
0 0.685937 0.507031 0.060937 0.084375
0 0.885938 0.420312 0.126562 0.075000
0 0.923438 0.559375 0.098437 0.062500
0 0.934375 0.600000 0.106250 0.070312
0 0.971094 0.785156 0.057813 0.064062
