0 0.124219 0.860938 0.078906 0.044531
0 0.121875 0.685156 0.100781 0.047656
0 0.121094 0.195312 0.078906 0.038281
0 0.120313 0.507031 0.085156 0.038281
0 0.124219 0.417969 0.083594 0.036719
0 0.469531 0.504687 0.082812 0.038281
0 0.284375 0.096875 0.096094 0.042969
2 0.578125 0.513281 0.081250 0.051562
0 0.274219 0.580469 0.086719 0.051562
0 0.271094 0.982031 0.102344 0.034375
2 0.274219 0.300781 0.095312 0.046094
0 0.709375 0.396875 0.046094 0.108594
2 0.126562 0.369531 0.086719 0.043750
1 0.501563 0.498437 0.996875 0.994531
