0 0.143750 0.103906 0.046875 0.081250
0 0.321875 0.107813 0.051562 0.104688
0 0.817187 0.124219 0.042188 0.081250
0 0.502344 0.112500 0.040625 0.087500
0 0.592187 0.119531 0.040625 0.085938
0 0.492969 0.466406 0.040625 0.085938
0 0.911719 0.292187 0.046875 0.098437
2 0.480469 0.575000 0.056250 0.082812
0 0.422656 0.264844 0.054688 0.089063
0 0.021875 0.247656 0.029687 0.104688
2 0.705469 0.275000 0.050000 0.098437
0 0.593750 0.710938 0.110937 0.050000
2 0.640625 0.123438 0.046875 0.089063
1 0.500000 0.500000 1.000000 1.000000
