1 0.530146 0.499593 0.938079 0.999186
2 0.696875 0.732812 0.062500 0.532031
2 0.364844 0.734375 0.019531 0.531250
3 0.104688 0.097656 0.078906 0.046094
3 0.103906 0.177344 0.078125 0.038281
3 0.105469 0.138281 0.079687 0.040625
3 0.104688 0.053125 0.078906 0.046094
3 0.103125 0.210938 0.079687 0.030469
3 0.105469 0.016406 0.081250 0.032813
3 0.622656 0.526563 0.078125 0.041406
3 0.622656 0.568750 0.077344 0.042969
3 0.623437 0.788281 0.077344 0.042969
3 0.621875 0.612500 0.077344 0.042969
3 0.621875 0.745313 0.077344 0.042969
3 0.623437 0.654687 0.077344 0.042969
3 0.623437 0.700000 0.077344 0.042969
3 0.625000 0.958594 0.078906 0.027344
3 0.625000 0.921094 0.077344 0.042969
3 0.624219 0.829688 0.082031 0.036719
3 0.625781 0.988281 0.078906 0.022656
3 0.768750 0.526563 0.077344 0.040625
3 0.770312 0.565625 0.078125 0.038281
3 0.771094 0.644531 0.077344 0.042969
3 0.771094 0.684375 0.077344 0.040625
3 0.771094 0.725781 0.077344 0.039844
3 0.768750 0.845313 0.077344 0.042969
3 0.769531 0.885156 0.077344 0.042188
3 0.770312 0.925000 0.077344 0.042969
3 0.769531 0.967187 0.077344 0.042969
3 0.771094 0.762500 0.078125 0.033594
3 0.771094 0.604688 0.077344 0.039844
3 0.964844 0.703125 0.070312 0.042188
3 0.964063 0.832031 0.071094 0.044531
3 0.964844 0.877344 0.070312 0.042969
3 0.964844 0.921094 0.070312 0.042969
3 0.964844 0.964063 0.070312 0.042188
3 0.964844 0.789844 0.070312 0.044531
3 0.964844 0.746094 0.070312 0.042188
3 0.622656 0.486719 0.078906 0.042188
3 0.768750 0.486719 0.078125 0.040625
3 0.313281 0.529687 0.081250 0.040625
3 0.313281 0.567187 0.081250 0.040625
3 0.312500 0.609375 0.081250 0.040625
3 0.313281 0.650000 0.081250 0.040625
3 0.313281 0.694531 0.081250 0.040625
3 0.311719 0.735938 0.081250 0.040625
3 0.310937 0.913281 0.081250 0.040625
3 0.310937 0.869531 0.081250 0.040625
3 0.309375 0.828125 0.081250 0.040625
3 0.313281 0.781250 0.081250 0.040625
3 0.313281 0.957031 0.081250 0.040625
3 0.313281 0.989844 0.083594 0.019531
3 0.313281 0.489063 0.081250 0.040625
3 0.417969 0.644531 0.081250 0.040625
3 0.417969 0.606250 0.081250 0.040625
3 0.417969 0.564844 0.081250 0.040625
3 0.418750 0.526563 0.081250 0.040625
3 0.418750 0.487500 0.081250 0.040625
3 0.417187 0.767188 0.081250 0.040625
3 0.416406 0.813281 0.082031 0.050781
3 0.417969 0.728906 0.081250 0.040625
3 0.417969 0.685156 0.081250 0.040625
3 0.415625 0.945312 0.081250 0.040625
3 0.417187 0.903125 0.082812 0.047656
3 0.415625 0.857812 0.081250 0.040625
3 0.415625 0.982031 0.082031 0.035156
0 0.105469 0.014063 0.073438 0.027344
0 0.104688 0.177344 0.082031 0.042969
0 0.103906 0.215625 0.082812 0.032813
0 0.314844 0.482031 0.071094 0.032813
0 0.317188 0.567969 0.078125 0.035937
0 0.310156 0.645312 0.074219 0.036719
0 0.310937 0.694531 0.078125 0.039844
0 0.309375 0.779687 0.082812 0.039844
0 0.303906 0.821875 0.092188 0.041406
0 0.315625 0.913281 0.088281 0.038281
0 0.319531 0.958594 0.077344 0.041406
0 0.310156 0.987500 0.072656 0.024219
0 0.420312 0.562500 0.079687 0.041406
0 0.420312 0.684375 0.085156 0.039844
0 0.420312 0.813281 0.092188 0.042188
0 0.419531 0.900781 0.086719 0.041406
0 0.421875 0.983594 0.090625 0.032813
0 0.621094 0.696875 0.082812 0.039062
0 0.625000 0.919531 0.080469 0.044531
0 0.787500 0.596875 0.094531 0.039844
2 0.775781 0.800781 0.093750 0.044531
2 0.625781 0.871875 0.083594 0.046875
3 0.125781 0.833594 0.045312 0.036719
3 0.125000 0.876563 0.044531 0.049219
3 0.125781 0.919531 0.045312 0.036719
0 0.128125 0.833594 0.045312 0.031250
0 0.127344 0.871875 0.046094 0.039062
0 0.124219 0.917969 0.040625 0.038281
