2 0.408594 0.831250 0.681250 0.214062
2 0.280469 0.520312 0.556250 0.143750
2 0.157031 0.221875 0.314063 0.109375
3 0.146875 0.606250 0.060937 0.089063
3 0.132812 0.493750 0.060937 0.089063
3 0.087500 0.502344 0.060937 0.089063
3 0.042969 0.511719 0.060937 0.089063
3 0.012500 0.313281 0.025000 0.089063
3 0.040625 0.304688 0.060937 0.089063
3 0.083594 0.294531 0.060937 0.089063
3 0.127344 0.283594 0.060937 0.089063
3 0.171875 0.275000 0.060937 0.089063
3 0.217969 0.265625 0.060937 0.089063
3 0.259375 0.255469 0.060937 0.089063
3 0.305469 0.246094 0.060937 0.089063
3 0.457031 0.541406 0.060937 0.089063
3 0.545312 0.522656 0.060937 0.089063
3 0.501563 0.533594 0.060937 0.089063
3 0.397656 0.435156 0.060937 0.089063
3 0.353125 0.445312 0.060937 0.089063
3 0.310937 0.453125 0.060937 0.089063
3 0.267188 0.462500 0.060937 0.089063
3 0.222656 0.471875 0.060937 0.089063
3 0.177344 0.482812 0.060937 0.089063
3 0.191406 0.596875 0.060937 0.089063
3 0.233594 0.587500 0.060937 0.089063
3 0.280469 0.578125 0.060937 0.089063
3 0.325000 0.567187 0.060937 0.089063
3 0.370312 0.557031 0.060937 0.089063
3 0.413281 0.550000 0.060937 0.089063
3 0.528125 0.725000 0.060937 0.089063
3 0.574219 0.714063 0.060937 0.089063
3 0.058594 0.625000 0.060937 0.089063
3 0.102344 0.616406 0.060937 0.089063
1 0.500000 0.506774 1.000000 0.986451
3 0.253125 0.789844 0.057813 0.079687
3 0.411719 0.754687 0.057813 0.079687
3 0.452344 0.747656 0.057813 0.079687
3 0.493750 0.738281 0.057813 0.079687
3 0.212500 0.798438 0.057813 0.079687
3 0.172656 0.807031 0.057813 0.079687
3 0.132031 0.814844 0.057813 0.079687
3 0.090625 0.822656 0.057813 0.079687
3 0.375781 0.761719 0.050000 0.078125
3 0.335938 0.770312 0.057813 0.079687
3 0.294531 0.780469 0.057813 0.079687
3 0.664844 0.702344 0.057813 0.079687
3 0.709375 0.691406 0.057813 0.079687
3 0.624219 0.503906 0.057813 0.082812
3 0.666406 0.495312 0.056250 0.082812
3 0.643750 0.382812 0.059375 0.084375
3 0.600000 0.391406 0.059375 0.085938
3 0.451562 0.424219 0.075000 0.095312
3 0.512500 0.411719 0.078125 0.092188
3 0.352344 0.925000 0.062500 0.089063
3 0.397656 0.916406 0.059375 0.089063
3 0.440625 0.907031 0.062500 0.090625
3 0.485938 0.896094 0.062500 0.090625
3 0.531250 0.887500 0.062500 0.089063
3 0.575000 0.876563 0.062500 0.089063
3 0.621094 0.865625 0.062500 0.089063
3 0.221094 0.953125 0.062500 0.089063
3 0.263281 0.944531 0.062500 0.089063
3 0.173437 0.959375 0.062500 0.081250
3 0.307812 0.934375 0.062500 0.089063
3 0.099219 0.967187 0.032813 0.065625
3 0.740625 0.843750 0.062500 0.090625
3 0.696094 0.852344 0.062500 0.089063
3 0.128125 0.963281 0.062500 0.073438
3 0.064062 0.828125 0.026562 0.073438
3 0.026562 0.632812 0.035937 0.082812
2 0.013281 0.518750 0.026562 0.087500
3 0.897656 0.644531 0.093750 0.059375
3 0.842187 0.380469 0.092188 0.060937
3 0.832812 0.335938 0.092188 0.067187
3 0.822656 0.289844 0.093750 0.057813
3 0.813281 0.248438 0.093750 0.057813
3 0.803125 0.206250 0.093750 0.057813
3 0.861719 0.469531 0.093750 0.057813
3 0.852344 0.425000 0.095312 0.064062
3 0.878906 0.552344 0.093750 0.059375
3 0.871875 0.511719 0.093750 0.057813
3 0.921875 0.771875 0.093750 0.057813
3 0.905469 0.683594 0.093750 0.056250
3 0.888281 0.597656 0.093750 0.067187
3 0.948438 0.896094 0.096875 0.057813
3 0.939063 0.856250 0.093750 0.059375
3 0.930469 0.814063 0.093750 0.057813
0 0.095312 0.967969 0.028125 0.064062
0 0.260937 0.944531 0.065625 0.110937
0 0.443750 0.907813 0.053125 0.089063
0 0.691406 0.853125 0.060937 0.093750
0 0.742188 0.848437 0.057813 0.092188
0 0.588281 0.722656 0.057813 0.090625
0 0.530469 0.732031 0.065625 0.104688
0 0.126562 0.814063 0.060937 0.098437
0 0.023438 0.634375 0.029687 0.084375
0 0.653125 0.499219 0.054688 0.075000
0 0.842969 0.429688 0.115625 0.064062
0 0.871094 0.560937 0.090625 0.056250
0 0.878906 0.599219 0.096875 0.060937
0 0.925000 0.773438 0.093750 0.054688
