1 0.536719 0.500000 0.926562 1.000000
2 0.702344 0.483594 0.226562 0.967187
2 0.362500 0.512500 0.184375 0.975000
3 0.628125 0.488281 0.090625 0.057813
3 0.621094 0.439844 0.090625 0.057813
3 0.612500 0.393750 0.090625 0.057813
3 0.590625 0.260156 0.090625 0.057813
3 0.578125 0.168750 0.090625 0.057813
3 0.584375 0.214844 0.090625 0.057813
3 0.663281 0.712500 0.090625 0.057813
3 0.655469 0.667969 0.090625 0.057813
3 0.649219 0.624219 0.090625 0.057813
3 0.641406 0.577344 0.090625 0.057813
3 0.635938 0.533594 0.090625 0.057813
3 0.570312 0.125000 0.090625 0.057813
3 0.692969 0.892188 0.090625 0.057813
3 0.683594 0.847656 0.090625 0.057813
3 0.677344 0.803125 0.090625 0.057813
3 0.669531 0.757812 0.090625 0.057813
3 0.561719 0.080469 0.090625 0.057813
3 0.696875 0.939063 0.090625 0.057813
3 0.547656 0.008594 0.085938 0.017188
3 0.553906 0.035156 0.090625 0.057813
3 0.598437 0.303906 0.087500 0.051562
3 0.757031 0.335938 0.079687 0.051562
3 0.797656 0.581250 0.079687 0.051562
3 0.790625 0.539062 0.079687 0.051562
3 0.784375 0.493750 0.079687 0.051562
3 0.771875 0.414844 0.079687 0.051562
3 0.778125 0.456250 0.079687 0.051562
3 0.763281 0.375781 0.079687 0.051562
3 0.814844 0.701562 0.079687 0.051562
3 0.807813 0.662500 0.079687 0.051562
3 0.802344 0.622656 0.079687 0.051562
3 0.821875 0.742969 0.079687 0.051562
3 0.828125 0.784375 0.079687 0.051562
3 0.750781 0.295312 0.079687 0.051562
3 0.735156 0.170313 0.079687 0.051562
3 0.728125 0.132031 0.079687 0.051562
3 0.718750 0.091406 0.079687 0.051562
3 0.705469 0.016406 0.079687 0.032813
3 0.712500 0.048438 0.079687 0.051562
3 0.835938 0.825000 0.079687 0.051562
3 0.844531 0.866406 0.079687 0.051562
3 0.850000 0.905469 0.079687 0.051562
3 0.917188 0.117969 0.062500 0.051562
3 0.924219 0.162500 0.062500 0.051562
3 0.931250 0.206250 0.062500 0.051562
3 0.938281 0.250781 0.062500 0.051562
3 0.945312 0.297656 0.062500 0.051562
3 0.982031 0.610156 0.035937 0.051562
3 0.975000 0.521094 0.050000 0.051562
3 0.971094 0.475781 0.057813 0.051562
3 0.967187 0.432031 0.062500 0.051562
3 0.960156 0.388281 0.062500 0.051562
3 0.985156 0.655469 0.029687 0.051562
3 0.953125 0.342187 0.062500 0.051562
3 0.978125 0.564844 0.043750 0.051562
3 0.992969 0.747656 0.014063 0.051562
3 0.989062 0.702344 0.021875 0.054688
3 0.960156 0.387500 0.062500 0.051562
3 0.401562 0.403125 0.085938 0.053125
3 0.408594 0.446094 0.085938 0.059375
3 0.417969 0.491406 0.085938 0.059375
3 0.425781 0.541406 0.085938 0.059375
3 0.432031 0.589063 0.087500 0.062500
3 0.439844 0.636719 0.084375 0.057813
3 0.390625 0.320312 0.089063 0.059375
3 0.396875 0.363281 0.085938 0.053125
3 0.382031 0.275000 0.085938 0.059375
3 0.373437 0.231250 0.085938 0.059375
3 0.367188 0.184375 0.085938 0.059375
3 0.361719 0.144531 0.082812 0.050000
3 0.353125 0.103125 0.085938 0.059375
3 0.346875 0.058594 0.085938 0.053125
3 0.341406 0.028906 0.079687 0.032813
3 0.446875 0.683594 0.085938 0.059375
3 0.453125 0.728906 0.087500 0.056250
3 0.460156 0.773438 0.087500 0.056250
3 0.467969 0.815625 0.085938 0.057813
3 0.472656 0.863281 0.084375 0.056250
3 0.479687 0.907813 0.081250 0.056250
3 0.486719 0.952344 0.082812 0.054688
3 0.489844 0.982812 0.082812 0.034375
3 0.246875 0.128906 0.087500 0.059375
0 0.310156 0.485938 0.085938 0.051562
3 0.296875 0.441406 0.085938 0.059375
3 0.266406 0.259375 0.085938 0.056250
3 0.260156 0.214844 0.087500 0.059375
3 0.252344 0.171875 0.082812 0.053125
3 0.288281 0.394531 0.085938 0.059375
3 0.279687 0.348438 0.085938 0.059375
3 0.274219 0.301563 0.089063 0.056250
3 0.238281 0.087500 0.085938 0.053125
3 0.232813 0.050781 0.084375 0.042188
3 0.305469 0.489063 0.090625 0.062500
3 0.308594 0.533594 0.089063 0.051562
3 0.332031 0.666406 0.085938 0.059375
3 0.325000 0.621094 0.085938 0.059375
3 0.316406 0.576562 0.087500 0.056250
3 0.316406 0.576562 0.085938 0.059375
3 0.339844 0.713281 0.085938 0.059375
3 0.346094 0.761719 0.085938 0.059375
3 0.354687 0.807031 0.085938 0.059375
3 0.360938 0.847656 0.085938 0.050000
3 0.368750 0.888281 0.085938 0.059375
3 0.375000 0.930469 0.084375 0.046875
3 0.380469 0.970313 0.089063 0.059375
3 0.739062 0.210938 0.082812 0.046875
2 0.749219 0.248438 0.092188 0.054688
2 0.606250 0.346875 0.093750 0.062500
0 0.242969 0.085156 0.089063 0.053125
0 0.348438 0.058594 0.095312 0.051562
0 0.248438 0.165625 0.087500 0.056250
0 0.366406 0.185938 0.098437 0.053125
0 0.259375 0.214844 0.098437 0.056250
0 0.268750 0.300781 0.089063 0.051562
0 0.267188 0.349219 0.096875 0.057813
0 0.392969 0.317188 0.093750 0.059375
0 0.403125 0.405469 0.098437 0.054688
0 0.300781 0.435156 0.090625 0.051562
0 0.424219 0.492969 0.093750 0.054688
0 0.310156 0.528906 0.085938 0.053125
0 0.313281 0.571094 0.089063 0.053125
0 0.324219 0.621875 0.090625 0.053125
0 0.319531 0.664844 0.095312 0.054688
0 0.333594 0.710938 0.089063 0.053125
0 0.347656 0.763281 0.087500 0.054688
0 0.351562 0.804688 0.085938 0.050000
0 0.357812 0.842969 0.090625 0.050000
0 0.365625 0.889062 0.092188 0.048438
0 0.371875 0.926562 0.085938 0.050000
0 0.377344 0.975781 0.089063 0.048438
0 0.493750 0.982031 0.084375 0.035937
0 0.482031 0.903125 0.079687 0.048438
0 0.481250 0.853125 0.085938 0.053125
0 0.449219 0.587500 0.084375 0.043750
0 0.578906 0.167969 0.089063 0.051562
0 0.613281 0.395313 0.092188 0.051562
0 0.626563 0.482812 0.096875 0.057813
0 0.660156 0.661719 0.118750 0.065625
0 0.685156 0.846094 0.095312 0.057813
0 0.794531 0.535156 0.087500 0.056250
0 0.728906 0.039062 0.103125 0.056250
0 0.965625 0.425781 0.062500 0.050000
0 0.847656 0.935156 0.082812 0.043750
