2 0.200781 0.339844 0.071094 0.678906
2 0.523438 0.281250 0.028125 0.561719
2 0.839063 0.192969 0.031250 0.385937
3 0.467969 0.142969 0.080469 0.044531
3 0.578125 0.152344 0.079687 0.044531
3 0.578906 0.107031 0.079687 0.044531
3 0.578906 0.063281 0.079687 0.044531
3 0.776563 0.057031 0.079687 0.044531
3 0.777344 0.102344 0.079687 0.044531
3 0.777344 0.145313 0.079687 0.044531
3 0.778906 0.189844 0.079687 0.044531
3 0.778125 0.234375 0.079687 0.044531
3 0.778125 0.278906 0.079687 0.044531
3 0.778906 0.321875 0.079687 0.044531
3 0.778906 0.367188 0.079687 0.044531
3 0.467187 0.451562 0.079687 0.044531
3 0.467187 0.539844 0.079687 0.044531
3 0.465625 0.496094 0.079687 0.044531
3 0.579688 0.416406 0.079687 0.044531
3 0.579688 0.371875 0.079687 0.044531
3 0.580469 0.330469 0.079687 0.044531
3 0.580469 0.285938 0.079687 0.044531
3 0.580469 0.242188 0.079687 0.044531
3 0.578906 0.196875 0.079687 0.044531
3 0.467969 0.187500 0.079687 0.044531
3 0.467969 0.229687 0.079687 0.044531
3 0.467969 0.275781 0.079687 0.044531
3 0.468750 0.320312 0.079687 0.044531
3 0.469531 0.365625 0.079687 0.044531
3 0.467969 0.407813 0.079687 0.044531
3 0.277344 0.482031 0.079687 0.044531
3 0.278125 0.528125 0.079687 0.044531
3 0.467969 0.054688 0.079687 0.044531
3 0.467187 0.098437 0.079687 0.044531
1 0.500407 0.449235 0.999186 0.898469
3 0.271094 0.207031 0.069531 0.042188
3 0.272656 0.364844 0.069531 0.042188
3 0.271875 0.404687 0.069531 0.042188
3 0.271875 0.446875 0.069531 0.042188
3 0.271875 0.166406 0.069531 0.042188
3 0.271094 0.127344 0.069531 0.042188
3 0.272656 0.086719 0.069531 0.042188
3 0.272656 0.046094 0.069531 0.042188
3 0.273438 0.329688 0.068750 0.034375
3 0.273438 0.289844 0.069531 0.042188
3 0.271875 0.248438 0.069531 0.042188
3 0.271094 0.617188 0.069531 0.042188
3 0.272656 0.661719 0.069531 0.042188
3 0.468750 0.617969 0.072656 0.042188
3 0.468750 0.660937 0.074219 0.041406
3 0.580469 0.660937 0.075000 0.042969
3 0.580469 0.617969 0.075781 0.042969
3 0.579688 0.470313 0.081250 0.058594
3 0.578906 0.530469 0.079687 0.059375
3 0.122656 0.274219 0.079687 0.046094
3 0.121875 0.319531 0.078906 0.042969
3 0.121875 0.361719 0.079687 0.046094
3 0.123438 0.407813 0.079687 0.046094
3 0.122656 0.452344 0.079687 0.046094
3 0.124219 0.496094 0.079687 0.046094
3 0.124219 0.542188 0.079687 0.046094
3 0.122656 0.142969 0.079687 0.046094
3 0.122656 0.184375 0.079687 0.046094
3 0.122656 0.096094 0.079687 0.046094
3 0.122656 0.229687 0.079687 0.046094
3 0.123438 0.014844 0.081250 0.029687
3 0.121875 0.660156 0.079687 0.046094
3 0.122656 0.616406 0.079687 0.046094
3 0.122656 0.051562 0.079687 0.046094
3 0.272656 0.012500 0.071875 0.025000
3 0.467969 0.016406 0.079687 0.032031
3 0.776563 0.017969 0.079687 0.035937
2 0.578906 0.019531 0.081250 0.039062
3 0.278906 0.850000 0.040625 0.085156
3 0.542188 0.850781 0.042969 0.082812
3 0.586719 0.850781 0.048438 0.081250
3 0.632812 0.850781 0.040625 0.085156
3 0.674219 0.850000 0.040625 0.085156
3 0.715625 0.849219 0.040625 0.085156
3 0.453125 0.851562 0.040625 0.085156
3 0.497656 0.851562 0.045312 0.085156
3 0.371094 0.851562 0.040625 0.085156
3 0.410938 0.852344 0.040625 0.085156
3 0.153125 0.847656 0.040625 0.085156
3 0.240625 0.850000 0.037500 0.085156
3 0.325000 0.850781 0.047656 0.083594
3 0.024219 0.848437 0.047656 0.087500
3 0.069531 0.847656 0.040625 0.085156
3 0.110937 0.847656 0.040625 0.085156
0 0.122656 0.012500 0.085156 0.025000
0 0.121094 0.182812 0.103906 0.042188
0 0.120313 0.364844 0.079687 0.035937
0 0.122656 0.611719 0.084375 0.043750
0 0.116406 0.660937 0.083594 0.040625
0 0.267188 0.539062 0.081250 0.039062
0 0.270313 0.482812 0.095312 0.045312
0 0.273438 0.081250 0.088281 0.043750
0 0.466406 0.013281 0.080469 0.026562
0 0.467187 0.646875 0.067187 0.039844
0 0.495312 0.842187 0.041406 0.106250
0 0.364844 0.842187 0.036719 0.081250
0 0.326562 0.842187 0.041406 0.086719
0 0.151562 0.850000 0.036719 0.085938
