1 0.578125 0.500000 0.843750 1.000000
2 0.697656 0.500000 0.067969 1.000000
2 0.364844 0.500000 0.026562 1.000000
3 0.621875 0.512500 0.080469 0.044531
3 0.623437 0.464844 0.080469 0.044531
3 0.622656 0.419531 0.080469 0.044531
3 0.621875 0.288281 0.080469 0.044531
3 0.623437 0.198437 0.080469 0.044531
3 0.622656 0.243750 0.080469 0.044531
3 0.622656 0.732031 0.080469 0.044531
3 0.621875 0.688281 0.080469 0.044531
3 0.622656 0.645312 0.080469 0.044531
3 0.621875 0.599219 0.080469 0.044531
3 0.623437 0.557031 0.080469 0.044531
3 0.622656 0.155469 0.080469 0.044531
3 0.623437 0.908594 0.080469 0.044531
3 0.621875 0.864062 0.080469 0.044531
3 0.621875 0.821875 0.080469 0.044531
3 0.621875 0.776563 0.080469 0.044531
3 0.621094 0.112500 0.080469 0.044531
3 0.619531 0.953906 0.080469 0.044531
3 0.620313 0.023438 0.080469 0.044531
3 0.620313 0.067187 0.080469 0.044531
3 0.622656 0.332031 0.080469 0.038281
3 0.769531 0.385937 0.073438 0.039062
3 0.771094 0.626563 0.073438 0.039062
3 0.771094 0.585938 0.073438 0.039062
3 0.771875 0.541406 0.073438 0.039062
3 0.771094 0.464062 0.073438 0.039062
3 0.771094 0.503906 0.073438 0.039062
3 0.769531 0.425000 0.073438 0.039062
3 0.769531 0.745313 0.073438 0.039062
3 0.768750 0.705469 0.073438 0.039062
3 0.769531 0.667969 0.073438 0.039062
3 0.769531 0.785156 0.073438 0.039062
3 0.769531 0.825781 0.073438 0.039062
3 0.769531 0.346094 0.073438 0.039062
3 0.773438 0.224219 0.073438 0.039062
3 0.772656 0.185938 0.073438 0.039062
3 0.769531 0.146094 0.073438 0.039062
3 0.769531 0.064062 0.073438 0.039062
3 0.770312 0.103906 0.073438 0.039062
3 0.771094 0.024219 0.073438 0.039062
3 0.771094 0.866406 0.073438 0.039062
3 0.771875 0.907031 0.073438 0.039062
3 0.771094 0.945312 0.073438 0.039062
3 0.964063 0.203125 0.071875 0.042969
3 0.964063 0.246094 0.071875 0.042969
3 0.964063 0.289844 0.071875 0.042969
3 0.964063 0.332031 0.071875 0.042969
3 0.964063 0.378125 0.071875 0.042969
3 0.964063 0.685937 0.071875 0.042969
3 0.964063 0.598437 0.071875 0.042969
3 0.964063 0.553906 0.071875 0.042969
3 0.964063 0.510938 0.071875 0.042969
3 0.964063 0.467187 0.071875 0.042969
3 0.964063 0.729688 0.071875 0.042969
3 0.964063 0.421094 0.071875 0.042969
3 0.964063 0.641406 0.071875 0.042969
3 0.964063 0.865625 0.071875 0.042969
3 0.964063 0.819531 0.071875 0.042969
3 0.964063 0.775000 0.071875 0.045312
3 0.964063 0.466406 0.071875 0.042969
3 0.964063 0.904687 0.071875 0.042969
3 0.964063 0.948438 0.071875 0.042969
3 0.418750 0.396094 0.078125 0.039062
3 0.418750 0.439063 0.077344 0.045312
3 0.421094 0.483594 0.077344 0.045312
3 0.421094 0.532031 0.077344 0.045312
3 0.419531 0.578906 0.078906 0.049219
3 0.420312 0.626563 0.075000 0.045312
3 0.421094 0.315625 0.080469 0.045312
3 0.420312 0.357031 0.078906 0.038281
3 0.419531 0.271094 0.077344 0.045312
3 0.418750 0.228125 0.077344 0.045312
3 0.419531 0.182031 0.077344 0.045312
3 0.419531 0.142969 0.076563 0.035937
3 0.417969 0.102344 0.077344 0.045312
3 0.418750 0.057813 0.078125 0.039844
3 0.418750 0.022656 0.075781 0.033594
3 0.419531 0.671875 0.077344 0.045312
3 0.419531 0.716406 0.078906 0.042969
3 0.418750 0.760156 0.078906 0.041406
3 0.419531 0.802344 0.077344 0.043750
3 0.417187 0.847656 0.075781 0.043750
3 0.417187 0.892188 0.072656 0.043750
3 0.417187 0.935156 0.074219 0.041406
3 0.415625 0.977344 0.075000 0.045312
3 0.312500 0.110156 0.078906 0.044531
0 0.318750 0.460938 0.078125 0.037500
3 0.312500 0.417187 0.077344 0.045312
3 0.311719 0.238281 0.077344 0.042188
3 0.312500 0.194531 0.079687 0.045312
3 0.311719 0.152344 0.076563 0.039062
3 0.311719 0.370312 0.077344 0.045312
3 0.310937 0.325000 0.077344 0.045312
3 0.312500 0.280469 0.080469 0.042188
3 0.310937 0.069531 0.077344 0.039844
3 0.311719 0.028906 0.078125 0.040625
3 0.314063 0.464062 0.080469 0.049219
3 0.310156 0.507031 0.082031 0.038281
3 0.312500 0.638281 0.077344 0.045312
3 0.312500 0.592969 0.077344 0.045312
3 0.310937 0.549219 0.078125 0.041406
3 0.311719 0.549219 0.077344 0.045312
3 0.312500 0.684375 0.077344 0.045312
3 0.310937 0.731250 0.077344 0.045312
3 0.312500 0.776563 0.077344 0.045312
3 0.312500 0.815625 0.078125 0.035937
3 0.313281 0.855469 0.077344 0.045312
3 0.313281 0.896875 0.077344 0.033594
3 0.312500 0.942187 0.078125 0.054688
3 0.313281 0.984375 0.074219 0.031250
3 0.771094 0.263281 0.076563 0.033594
2 0.774219 0.301563 0.082812 0.041406
2 0.623437 0.374219 0.084375 0.047656
0 0.315625 0.067969 0.082031 0.038281
0 0.420312 0.059375 0.088281 0.035937
0 0.308594 0.146094 0.079687 0.042969
0 0.418750 0.183594 0.090625 0.037500
0 0.310937 0.194531 0.089844 0.041406
0 0.307812 0.278906 0.082031 0.037500
0 0.299219 0.325000 0.087500 0.041406
0 0.423438 0.312500 0.083594 0.046094
0 0.419531 0.399219 0.089844 0.038281
0 0.317188 0.411719 0.083594 0.038281
0 0.427344 0.485938 0.086719 0.040625
0 0.312500 0.503125 0.079687 0.039844
0 0.308594 0.543750 0.081250 0.039062
0 0.311719 0.593750 0.082812 0.039844
0 0.300781 0.633594 0.088281 0.039062
0 0.307031 0.680469 0.082031 0.039062
0 0.312500 0.732812 0.079687 0.040625
0 0.309375 0.772656 0.078906 0.035937
0 0.310156 0.810937 0.082812 0.035937
0 0.310156 0.856250 0.085938 0.034375
0 0.311719 0.892969 0.078125 0.035156
0 0.308594 0.941406 0.082031 0.037500
0 0.418750 0.975000 0.077344 0.042188
0 0.420312 0.886719 0.072656 0.036719
0 0.427344 0.839063 0.078125 0.039062
0 0.435937 0.579688 0.079687 0.031250
0 0.624219 0.198437 0.081250 0.038281
0 0.622656 0.420312 0.085938 0.038281
0 0.621875 0.507031 0.088281 0.042969
0 0.627344 0.682813 0.109375 0.046875
0 0.622656 0.864062 0.085938 0.041406
0 0.775000 0.582031 0.078125 0.042188
0 0.787500 0.097656 0.095312 0.039844
0 0.964063 0.503906 0.071875 0.041406
0 0.765625 0.975000 0.076563 0.030469
