1 0.549219 0.500000 0.901563 1.000000
2 0.720313 0.513281 0.193750 0.973437
2 0.376563 0.491406 0.150000 0.982812
3 0.643750 0.515625 0.089063 0.056250
3 0.650781 0.465625 0.089063 0.056250
3 0.655469 0.418750 0.089063 0.056250
3 0.671875 0.283594 0.089063 0.056250
3 0.685156 0.190625 0.089063 0.056250
3 0.678125 0.236719 0.089063 0.056250
3 0.615625 0.742969 0.089063 0.056250
3 0.620313 0.697656 0.089063 0.056250
3 0.627344 0.653125 0.089063 0.056250
3 0.632031 0.605469 0.089063 0.056250
3 0.639062 0.561719 0.089063 0.056250
3 0.689844 0.145313 0.089063 0.056250
3 0.594531 0.926562 0.089063 0.056250
3 0.599219 0.879687 0.089063 0.056250
3 0.603906 0.835156 0.089063 0.056250
3 0.610156 0.789062 0.089063 0.056250
3 0.692969 0.100000 0.089063 0.056250
3 0.585156 0.971875 0.089063 0.056250
3 0.701562 0.025781 0.084375 0.020313
3 0.699219 0.053906 0.089063 0.056250
3 0.667188 0.328125 0.089063 0.050000
3 0.812500 0.403125 0.081250 0.050000
3 0.783594 0.653125 0.081250 0.050000
3 0.789062 0.610156 0.081250 0.050000
3 0.795312 0.564844 0.081250 0.050000
3 0.804688 0.483594 0.081250 0.050000
3 0.799219 0.525781 0.081250 0.050000
3 0.807813 0.442969 0.081250 0.050000
3 0.767188 0.775000 0.081250 0.050000
3 0.771094 0.735156 0.081250 0.050000
3 0.776563 0.695312 0.081250 0.050000
3 0.761719 0.817187 0.081250 0.050000
3 0.756250 0.858594 0.081250 0.050000
3 0.817969 0.361719 0.081250 0.050000
3 0.836719 0.235937 0.081250 0.050000
3 0.841406 0.196094 0.081250 0.050000
3 0.842969 0.154688 0.081250 0.050000
3 0.853906 0.069531 0.081250 0.050000
3 0.849219 0.110937 0.081250 0.050000
3 0.857812 0.043750 0.076563 0.017188
3 0.753125 0.900781 0.081250 0.050000
3 0.749219 0.942969 0.081250 0.050000
3 0.743750 0.978906 0.081250 0.042188
3 0.992969 0.323437 0.014063 0.050000
3 0.990625 0.368750 0.018750 0.050000
3 0.987500 0.417187 0.025000 0.050000
3 0.957031 0.735156 0.040625 0.050000
3 0.967969 0.645312 0.040625 0.050000
3 0.973437 0.599219 0.040625 0.050000
3 0.978906 0.553906 0.040625 0.050000
3 0.982031 0.509375 0.035937 0.050000
3 0.950781 0.781250 0.040625 0.050000
3 0.985156 0.460938 0.029687 0.050000
3 0.962500 0.689844 0.040625 0.050000
3 0.933594 0.922656 0.040625 0.050000
3 0.939844 0.875000 0.040625 0.050000
3 0.945312 0.828906 0.040625 0.051562
3 0.982031 0.507812 0.035937 0.050000
3 0.928906 0.962500 0.040625 0.050000
3 0.923438 0.991406 0.040625 0.017188
3 0.447656 0.369531 0.085938 0.050000
3 0.442969 0.413281 0.085938 0.056250
3 0.439063 0.460156 0.085938 0.056250
3 0.432812 0.510156 0.085938 0.056250
3 0.425000 0.558594 0.087500 0.060937
3 0.419531 0.607812 0.082812 0.056250
3 0.460938 0.285938 0.089063 0.056250
3 0.453906 0.328906 0.085938 0.050000
3 0.464062 0.239063 0.085938 0.056250
3 0.468750 0.194531 0.085938 0.056250
3 0.475781 0.146875 0.085938 0.056250
3 0.480469 0.106250 0.084375 0.046875
3 0.485156 0.064844 0.085938 0.056250
3 0.489844 0.021875 0.085938 0.043750
3 0.413281 0.654687 0.085938 0.056250
3 0.407813 0.700781 0.085938 0.053125
3 0.401562 0.746094 0.085938 0.053125
3 0.397656 0.789844 0.085938 0.056250
3 0.388281 0.836719 0.082812 0.056250
3 0.382812 0.882031 0.081250 0.054688
3 0.377344 0.927344 0.082812 0.053125
3 0.371094 0.967187 0.082812 0.050000
3 0.374219 0.058594 0.087500 0.056250
0 0.335156 0.424219 0.085938 0.048438
3 0.335156 0.376563 0.085938 0.056250
3 0.357031 0.192188 0.085938 0.053125
3 0.363281 0.146094 0.089063 0.056250
3 0.367969 0.103125 0.084375 0.050000
3 0.339844 0.328906 0.085938 0.056250
3 0.345313 0.282031 0.085938 0.056250
3 0.352344 0.235156 0.089063 0.053125
3 0.377344 0.020313 0.085938 0.040625
3 0.330469 0.425781 0.089063 0.059375
3 0.321094 0.470313 0.090625 0.051562
3 0.307031 0.606250 0.085938 0.056250
3 0.313281 0.559375 0.085938 0.056250
3 0.316406 0.514062 0.085938 0.053125
3 0.317188 0.514062 0.085938 0.056250
3 0.300781 0.653125 0.085938 0.056250
3 0.293750 0.702344 0.085938 0.056250
3 0.289844 0.750000 0.085938 0.056250
3 0.285156 0.790625 0.085938 0.046875
3 0.280469 0.832031 0.085938 0.056250
3 0.275000 0.875000 0.084375 0.043750
3 0.268750 0.921094 0.087500 0.065625
3 0.263281 0.960938 0.081250 0.035937
3 0.829688 0.275781 0.082812 0.043750
2 0.828906 0.316406 0.092188 0.054688
2 0.662500 0.371875 0.092188 0.060937
0 0.381250 0.020313 0.090625 0.040625
0 0.491406 0.021875 0.095312 0.043750
0 0.365625 0.096094 0.087500 0.053125
0 0.475000 0.148438 0.098437 0.050000
0 0.361719 0.146094 0.098437 0.054688
0 0.347656 0.233594 0.089063 0.048438
0 0.332813 0.279687 0.095312 0.054688
0 0.463281 0.282813 0.092188 0.059375
0 0.448437 0.371875 0.098437 0.051562
0 0.339844 0.371875 0.092188 0.051562
0 0.445312 0.463281 0.095312 0.053125
0 0.324219 0.465625 0.087500 0.050000
0 0.314844 0.507812 0.089063 0.050000
0 0.311719 0.560156 0.092188 0.051562
0 0.295312 0.600000 0.096875 0.051562
0 0.296094 0.650000 0.090625 0.051562
0 0.294531 0.704688 0.087500 0.053125
0 0.286719 0.745313 0.087500 0.046875
0 0.282031 0.785156 0.092188 0.048438
0 0.276562 0.831250 0.093750 0.046875
0 0.273438 0.870313 0.085938 0.046875
0 0.264062 0.920312 0.090625 0.050000
0 0.373437 0.967187 0.085938 0.050000
0 0.387500 0.878125 0.081250 0.046875
0 0.400781 0.829688 0.085938 0.050000
0 0.442188 0.561719 0.085938 0.040625
0 0.685937 0.189844 0.089063 0.050000
0 0.655469 0.419531 0.095312 0.051562
0 0.643750 0.509375 0.096875 0.056250
0 0.627344 0.692969 0.118750 0.064062
0 0.600000 0.879687 0.095312 0.054688
0 0.792969 0.607031 0.085938 0.053125
0 0.867969 0.106250 0.104688 0.054688
0 0.979688 0.546875 0.040625 0.046875
