1 0.495820 0.520965 0.991640 0.958070
2 0.278125 0.714063 0.542188 0.082812
2 0.267969 0.374219 0.535937 0.039062
3 0.904687 0.086719 0.050000 0.082812
3 0.823438 0.088281 0.042188 0.081250
3 0.863281 0.088281 0.043750 0.082812
3 0.950000 0.085156 0.050000 0.082812
3 0.788281 0.089063 0.034375 0.082812
3 0.978125 0.084375 0.018750 0.081250
3 0.485156 0.631250 0.045312 0.082812
3 0.442188 0.632031 0.046875 0.081250
3 0.217969 0.640625 0.046875 0.081250
3 0.396875 0.633594 0.046875 0.081250
3 0.261719 0.638281 0.046875 0.081250
3 0.353906 0.636719 0.046875 0.081250
3 0.307812 0.637500 0.046875 0.081250
3 0.043750 0.648438 0.031250 0.082812
3 0.082031 0.647656 0.046875 0.081250
3 0.175000 0.643750 0.040625 0.085938
3 0.014844 0.650781 0.023438 0.081250
3 0.490625 0.780469 0.043750 0.079687
3 0.450781 0.782813 0.042188 0.081250
3 0.369531 0.786719 0.046875 0.081250
3 0.328906 0.788281 0.043750 0.081250
3 0.287500 0.789844 0.043750 0.081250
3 0.164844 0.791406 0.046875 0.081250
3 0.124219 0.793750 0.046875 0.081250
3 0.082812 0.795312 0.046875 0.081250
3 0.040625 0.796875 0.046875 0.081250
3 0.249219 0.790625 0.037500 0.081250
3 0.410156 0.785156 0.043750 0.079687
3 0.316406 0.975000 0.045312 0.050000
3 0.184375 0.976562 0.046875 0.046875
3 0.138281 0.978125 0.045312 0.043750
3 0.092969 0.978906 0.045312 0.042188
3 0.049219 0.978906 0.045312 0.042188
3 0.227344 0.976562 0.048438 0.046875
3 0.272656 0.975781 0.045312 0.048438
3 0.525781 0.629687 0.046875 0.082812
3 0.530469 0.778906 0.043750 0.081250
3 0.471094 0.314844 0.045312 0.084375
3 0.432031 0.316406 0.045312 0.084375
3 0.389844 0.317188 0.045312 0.084375
3 0.347656 0.320312 0.045312 0.084375
3 0.302344 0.321094 0.045312 0.084375
3 0.260156 0.321094 0.045312 0.084375
3 0.078906 0.326562 0.045312 0.084375
3 0.123438 0.325000 0.045312 0.084375
3 0.165625 0.321875 0.045312 0.084375
3 0.214062 0.324219 0.045312 0.084375
3 0.034375 0.330469 0.045312 0.084375
3 0.005469 0.330469 0.010937 0.085938
3 0.511719 0.313281 0.045312 0.084375
3 0.357812 0.425781 0.045312 0.084375
3 0.396875 0.425000 0.045312 0.084375
3 0.439063 0.423438 0.045312 0.084375
3 0.478125 0.423438 0.045312 0.084375
3 0.517969 0.421875 0.045312 0.084375
3 0.232031 0.429688 0.045312 0.084375
3 0.185156 0.430469 0.056250 0.085938
3 0.271094 0.428906 0.045312 0.084375
3 0.316406 0.427344 0.045312 0.084375
3 0.050000 0.434375 0.045312 0.084375
3 0.093750 0.435156 0.053125 0.085938
3 0.139063 0.431250 0.045312 0.084375
3 0.016406 0.434375 0.032813 0.084375
0 0.981250 0.084375 0.012500 0.075000
0 0.822656 0.089844 0.046875 0.085938
0 0.783594 0.090625 0.037500 0.085938
0 0.519531 0.315625 0.037500 0.073438
0 0.432031 0.321094 0.040625 0.081250
0 0.352344 0.315625 0.040625 0.076563
0 0.303125 0.318750 0.043750 0.081250
0 0.215625 0.320312 0.043750 0.085938
0 0.172656 0.315625 0.045312 0.095312
0 0.078906 0.331250 0.042188 0.092188
0 0.032813 0.336719 0.045312 0.079687
0 0.008594 0.328125 0.017188 0.075000
0 0.441406 0.426563 0.045312 0.082812
0 0.316406 0.429688 0.043750 0.089063
0 0.185156 0.435156 0.046875 0.095312
0 0.096094 0.436719 0.045312 0.090625
0 0.014063 0.442188 0.028125 0.093750
0 0.310937 0.635938 0.043750 0.085938
0 0.083594 0.647656 0.050000 0.084375
0 0.418750 0.801562 0.043750 0.098437
2 0.210156 0.796875 0.048438 0.096875
2 0.132031 0.646094 0.050000 0.087500
3 0.153906 0.134375 0.039062 0.048438
3 0.110156 0.135156 0.051562 0.046875
3 0.065625 0.137500 0.039062 0.048438
0 0.153906 0.137500 0.032813 0.048438
0 0.114844 0.137500 0.042188 0.048438
0 0.067187 0.135937 0.042188 0.042188
