0 0.957031 0.199219 0.085938 0.060937
0 0.928906 0.386719 0.117188 0.070312
0 0.838281 0.907813 0.090625 0.054688
0 0.897656 0.576562 0.098437 0.056250
0 0.875781 0.671094 0.095312 0.054688
0 0.525000 0.514062 0.095312 0.056250
0 0.645312 0.975000 0.109375 0.050000
2 0.411719 0.484375 0.095312 0.070312
0 0.748437 0.470313 0.101562 0.071875
0 0.825000 0.057031 0.110937 0.032813
2 0.694531 0.767188 0.110937 0.067187
0 0.251563 0.583594 0.070312 0.123438
2 0.864844 0.721094 0.100000 0.062500
1 0.500000 0.500000 1.000000 1.000000
