1 0.500000 0.496904 1.000000 0.993809
2 0.750781 0.307812 0.498437 0.150000
2 0.712500 0.668750 0.525000 0.104688
3 0.017969 0.843750 0.035937 0.093750
3 0.091406 0.860156 0.053125 0.089063
3 0.048438 0.851562 0.056250 0.093750
3 0.128125 0.865625 0.046875 0.092188
3 0.559375 0.357031 0.057813 0.092188
3 0.604688 0.364063 0.059375 0.090625
3 0.842969 0.400781 0.059375 0.090625
3 0.653125 0.372656 0.059375 0.090625
3 0.796875 0.395313 0.059375 0.090625
3 0.699219 0.377344 0.059375 0.090625
3 0.747656 0.385937 0.059375 0.090625
3 0.978906 0.420312 0.042188 0.090625
3 0.889062 0.407031 0.054688 0.095312
3 0.584375 0.198437 0.056250 0.090625
3 0.626563 0.203125 0.054688 0.092188
3 0.713281 0.215625 0.059375 0.090625
3 0.757031 0.222656 0.056250 0.090625
3 0.800781 0.229687 0.056250 0.090625
3 0.929688 0.252344 0.059375 0.090625
3 0.971875 0.257812 0.056250 0.090625
3 0.993750 0.265625 0.012500 0.090625
3 0.840625 0.235937 0.050000 0.089063
3 0.670312 0.209375 0.056250 0.090625
3 0.516406 0.350000 0.059375 0.093750
3 0.541406 0.190625 0.056250 0.090625
3 0.509375 0.692969 0.059375 0.095312
3 0.550781 0.699219 0.059375 0.095312
3 0.596094 0.707812 0.059375 0.095312
3 0.640625 0.712500 0.059375 0.095312
3 0.688281 0.721094 0.059375 0.095312
3 0.733594 0.729688 0.059375 0.095312
3 0.925781 0.760938 0.059375 0.095312
3 0.878125 0.753906 0.059375 0.095312
3 0.832812 0.749219 0.059375 0.095312
3 0.782031 0.735938 0.059375 0.095312
3 0.957031 0.764062 0.028125 0.089063
3 0.465625 0.685937 0.059375 0.095312
3 0.652344 0.599219 0.059375 0.095312
3 0.610156 0.592969 0.059375 0.095312
3 0.565625 0.585156 0.059375 0.095312
3 0.525000 0.577344 0.059375 0.095312
3 0.482812 0.571094 0.059375 0.095312
3 0.785156 0.621094 0.059375 0.095312
3 0.835156 0.629687 0.070312 0.098437
3 0.743750 0.614062 0.059375 0.095312
3 0.696094 0.605469 0.059375 0.095312
3 0.968750 0.651563 0.040625 0.092188
3 0.932031 0.643750 0.067187 0.098437
3 0.883594 0.638281 0.059375 0.095312
0 0.092188 0.858594 0.060937 0.096875
0 0.133594 0.865625 0.050000 0.095312
0 0.458594 0.682813 0.048438 0.082812
0 0.551562 0.694531 0.053125 0.090625
0 0.635156 0.715625 0.053125 0.085938
0 0.687500 0.723437 0.056250 0.092188
0 0.779687 0.740625 0.057813 0.096875
0 0.824219 0.753125 0.060937 0.107813
0 0.925781 0.756250 0.056250 0.101562
0 0.959375 0.757812 0.025000 0.085938
0 0.564063 0.582031 0.057813 0.093750
0 0.696094 0.603906 0.057813 0.100000
0 0.835156 0.625000 0.062500 0.107813
0 0.929688 0.641406 0.059375 0.101562
0 0.743750 0.387500 0.057813 0.096875
0 0.977344 0.420312 0.045312 0.093750
0 0.664062 0.190625 0.059375 0.109375
2 0.883594 0.238281 0.064062 0.109375
2 0.934375 0.413281 0.065625 0.098437
3 0.807031 0.949219 0.048438 0.056250
3 0.853125 0.956250 0.059375 0.056250
3 0.900000 0.963281 0.048438 0.056250
0 0.808594 0.946094 0.042188 0.054688
0 0.849219 0.953125 0.051562 0.056250
0 0.898438 0.964844 0.048438 0.050000
