1 0.505781 0.866857 0.988438 0.266287
3 0.230469 0.832031 0.096875 0.048438
3 0.232813 0.876563 0.096875 0.048438
3 0.237500 0.918750 0.096875 0.048438
3 0.330469 0.891406 0.096875 0.048438
3 0.333594 0.937500 0.096875 0.048438
3 0.335938 0.976562 0.096875 0.046875
3 0.237500 0.961719 0.096875 0.048438
3 0.228906 0.789062 0.096875 0.048438
3 0.560156 0.942187 0.096875 0.048438
3 0.558594 0.898438 0.096875 0.048438
3 0.655469 0.893750 0.096875 0.048438
3 0.653125 0.850000 0.096875 0.048438
3 0.651563 0.807813 0.096875 0.048438
3 0.656250 0.935937 0.096875 0.048438
3 0.886719 0.928125 0.096875 0.048438
3 0.562500 0.981250 0.098437 0.037500
3 0.879687 0.796094 0.096875 0.048438
3 0.882031 0.841406 0.096875 0.048438
3 0.884375 0.884375 0.096875 0.048438
3 0.659375 0.975000 0.098437 0.039062
3 0.879687 0.763281 0.096875 0.031250
3 0.328906 0.836719 0.096875 0.071875
3 0.325397 0.784592 0.096197 0.046798
3 0.554688 0.844531 0.096875 0.067187
3 0.553785 0.788943 0.101484 0.054536
3 0.649202 0.774658 0.095151 0.031588
3 0.964844 0.835156 0.070312 0.048438
3 0.967969 0.959375 0.064062 0.037500
3 0.967187 0.921875 0.065625 0.050000
3 0.964063 0.794531 0.071875 0.048438
3 0.888281 0.965625 0.096875 0.034375
3 0.963281 0.760938 0.073438 0.031250
3 0.239063 0.990625 0.096875 0.018750
3 0.030469 0.802344 0.032813 0.042188
3 0.041406 0.996875 0.032813 0.006250
3 0.032813 0.842969 0.032813 0.042188
3 0.035156 0.886719 0.032813 0.042188
3 0.037500 0.929688 0.032813 0.042188
3 0.039844 0.973437 0.032813 0.042188
3 0.028652 0.760277 0.033742 0.044780
0 0.222656 0.785156 0.084375 0.039062
0 0.232031 0.918750 0.092188 0.045312
0 0.238281 0.960938 0.089063 0.042188
0 0.244531 0.989062 0.104688 0.021875
0 0.325781 0.775781 0.089063 0.035937
0 0.331250 0.890625 0.084375 0.039062
0 0.334375 0.935156 0.079687 0.039062
0 0.338281 0.979688 0.085938 0.037500
0 0.548438 0.894531 0.089063 0.046875
0 0.556250 0.941406 0.084375 0.045312
0 0.647656 0.802344 0.081250 0.042188
0 0.644531 0.896094 0.089063 0.046875
0 0.650000 0.939844 0.082812 0.045312
0 0.882812 0.764062 0.079687 0.029687
0 0.886719 0.839844 0.082812 0.039062
0 0.883594 0.882031 0.089063 0.045312
0 0.889062 0.929688 0.082812 0.040625
0 0.888281 0.967187 0.089063 0.031250
0 0.963281 0.792188 0.073438 0.043750
0 0.967187 0.878906 0.065625 0.042188
0 0.967969 0.960938 0.064062 0.034375
