1 0.500000 0.566099 1.000000 0.787046
3 0.893750 0.502344 0.110937 0.057813
3 0.887500 0.546875 0.110937 0.057813
3 0.882812 0.596094 0.110937 0.057813
3 0.875781 0.640625 0.110937 0.057813
3 0.871094 0.686719 0.110937 0.057813
3 0.864844 0.733594 0.110937 0.057813
3 0.900000 0.455469 0.110937 0.057813
3 0.902344 0.409375 0.110937 0.057813
3 0.907031 0.362500 0.110937 0.057813
3 0.911719 0.315625 0.110937 0.057813
3 0.937500 0.836719 0.064062 0.050000
3 0.843750 0.924219 0.110937 0.057813
3 0.849219 0.875000 0.110937 0.057813
3 0.853906 0.830469 0.110937 0.057813
3 0.972656 0.510156 0.054688 0.051562
3 0.960156 0.650781 0.057813 0.051562
3 0.955469 0.696094 0.057813 0.050000
3 0.948438 0.743750 0.060937 0.050000
3 0.933594 0.883594 0.062500 0.053125
3 0.894531 0.592187 0.095312 0.056250
3 0.928125 0.932031 0.062500 0.051562
3 0.977344 0.417969 0.045312 0.051562
3 0.964844 0.603125 0.057813 0.050000
3 0.979688 0.357812 0.040625 0.078125
3 0.983594 0.294531 0.032813 0.060937
3 0.914062 0.278125 0.110937 0.042188
3 0.659375 0.292187 0.090625 0.056250
3 0.622656 0.616406 0.090625 0.056250
3 0.617969 0.664062 0.090625 0.056250
3 0.613281 0.710938 0.090625 0.056250
3 0.607812 0.757812 0.090625 0.056250
3 0.604688 0.801562 0.090625 0.056250
3 0.598437 0.848437 0.090625 0.056250
3 0.592187 0.894531 0.090625 0.056250
3 0.655469 0.338281 0.090625 0.056250
3 0.650781 0.384375 0.090625 0.056250
3 0.644531 0.431250 0.090625 0.056250
3 0.640625 0.478125 0.090625 0.056250
3 0.634375 0.524219 0.090625 0.056250
3 0.631250 0.569531 0.090625 0.056250
3 0.535156 0.605469 0.090625 0.056250
3 0.542188 0.561719 0.090625 0.056250
3 0.546094 0.514062 0.090625 0.056250
3 0.552344 0.467969 0.090625 0.056250
3 0.558594 0.421094 0.090625 0.056250
3 0.561719 0.375000 0.090625 0.056250
3 0.567187 0.328125 0.090625 0.056250
3 0.574219 0.282813 0.090625 0.056250
3 0.510938 0.838281 0.090625 0.056250
3 0.515625 0.792188 0.090625 0.056250
3 0.520312 0.744531 0.090625 0.056250
3 0.525781 0.700000 0.090625 0.056250
3 0.531250 0.653906 0.090625 0.056250
3 0.333594 0.282813 0.090625 0.056250
3 0.248438 0.225781 0.090625 0.056250
3 0.337500 0.235937 0.090625 0.056250
3 0.505469 0.885156 0.090625 0.056250
3 0.324219 0.375000 0.090625 0.056250
3 0.234375 0.365625 0.090625 0.056250
3 0.329688 0.328906 0.090625 0.056250
3 0.238281 0.320312 0.090625 0.056250
3 0.244531 0.272656 0.090625 0.056250
3 0.217969 0.503906 0.090625 0.056250
3 0.307031 0.514062 0.090625 0.056250
3 0.223438 0.458594 0.090625 0.056250
3 0.228906 0.410938 0.090625 0.056250
3 0.311719 0.467969 0.090625 0.056250
3 0.317188 0.421094 0.090625 0.056250
3 0.200781 0.645312 0.090625 0.056250
3 0.290625 0.655469 0.090625 0.056250
3 0.206250 0.598437 0.090625 0.056250
3 0.296094 0.607031 0.090625 0.056250
3 0.212500 0.551562 0.090625 0.056250
3 0.300781 0.560937 0.090625 0.056250
3 0.273438 0.795312 0.090625 0.056250
3 0.185156 0.785156 0.090625 0.056250
3 0.278906 0.746875 0.090625 0.056250
3 0.190625 0.737500 0.090625 0.056250
3 0.196094 0.690625 0.090625 0.056250
3 0.284375 0.701562 0.090625 0.056250
3 0.267969 0.842187 0.090625 0.056250
3 0.178906 0.835156 0.090625 0.056250
3 0.025000 0.342187 0.026562 0.046875
3 0.007031 0.582031 0.014063 0.064062
3 0.003125 0.638281 0.006250 0.048438
3 0.029687 0.296875 0.026562 0.046875
3 0.039062 0.204687 0.026562 0.048438
3 0.034375 0.250000 0.026562 0.048438
3 0.008594 0.529687 0.017188 0.046875
3 0.011719 0.484375 0.023438 0.046875
3 0.014844 0.436719 0.026562 0.048438
3 0.019531 0.392188 0.026562 0.048438
3 0.664062 0.253906 0.087500 0.040625
3 0.578125 0.246094 0.084375 0.039062
2 0.873437 0.782031 0.201563 0.073438
0 0.914844 0.310937 0.095312 0.053125
0 0.984375 0.414062 0.031250 0.050000
0 0.982812 0.464062 0.034375 0.040625
0 0.916406 0.411719 0.092188 0.053125
0 0.906250 0.458594 0.093750 0.046875
0 0.886719 0.592969 0.093750 0.050000
0 0.884375 0.640625 0.087500 0.045312
0 0.879687 0.689063 0.092188 0.042188
0 0.967187 0.603906 0.053125 0.045312
0 0.962500 0.649219 0.051562 0.039062
0 0.957812 0.696094 0.051562 0.039062
0 0.953906 0.741406 0.050000 0.043750
0 0.844531 0.871094 0.098437 0.056250
0 0.853906 0.923438 0.071875 0.039062
0 0.666406 0.253125 0.079687 0.032813
0 0.657031 0.335156 0.089063 0.054688
0 0.658594 0.382031 0.093750 0.046875
0 0.650781 0.432812 0.100000 0.046875
0 0.650000 0.481250 0.093750 0.046875
0 0.635938 0.527344 0.092188 0.040625
0 0.625000 0.574219 0.090625 0.046875
0 0.625781 0.617969 0.087500 0.046875
0 0.619531 0.713281 0.084375 0.046875
0 0.610938 0.757031 0.079687 0.042188
0 0.611719 0.801562 0.089063 0.048438
0 0.596094 0.894531 0.093750 0.056250
0 0.557031 0.283594 0.123438 0.059375
0 0.558594 0.375781 0.093750 0.050000
0 0.544531 0.467969 0.098437 0.053125
0 0.531250 0.653125 0.095312 0.053125
0 0.511719 0.837500 0.095312 0.051562
0 0.245312 0.275000 0.090625 0.048438
0 0.232031 0.411719 0.089063 0.050000
0 0.214062 0.644531 0.092188 0.056250
0 0.032813 0.294531 0.032813 0.046875
0 0.007812 0.584375 0.015625 0.050000
3 0.975000 0.461719 0.050000 0.051562
3 0.969531 0.557813 0.059375 0.051562
