0 0.610938 0.496094 0.090625 0.042188
0 0.607031 0.562500 0.084375 0.046875
0 0.607812 0.660937 0.087500 0.048438
0 0.683594 0.975781 0.075000 0.042188
0 0.906250 0.559375 0.081250 0.043750
0 0.325781 0.524219 0.081250 0.046875
0 0.391406 0.706250 0.081250 0.040625
0 0.404687 0.572656 0.081250 0.045312
0 0.298438 0.700000 0.081250 0.039062
0 0.374219 0.918750 0.078125 0.045312
0 0.685156 0.887500 0.079687 0.042188
0 0.895312 0.734375 0.081250 0.042188
0 0.895312 0.821094 0.081250 0.043750
0 0.689844 0.801562 0.084375 0.042188
0 0.397656 0.666406 0.078125 0.043750
0 0.314844 0.653906 0.081250 0.043750
0 0.713281 0.627344 0.098437 0.048438
0 0.608594 0.610156 0.090625 0.045312
0 0.392969 0.750781 0.081250 0.042188
0 0.885938 0.912500 0.084375 0.043750
0 0.583594 0.916406 0.078125 0.046875
0 0.875000 0.991406 0.087500 0.017188
0 0.594531 0.831250 0.078125 0.046875
0 0.910156 0.642188 0.082812 0.045312
0 0.895312 0.775781 0.079687 0.043750
0 0.601562 0.746094 0.084375 0.051562
0 0.701562 0.714063 0.079687 0.043750
0 0.692187 0.845313 0.081250 0.040625
0 0.903125 0.692187 0.075000 0.043750
0 0.610156 0.707812 0.078125 0.043750
0 0.892188 0.864844 0.081250 0.045312
0 0.107031 0.489844 0.064062 0.039062
0 0.073438 0.833594 0.082812 0.048438
1 0.482812 0.691406 0.962500 0.617188
