1 0.539718 0.499593 0.918935 0.999186
2 0.195647 0.153745 0.038034 0.098573
2 0.922462 0.132082 0.034392 0.178098
2 0.920164 0.450912 0.032277 0.185213
2 0.916980 0.770461 0.033883 0.177849
3 0.321875 0.074219 0.041406 0.090625
3 0.582031 0.171094 0.041406 0.090625
3 0.624219 0.171875 0.041406 0.090625
3 0.667188 0.174219 0.041406 0.090625
3 0.710156 0.172656 0.041406 0.090625
3 0.753125 0.172656 0.041406 0.090625
3 0.797656 0.172656 0.041406 0.090625
3 0.840625 0.173437 0.041406 0.090625
3 0.882812 0.173437 0.041406 0.090625
3 0.365625 0.168750 0.041406 0.090625
3 0.409375 0.168750 0.041406 0.090625
3 0.451562 0.170313 0.041406 0.090625
3 0.495312 0.171094 0.041406 0.090625
3 0.539844 0.169531 0.041406 0.090625
3 0.454688 0.076563 0.041406 0.090625
3 0.410938 0.075781 0.041406 0.090625
3 0.235937 0.167969 0.041406 0.090625
3 0.364844 0.075000 0.041406 0.090625
3 0.278125 0.167969 0.041406 0.090625
3 0.320312 0.167969 0.041406 0.090625
3 0.627344 0.078125 0.041406 0.090625
3 0.584375 0.076563 0.041406 0.090625
3 0.541406 0.075781 0.041406 0.090625
3 0.498437 0.076563 0.041406 0.090625
3 0.800000 0.078906 0.041406 0.090625
3 0.755469 0.078906 0.041406 0.090625
3 0.841406 0.078906 0.041406 0.090625
3 0.711719 0.078906 0.041406 0.090625
3 0.667969 0.079687 0.041406 0.090625
3 0.321094 0.489844 0.041406 0.090625
3 0.278125 0.489844 0.041406 0.090625
3 0.279687 0.396094 0.041406 0.090625
3 0.882812 0.080469 0.041406 0.090625
3 0.492188 0.489844 0.043750 0.090625
3 0.449219 0.489844 0.041406 0.090625
3 0.407031 0.489063 0.041406 0.090625
3 0.364063 0.489844 0.041406 0.090625
3 0.536719 0.489844 0.043750 0.090625
3 0.707812 0.492969 0.043750 0.090625
3 0.665625 0.492969 0.043750 0.090625
3 0.620313 0.491406 0.043750 0.090625
3 0.578125 0.491406 0.043750 0.090625
3 0.537500 0.397656 0.042188 0.090625
3 0.493750 0.396875 0.043750 0.090625
3 0.450000 0.396094 0.043750 0.090625
3 0.407031 0.394531 0.043750 0.090625
3 0.364063 0.394531 0.043750 0.090625
3 0.320312 0.396875 0.043750 0.090625
3 0.664844 0.399219 0.043750 0.090625
3 0.621875 0.397656 0.043750 0.090625
3 0.578906 0.396875 0.043750 0.090625
3 0.840625 0.400000 0.043750 0.090625
3 0.795312 0.494531 0.043750 0.090625
3 0.795312 0.400781 0.043750 0.090625
3 0.707812 0.399219 0.043750 0.090625
3 0.232813 0.490625 0.043750 0.090625
3 0.882031 0.492188 0.043750 0.090625
3 0.886719 0.400781 0.043750 0.090625
3 0.837500 0.492969 0.043750 0.090625
3 0.836719 0.721875 0.043750 0.090625
3 0.792188 0.721094 0.043750 0.090625
3 0.706250 0.721875 0.043750 0.090625
3 0.663281 0.719531 0.043750 0.090625
3 0.619531 0.719531 0.043750 0.090625
3 0.575781 0.718750 0.043750 0.090625
3 0.836719 0.813281 0.043750 0.090625
3 0.877344 0.816406 0.043750 0.090625
3 0.882031 0.723437 0.043750 0.090625
3 0.662500 0.812500 0.043750 0.090625
3 0.703125 0.814063 0.043750 0.090625
3 0.791406 0.814063 0.043750 0.090625
3 0.489844 0.716406 0.043750 0.090625
3 0.467187 0.811719 0.043750 0.090625
3 0.488281 0.717969 0.043750 0.090625
3 0.532813 0.718750 0.043750 0.090625
3 0.534375 0.810937 0.043750 0.090625
3 0.575000 0.812500 0.043750 0.090625
3 0.617969 0.811719 0.043750 0.090625
3 0.270313 0.715625 0.050000 0.089844
3 0.317969 0.714844 0.043750 0.090625
3 0.360156 0.714063 0.043750 0.090625
3 0.383594 0.809375 0.043750 0.090625
3 0.403125 0.715625 0.043750 0.090625
3 0.425781 0.808594 0.043750 0.090625
3 0.448437 0.717187 0.043750 0.090625
3 0.327344 0.810156 0.062500 0.095312
3 0.272788 0.811538 0.046723 0.097062
2 0.750000 0.720313 0.045312 0.093750
2 0.749219 0.819531 0.046094 0.097656
2 0.753125 0.466406 0.045312 0.230469
2 0.257045 0.075559 0.086894 0.092726
2 0.528836 0.069189 0.344410 0.096739
2 0.221879 0.426613 0.073788 0.149952
0 0.758594 0.083594 0.038281 0.078125
0 0.312500 0.367188 0.046875 0.070312
0 0.402344 0.386719 0.050000 0.071094
0 0.532813 0.397656 0.039062 0.082031
0 0.620313 0.397656 0.036719 0.082812
0 0.666406 0.403125 0.039844 0.086719
0 0.662500 0.490625 0.039844 0.083594
0 0.706250 0.495312 0.042188 0.074219
0 0.270313 0.711719 0.036719 0.082031
0 0.403125 0.708594 0.039062 0.086719
0 0.444531 0.715625 0.038281 0.085938
0 0.530469 0.714063 0.039062 0.078906
0 0.659375 0.716406 0.039844 0.082031
0 0.789844 0.729688 0.037500 0.081250
0 0.831250 0.729688 0.037500 0.077344
0 0.832812 0.819531 0.041406 0.083594
0 0.655469 0.814844 0.036719 0.072656
0 0.619531 0.812500 0.038281 0.082812
0 0.577344 0.816406 0.038281 0.085938
0 0.534375 0.807813 0.044531 0.078906
0 0.469531 0.813281 0.036719 0.087500
0 0.422656 0.810937 0.040625 0.077344
0 0.378906 0.810156 0.039844 0.079687
0 0.267188 0.810937 0.028125 0.089063
0 0.487500 0.718750 0.041406 0.088281
3 0.500781 0.810156 0.021094 0.092188
