1 0.852497 0.489447 0.293378 0.978895
3 0.821875 0.167969 0.042969 0.093750
3 0.778906 0.167969 0.042969 0.093750
3 0.865625 0.167969 0.042969 0.093750
3 0.909375 0.169531 0.042969 0.093750
3 0.952344 0.169531 0.042969 0.093750
3 0.867969 0.074219 0.042969 0.093750
3 0.822656 0.073438 0.042969 0.093750
3 0.735938 0.167969 0.042969 0.093750
3 0.910156 0.074219 0.042969 0.093750
3 0.953906 0.075000 0.042969 0.093750
3 0.820312 0.395313 0.042969 0.093750
3 0.777344 0.491406 0.042969 0.093750
3 0.950000 0.395313 0.042969 0.093750
3 0.906250 0.396094 0.042969 0.093750
3 0.864062 0.396094 0.042969 0.093750
3 0.905469 0.490625 0.042969 0.093750
3 0.863281 0.490625 0.042969 0.093750
3 0.819531 0.490625 0.042969 0.093750
3 0.777344 0.396094 0.042969 0.093750
3 0.861719 0.716406 0.042969 0.093750
3 0.817969 0.714844 0.042969 0.093750
3 0.734375 0.491406 0.042969 0.093750
3 0.949219 0.489844 0.042969 0.093750
3 0.968750 0.810937 0.042969 0.093750
3 0.925781 0.810937 0.042969 0.093750
3 0.882031 0.811719 0.042969 0.093750
3 0.947656 0.716406 0.042969 0.093750
3 0.903125 0.717187 0.042969 0.093750
3 0.773438 0.714844 0.042969 0.093750
3 0.828125 0.811719 0.063281 0.095312
3 0.771935 0.813121 0.046252 0.095870
3 0.985938 0.714844 0.028125 0.091406
3 0.987500 0.168750 0.025000 0.091406
3 0.987500 0.074219 0.025000 0.091406
0 0.900000 0.369531 0.046094 0.097656
0 0.812500 0.370312 0.045312 0.065625
0 0.770312 0.714844 0.035937 0.081250
0 0.766406 0.814063 0.031250 0.092188
0 0.902344 0.709375 0.040625 0.082031
0 0.945312 0.715625 0.035937 0.084375
0 0.983594 0.717969 0.032813 0.092969
0 0.878906 0.811719 0.039844 0.078906
0 0.922656 0.814844 0.040625 0.077344
0 0.967187 0.814063 0.035156 0.087500
