0 0.486719 0.389844 0.033594 0.088281
0 0.553125 0.388281 0.041406 0.080469
0 0.650781 0.378906 0.040625 0.083594
0 0.957812 0.275781 0.035937 0.072656
0 0.523438 0.089844 0.038281 0.078125
0 0.539062 0.671094 0.040625 0.077344
0 0.714844 0.589844 0.034375 0.078906
0 0.580469 0.588281 0.039062 0.077344
0 0.717187 0.683594 0.032813 0.078125
0 0.928125 0.589063 0.038281 0.074219
0 0.869531 0.282031 0.035156 0.076563
0 0.699219 0.085938 0.035937 0.078125
0 0.785156 0.078125 0.038281 0.077344
0 0.783594 0.284375 0.035156 0.081250
0 0.675000 0.587500 0.038281 0.075781
0 0.669531 0.671094 0.037500 0.078906
0 0.608594 0.276562 0.040625 0.095312
0 0.600000 0.382031 0.037500 0.086719
0 0.759375 0.584375 0.035937 0.077344
0 0.877344 0.079687 0.036719 0.081250
0 0.907813 0.380469 0.040625 0.074219
0 0.972656 0.081250 0.039062 0.083594
0 0.821875 0.376563 0.039844 0.074219
0 0.606250 0.078906 0.038281 0.079687
0 0.740625 0.082031 0.036719 0.076563
0 0.735938 0.377344 0.045312 0.082031
0 0.695312 0.280469 0.038281 0.076563
0 0.827344 0.278125 0.035156 0.078125
0 0.656250 0.082031 0.038281 0.072656
0 0.989844 0.269531 0.017969 0.075000
0 0.697656 0.371875 0.038281 0.075781
0 0.828906 0.077344 0.039062 0.077344
0 0.524219 0.892188 0.035156 0.060937
0 0.869531 0.896094 0.042188 0.079687
1 0.711719 0.498437 0.576562 0.915625
