1 0.202958 0.499593 0.405915 0.999186
1 0.781136 0.928562 0.436099 0.141248
3 0.722656 0.911719 0.046094 0.090625
3 0.677344 0.911719 0.046875 0.091406
3 0.118750 0.220312 0.046094 0.090625
3 0.160938 0.221094 0.046094 0.090625
3 0.903125 0.914062 0.046094 0.090625
3 0.858594 0.911719 0.046094 0.090625
3 0.813281 0.910937 0.046094 0.090625
3 0.767969 0.912500 0.046094 0.090625
3 0.588281 0.913281 0.046094 0.090625
3 0.632031 0.912500 0.044531 0.090625
3 0.949219 0.914062 0.046094 0.090625
3 0.032813 0.219531 0.040625 0.089844
3 0.029687 0.311719 0.046094 0.090625
3 0.073438 0.220312 0.046094 0.090625
3 0.073438 0.311719 0.046094 0.090625
3 0.116406 0.312500 0.046094 0.090625
3 0.160156 0.313281 0.046094 0.090625
3 0.333594 0.313281 0.046094 0.090625
3 0.335156 0.221094 0.046094 0.090625
3 0.291406 0.221094 0.046094 0.090625
3 0.292187 0.314844 0.046094 0.090625
3 0.334375 0.542188 0.046094 0.090625
3 0.289062 0.541406 0.046094 0.090625
3 0.375000 0.314844 0.046094 0.090625
3 0.380469 0.222656 0.046094 0.090625
3 0.115625 0.539844 0.046094 0.090625
3 0.157031 0.541406 0.046094 0.090625
3 0.201563 0.540625 0.046094 0.090625
3 0.376563 0.542188 0.045312 0.088281
3 0.201563 0.314063 0.046094 0.090625
3 0.206250 0.220312 0.046094 0.090625
3 0.028906 0.539062 0.046094 0.090625
3 0.072656 0.540625 0.046094 0.090625
2 0.245312 0.281250 0.040625 0.174219
2 0.246094 0.607031 0.044531 0.210156
3 0.028906 0.633594 0.041406 0.095312
3 0.333594 0.637500 0.041406 0.095312
3 0.289844 0.637500 0.041406 0.095312
3 0.072656 0.634375 0.041406 0.095312
3 0.116406 0.633594 0.041406 0.095312
3 0.158594 0.635938 0.041406 0.095312
3 0.202344 0.636719 0.041406 0.095312
3 0.377344 0.637500 0.041406 0.095312
3 0.162500 0.870313 0.042188 0.084375
3 0.333594 0.867188 0.042188 0.084375
3 0.377344 0.868750 0.042188 0.084375
3 0.117188 0.867188 0.042188 0.084375
3 0.075000 0.867969 0.042188 0.084375
3 0.032031 0.867969 0.042188 0.084375
3 0.206250 0.869531 0.042188 0.084375
3 0.246875 0.868750 0.042188 0.084375
3 0.289062 0.867188 0.042188 0.084375
3 0.203125 0.954688 0.042188 0.084375
3 0.160156 0.952344 0.042188 0.084375
3 0.117969 0.953125 0.042188 0.084375
3 0.075000 0.951562 0.042188 0.084375
3 0.032031 0.952344 0.042188 0.084375
3 0.376563 0.955469 0.042188 0.084375
3 0.332813 0.954688 0.042188 0.084375
3 0.290625 0.955469 0.042188 0.084375
3 0.245312 0.953906 0.042188 0.084375
3 0.034375 0.018750 0.042188 0.037500
3 0.078906 0.019531 0.042188 0.037500
3 0.120313 0.018750 0.042188 0.037500
3 0.298438 0.018750 0.042188 0.037500
3 0.337500 0.018750 0.042188 0.037500
3 0.379688 0.019531 0.042188 0.037500
3 0.207031 0.018750 0.042188 0.037500
3 0.164062 0.018750 0.042188 0.037500
2 0.250000 0.043750 0.050000 0.087500
0 0.164062 0.017188 0.040625 0.034375
0 0.203906 0.017188 0.036719 0.034375
0 0.028906 0.214844 0.038281 0.078906
0 0.160156 0.217969 0.040625 0.082031
0 0.289062 0.225781 0.036719 0.075781
0 0.332813 0.228125 0.037500 0.074219
0 0.331250 0.322656 0.035156 0.083594
0 0.157812 0.315625 0.035156 0.075000
0 0.119531 0.314063 0.035156 0.079687
0 0.078125 0.314063 0.035937 0.083594
0 0.032031 0.309375 0.039062 0.082812
0 0.074219 0.539062 0.035156 0.082812
0 0.114844 0.540625 0.034375 0.076563
0 0.157031 0.540625 0.032813 0.075000
0 0.200781 0.541406 0.036719 0.083594
0 0.071875 0.630469 0.037500 0.081250
0 0.115625 0.628906 0.032813 0.079687
0 0.158594 0.628125 0.034375 0.075781
0 0.330469 0.642969 0.041406 0.080469
0 0.375000 0.628125 0.033594 0.059375
0 0.033594 0.864062 0.035156 0.078906
0 0.120313 0.869531 0.036719 0.086719
0 0.160938 0.951562 0.036719 0.082031
0 0.246875 0.867969 0.036719 0.077344
0 0.289062 0.863281 0.035937 0.085156
0 0.374219 0.864844 0.042188 0.088281
0 0.332031 0.953125 0.039844 0.078906
0 0.629687 0.901563 0.038281 0.079687
0 0.902344 0.910156 0.041406 0.088281
0 0.080469 0.870313 0.033594 0.084375
