1 0.501414 0.498885 0.995543 0.997770
2 0.346094 0.138281 0.043750 0.176563
2 0.217969 0.782031 0.042188 0.157031
3 0.042969 0.092969 0.045312 0.085156
3 0.085938 0.089844 0.046875 0.092969
3 0.127344 0.090625 0.040625 0.086719
3 0.172656 0.089844 0.046875 0.090625
3 0.215625 0.089063 0.042969 0.089063
3 0.258594 0.090625 0.039062 0.086719
3 0.305469 0.089063 0.045312 0.085938
3 0.389062 0.087500 0.037500 0.090625
3 0.432031 0.087500 0.039062 0.087500
3 0.473438 0.089063 0.038281 0.085156
3 0.513281 0.089844 0.043750 0.082812
3 0.042969 0.180469 0.050781 0.092188
3 0.088281 0.179688 0.044531 0.092969
3 0.132031 0.178906 0.041406 0.093750
3 0.173437 0.176563 0.042969 0.092188
3 0.216406 0.177344 0.042188 0.085938
3 0.259375 0.178125 0.046094 0.087500
3 0.303906 0.176563 0.042188 0.089063
3 0.390625 0.177344 0.040625 0.089063
3 0.432812 0.175781 0.040625 0.090625
3 0.472656 0.178125 0.043750 0.089844
3 0.517188 0.176563 0.041406 0.095312
0 0.078125 0.086719 0.039062 0.080469
0 0.171875 0.087500 0.036719 0.076563
0 0.217969 0.088281 0.031250 0.082031
0 0.257812 0.082812 0.037500 0.076563
0 0.430469 0.092188 0.035937 0.075781
0 0.514844 0.093750 0.039062 0.079687
0 0.038281 0.172656 0.035937 0.074219
0 0.170313 0.175000 0.032031 0.076563
0 0.217969 0.182031 0.033594 0.071875
3 0.346094 0.830469 0.043750 0.092188
3 0.085938 0.740625 0.046875 0.091406
3 0.042188 0.832812 0.047656 0.093750
3 0.196875 0.531250 0.044531 0.090625
3 0.023438 0.527344 0.039062 0.085938
3 0.456250 0.527344 0.045312 0.095312
3 0.704688 0.041406 0.087500 0.047656
3 0.173437 0.741406 0.042969 0.089844
3 0.704688 0.132812 0.092188 0.049219
3 0.282031 0.528125 0.042969 0.092188
3 0.371094 0.396875 0.046094 0.099219
3 0.242188 0.529687 0.042969 0.092969
3 0.025000 0.401562 0.039844 0.105469
3 0.501563 0.396094 0.046094 0.098437
3 0.107031 0.393750 0.047656 0.111719
2 0.268750 0.463281 0.531250 0.030469
3 0.701562 0.085156 0.089063 0.045312
3 0.702344 0.176563 0.099219 0.051562
3 0.702344 0.226562 0.088281 0.048438
3 0.703125 0.271094 0.086719 0.050781
3 0.700781 0.317188 0.090625 0.042188
3 0.701562 0.360156 0.092188 0.050000
3 0.701562 0.403906 0.092969 0.042969
3 0.727344 0.521094 0.042188 0.080469
3 0.772656 0.521875 0.046094 0.080469
3 0.817969 0.525000 0.042969 0.078906
3 0.866406 0.528125 0.039062 0.084375
3 0.908594 0.522656 0.045312 0.087500
3 0.957812 0.522656 0.039844 0.082031
3 0.498437 0.525781 0.043750 0.090625
3 0.412500 0.529687 0.041406 0.087500
3 0.368750 0.528125 0.039844 0.089844
3 0.325781 0.526563 0.045312 0.091406
3 0.152344 0.529687 0.041406 0.090625
3 0.109375 0.532813 0.042188 0.089063
3 0.066406 0.528125 0.049219 0.090625
3 0.043750 0.742188 0.043750 0.089063
3 0.087500 0.830469 0.045312 0.095312
3 0.130469 0.828906 0.042969 0.089063
3 0.175000 0.833594 0.040625 0.092188
3 0.260156 0.828125 0.040625 0.087500
3 0.303125 0.829688 0.041406 0.090625
3 0.260156 0.740625 0.042969 0.089844
3 0.303125 0.742188 0.042188 0.088281
3 0.345313 0.740625 0.043750 0.089063
3 0.391406 0.741406 0.039844 0.092188
3 0.389844 0.832031 0.042188 0.089844
3 0.432812 0.739062 0.041406 0.088281
3 0.434375 0.831250 0.040625 0.088281
3 0.474219 0.736719 0.041406 0.094531
3 0.475000 0.828906 0.040625 0.086719
3 0.517969 0.739062 0.042969 0.098437
3 0.519531 0.829688 0.039844 0.095312
0 0.024219 0.398438 0.029687 0.080469
0 0.368750 0.397656 0.032031 0.075781
0 0.453125 0.528125 0.032813 0.070312
0 0.283594 0.528125 0.030469 0.064844
0 0.199219 0.528906 0.034375 0.071875
0 0.025781 0.528906 0.032031 0.081250
0 0.092188 0.746875 0.032031 0.071875
0 0.132812 0.744531 0.034375 0.079687
0 0.175000 0.746875 0.032031 0.069531
0 0.048438 0.832031 0.031250 0.078906
0 0.346094 0.828906 0.032031 0.075781
3 0.065625 0.395313 0.042188 0.096094
3 0.150781 0.397656 0.043750 0.097656
3 0.200781 0.400000 0.047656 0.099219
3 0.239063 0.396094 0.035156 0.100781
3 0.282031 0.397656 0.046094 0.094531
3 0.325781 0.396094 0.043750 0.096875
3 0.413281 0.396094 0.044531 0.100000
3 0.459375 0.394531 0.041406 0.096875
3 0.693750 0.737500 0.050000 0.087500
3 0.741406 0.737500 0.044531 0.090625
3 0.786719 0.735156 0.048438 0.089063
3 0.832812 0.735156 0.045312 0.089063
3 0.876563 0.735156 0.048438 0.089063
3 0.925000 0.734375 0.044531 0.087500
3 0.970313 0.731250 0.048438 0.092188
3 0.970313 0.825781 0.046094 0.091406
3 0.925000 0.825781 0.050000 0.098437
3 0.878125 0.825781 0.050781 0.096094
3 0.832812 0.825781 0.045312 0.095312
3 0.788281 0.826562 0.045312 0.095312
3 0.742188 0.825000 0.046094 0.094531
3 0.694531 0.825000 0.048438 0.094531
0 0.705469 0.038281 0.078906 0.037500
0 0.710156 0.128906 0.076563 0.026562
0 0.778906 0.518750 0.028906 0.069531
0 0.864844 0.528906 0.028125 0.082812
0 0.957031 0.525781 0.037500 0.076563
0 0.831250 0.732031 0.035937 0.071875
2 0.532813 0.459375 0.015625 0.220312
2 0.684375 0.519531 0.042969 0.089844
