0 0.558594 0.901563 0.082812 0.045312
0 0.560937 0.855469 0.085938 0.048438
0 0.897656 0.807813 0.082812 0.045312
0 0.124219 0.889062 0.089063 0.046875
0 0.135156 0.842969 0.082812 0.045312
0 0.546094 0.983594 0.076563 0.032813
0 0.223438 0.949219 0.079687 0.043750
0 0.467969 0.846875 0.085938 0.051562
0 0.242969 0.682813 0.079687 0.046875
0 0.240625 0.818750 0.081250 0.046875
0 0.161719 0.627344 0.092188 0.053125
0 0.254688 0.641406 0.076563 0.043750
0 0.125000 0.932813 0.082812 0.048438
0 0.137500 0.805469 0.071875 0.040625
0 0.473438 0.803125 0.079687 0.045312
1 0.500000 0.508231 1.000000 0.983537
