0 0.264062 0.178125 0.087500 0.039062
0 0.259375 0.127344 0.096875 0.048438
0 0.258594 0.076563 0.093750 0.048438
0 0.269531 0.322656 0.090625 0.045312
0 0.268750 0.271875 0.087500 0.045312
0 0.256250 0.033594 0.089063 0.035937
0 0.039844 0.147656 0.079687 0.048438
0 0.042188 0.202344 0.084375 0.048438
0 0.272656 0.373437 0.084375 0.043750
0 0.269531 0.226562 0.093750 0.045312
0 0.445312 0.207031 0.103125 0.051562
0 0.460156 0.260156 0.096875 0.050000
0 0.036719 0.252344 0.073438 0.039062
0 0.276562 0.418750 0.096875 0.053125
0 0.452344 0.066406 0.093750 0.050000
0 0.467187 0.403125 0.081250 0.040625
0 0.677344 0.147656 0.087500 0.045312
0 0.678125 0.095312 0.087500 0.048438
0 0.668750 0.007812 0.084375 0.015625
0 0.459375 0.114844 0.065625 0.045312
0 0.046875 0.101562 0.093750 0.056250
0 0.787500 0.087500 0.090625 0.048438
0 0.789844 0.007031 0.107813 0.014063
0 0.680469 0.392188 0.075000 0.051562
0 0.678906 0.047656 0.095312 0.046875
0 0.660937 0.244531 0.062500 0.048438
0 0.241406 0.765625 0.048438 0.087500
0 0.477344 0.314844 0.081250 0.050000
0 0.338281 0.735156 0.050000 0.073438
0 0.484375 0.355469 0.084375 0.045312
0 0.285156 0.755469 0.051562 0.068750
0 0.576562 0.714063 0.046875 0.084375
0 0.627344 0.725000 0.054688 0.093750
0 0.190625 0.725781 0.057813 0.103125
0 0.884375 0.694531 0.057813 0.104688
0 0.525781 0.723437 0.054688 0.095312
1 0.696024 0.395696 0.607953 0.791393
1 0.183008 0.412790 0.366017 0.795120
