0 0.554688 0.884375 0.032813 0.082031
0 0.967969 0.206250 0.064062 0.035156
0 0.651563 0.878906 0.038281 0.082812
0 0.601562 0.879687 0.033594 0.084375
0 0.825000 0.875781 0.036719 0.078906
0 0.957031 0.775000 0.032813 0.075781
0 0.782031 0.785156 0.032031 0.081250
0 0.870313 0.782813 0.032813 0.073438
0 0.911719 0.879687 0.034375 0.080469
0 0.523438 0.589063 0.032031 0.080469
0 0.656250 0.582812 0.035156 0.076563
0 0.878906 0.578125 0.038281 0.073438
0 0.739844 0.877344 0.039062 0.082031
0 0.609375 0.775781 0.041406 0.095312
0 0.697656 0.780469 0.034375 0.075000
0 0.700000 0.585156 0.035156 0.075000
0 0.828125 0.778125 0.036719 0.074219
0 0.698438 0.872656 0.037500 0.076563
0 0.742969 0.581250 0.034375 0.076563
0 0.785156 0.579688 0.035156 0.076563
0 0.828906 0.578125 0.039062 0.071094
0 0.485938 0.886719 0.035156 0.086719
0 0.605469 0.575781 0.030469 0.078906
0 0.489063 0.209375 0.083594 0.036719
0 0.989062 0.769531 0.020313 0.076563
0 0.972656 0.582812 0.038281 0.082812
0 0.477344 0.253125 0.078125 0.038281
0 0.682031 0.253906 0.074219 0.034375
0 0.141406 0.493750 0.029687 0.060937
0 0.477344 0.296875 0.083594 0.037500
0 0.969531 0.293750 0.060937 0.033594
0 0.164062 0.120313 0.070312 0.035156
0 0.010156 0.493750 0.018750 0.050781
0 0.768750 0.254688 0.071875 0.036719
0 0.179688 0.492188 0.033594 0.062500
0 0.060937 0.492188 0.031250 0.073438
0 0.181250 0.174219 0.071875 0.033594
1 0.717969 0.170313 0.564063 0.330469
1 0.726562 0.768750 0.546875 0.452344
1 0.112500 0.266406 0.225000 0.526563
