1 0.499593 0.499593 0.999186 0.999186
3 0.517188 0.443750 0.103906 0.046875
3 0.516406 0.490625 0.103906 0.046875
3 0.517188 0.535937 0.103906 0.046875
3 0.516406 0.582031 0.103906 0.046875
3 0.412500 0.306250 0.103906 0.046875
3 0.411719 0.351562 0.103906 0.046875
3 0.410156 0.584375 0.103906 0.046875
3 0.410938 0.537500 0.103906 0.046875
3 0.410156 0.490625 0.103906 0.046875
3 0.412500 0.445312 0.103906 0.046875
3 0.413281 0.396875 0.103906 0.046875
3 0.414062 0.077344 0.103906 0.046875
3 0.413281 0.030469 0.103906 0.046875
3 0.516406 0.031250 0.103906 0.046875
3 0.515625 0.075781 0.103906 0.046875
3 0.516406 0.307812 0.103906 0.046875
3 0.517188 0.351562 0.103906 0.046875
3 0.516406 0.397656 0.103906 0.046875
3 0.214844 0.169531 0.103906 0.046875
3 0.214844 0.122656 0.103906 0.046875
3 0.410938 0.812500 0.103906 0.046875
3 0.517188 0.857812 0.103906 0.046875
3 0.410938 0.857031 0.103906 0.046875
3 0.515625 0.811719 0.103906 0.046875
3 0.112500 0.074219 0.103906 0.046875
3 0.110156 0.169531 0.103906 0.046875
3 0.110937 0.121094 0.103906 0.046875
3 0.215625 0.030469 0.103906 0.046875
3 0.214844 0.076563 0.103906 0.046875
3 0.714844 0.535156 0.103906 0.046875
3 0.715625 0.490625 0.103906 0.046875
3 0.716406 0.444531 0.103906 0.046875
3 0.110156 0.029687 0.103906 0.046875
3 0.716406 0.400781 0.103906 0.046875
3 0.821094 0.396875 0.103906 0.046875
3 0.822656 0.445312 0.103906 0.046875
3 0.821094 0.582812 0.103906 0.046875
3 0.821875 0.532813 0.103906 0.046875
3 0.715625 0.811719 0.103906 0.046875
3 0.819531 0.811719 0.103906 0.046875
3 0.714063 0.583594 0.103906 0.046875
3 0.715625 0.307031 0.103906 0.046875
3 0.818750 0.306250 0.103906 0.046875
3 0.715625 0.905469 0.103906 0.046875
3 0.820312 0.905469 0.103906 0.046875
3 0.714844 0.860156 0.103906 0.046875
3 0.821094 0.858594 0.103906 0.046875
3 0.719531 0.030469 0.103906 0.046875
3 0.822656 0.031250 0.103906 0.046875
3 0.717969 0.075781 0.103906 0.046875
3 0.821875 0.077344 0.103906 0.046875
3 0.515625 0.904687 0.103125 0.044531
3 0.411719 0.904687 0.103125 0.044531
3 0.522656 0.260156 0.090625 0.045312
3 0.403125 0.167969 0.090625 0.045312
3 0.522656 0.167969 0.090625 0.045312
3 0.405469 0.214062 0.090625 0.045312
3 0.524219 0.214062 0.090625 0.045312
3 0.405469 0.260156 0.090625 0.045312
3 0.215625 0.214844 0.090625 0.045312
3 0.405469 0.125000 0.090625 0.045312
3 0.524219 0.123438 0.090625 0.045312
3 0.523438 0.628906 0.090625 0.045312
3 0.214062 0.350000 0.088281 0.039844
3 0.214844 0.307031 0.090625 0.045312
3 0.214062 0.260156 0.090625 0.045312
3 0.403906 0.720313 0.090625 0.045312
3 0.403906 0.674219 0.090625 0.045312
3 0.520312 0.673438 0.090625 0.045312
3 0.407813 0.628125 0.090625 0.045312
3 0.522656 0.766406 0.090625 0.045312
3 0.404687 0.764844 0.090625 0.045312
3 0.521875 0.720313 0.090625 0.045312
3 0.709375 0.674219 0.090625 0.045312
3 0.710156 0.719531 0.090625 0.045312
3 0.827344 0.721094 0.090625 0.045312
3 0.827344 0.765625 0.090625 0.045312
3 0.709375 0.766406 0.090625 0.045312
3 0.828906 0.260156 0.090625 0.045312
3 0.707031 0.629687 0.090625 0.045312
3 0.827344 0.629687 0.090625 0.045312
3 0.827344 0.674219 0.090625 0.045312
3 0.711719 0.169531 0.090625 0.045312
3 0.828125 0.169531 0.090625 0.045312
3 0.828906 0.214844 0.090625 0.045312
3 0.709375 0.216406 0.090625 0.045312
3 0.710938 0.259375 0.090625 0.045312
3 0.710938 0.124219 0.090625 0.045312
3 0.827344 0.123438 0.090625 0.045312
3 0.057581 0.610916 0.099660 0.071684
3 0.070050 0.651312 0.101834 0.066971
3 0.045968 0.566846 0.091936 0.071328
3 0.038055 0.524921 0.076111 0.071583
3 0.083212 0.693648 0.100248 0.069839
3 0.095636 0.738235 0.102449 0.072415
3 0.105749 0.784534 0.101150 0.068057
3 0.118197 0.832946 0.096294 0.065295
3 0.125798 0.877387 0.094157 0.064590
3 0.132013 0.922405 0.094279 0.062602
3 0.136777 0.970564 0.094401 0.057244
3 0.030548 0.480300 0.061096 0.068852
3 0.411719 0.949219 0.103906 0.044531
3 0.516406 0.949219 0.103906 0.043750
3 0.410156 0.985938 0.102344 0.028125
3 0.516406 0.986719 0.103906 0.026562
3 0.716406 0.950781 0.104688 0.041406
3 0.821875 0.951562 0.104688 0.042969
3 0.714063 0.986719 0.103906 0.026562
3 0.820312 0.986719 0.106250 0.026562
3 0.821094 0.490625 0.106250 0.041406
0 0.117188 0.025781 0.088281 0.037500
0 0.206250 0.071094 0.098437 0.035156
0 0.109375 0.119531 0.085156 0.035937
0 0.113281 0.171094 0.082812 0.036719
0 0.213281 0.170313 0.082812 0.036719
0 0.201563 0.346094 0.088281 0.041406
0 0.507812 0.303906 0.092188 0.042969
0 0.516406 0.212500 0.085156 0.037500
0 0.514062 0.071875 0.087500 0.038281
0 0.508594 0.025781 0.079687 0.041406
0 0.725000 0.028906 0.085156 0.035937
0 0.817969 0.075781 0.085938 0.034375
0 0.820312 0.119531 0.077344 0.029687
0 0.714063 0.120313 0.089844 0.032031
0 0.837500 0.167187 0.085156 0.030469
0 0.710938 0.210938 0.089063 0.036719
0 0.707031 0.255469 0.089844 0.038281
0 0.820312 0.212500 0.071875 0.031250
0 0.822656 0.257812 0.084375 0.040625
0 0.703125 0.397656 0.085938 0.038281
0 0.814844 0.442969 0.087500 0.041406
0 0.811719 0.488281 0.082031 0.035156
0 0.828906 0.529687 0.092969 0.042188
0 0.817969 0.625000 0.080469 0.038281
0 0.825781 0.671875 0.082812 0.036719
2 0.764062 0.347656 0.211719 0.047656
2 0.463281 0.192188 0.020313 0.177344
2 0.462500 0.699219 0.020313 0.178906
2 0.767188 0.697656 0.019531 0.174219
2 0.156536 0.319880 0.186639 0.245455
2 0.767969 0.190625 0.017188 0.175781
