1 0.143407 0.499593 0.286814 0.999186
3 0.234375 0.335156 0.099219 0.045312
3 0.231250 0.383594 0.099219 0.045312
3 0.232813 0.654687 0.099219 0.045312
3 0.232813 0.608594 0.099219 0.045312
3 0.232813 0.517969 0.099219 0.045312
2 0.229687 0.471875 0.099219 0.045312
3 0.232813 0.427344 0.099219 0.045312
3 0.233594 0.564844 0.099219 0.045312
3 0.232031 0.199219 0.099219 0.045312
3 0.232813 0.243750 0.099219 0.045312
3 0.234375 0.289062 0.099219 0.045312
3 0.233594 0.038281 0.099219 0.045312
3 0.233594 0.975000 0.095312 0.043750
3 0.233594 0.928906 0.097656 0.043750
3 0.233594 0.883594 0.099219 0.045312
3 0.232031 0.839063 0.099219 0.045312
3 0.231250 0.747656 0.099219 0.045312
3 0.233594 0.703125 0.099219 0.045312
2 0.230469 0.791406 0.100000 0.040625
0 0.245312 0.239844 0.080469 0.037500
0 0.239844 0.558594 0.099219 0.045312
0 0.238281 0.687500 0.090625 0.046094
0 0.244531 0.930469 0.084375 0.044531
0 0.229687 0.978125 0.075000 0.042188
