0 0.742969 0.739844 0.072656 0.037500
0 0.458594 0.691406 0.031250 0.081250
0 0.367969 0.689063 0.034375 0.085938
0 0.208594 0.899219 0.037500 0.098437
0 0.094531 0.507031 0.034375 0.080469
0 0.347656 0.877344 0.032813 0.071094
0 0.323437 0.511719 0.038281 0.085938
0 0.230469 0.502344 0.038281 0.069531
0 0.139063 0.691406 0.036719 0.083594
0 0.122656 0.972656 0.035937 0.052344
0 0.411719 0.506250 0.038281 0.078906
0 0.422656 0.255469 0.078125 0.032031
0 0.376563 0.021094 0.031250 0.040625
0 0.136719 0.500000 0.028125 0.053906
0 0.651563 0.022656 0.028125 0.043750
0 0.122656 0.293750 0.037500 0.068750
0 0.738281 0.439844 0.096094 0.044531
0 0.010156 0.495312 0.020313 0.069531
0 0.230863 0.738599 0.070847 0.084691
0 0.033594 0.981250 0.042188 0.035937
0 0.169531 0.981250 0.038281 0.036719
0 0.440625 0.985938 0.036719 0.028125
1 0.394275 0.499593 0.788550 0.999186
