1 0.601000 0.500000 0.797999 1.000000
2 0.585938 0.193750 0.681250 0.235937
2 0.735938 0.552344 0.195312 0.071875
2 0.816406 0.878125 0.200000 0.071875
3 0.368750 0.585156 0.098437 0.134375
3 0.522656 0.884375 0.098437 0.134375
3 0.443750 0.566406 0.098437 0.134375
3 0.471094 0.683594 0.098437 0.134375
3 0.396875 0.700781 0.098437 0.134375
3 0.469531 0.978125 0.085938 0.043750
3 0.542969 0.968750 0.089063 0.062500
3 0.449219 0.903125 0.098437 0.134375
3 0.387500 0.345313 0.098437 0.134375
3 0.315625 0.364063 0.098437 0.134375
3 0.338281 0.151562 0.098437 0.134375
3 0.266406 0.168750 0.098437 0.134375
3 0.585156 0.876563 0.071875 0.118750
3 0.969531 0.778125 0.060937 0.118750
3 0.925781 0.790625 0.071875 0.118750
3 0.678906 0.851562 0.071875 0.118750
3 0.503906 0.550000 0.076563 0.125000
3 0.632812 0.862500 0.071875 0.118750
3 0.578906 0.652344 0.076563 0.121875
3 0.629687 0.640625 0.075000 0.121875
3 0.600781 0.527344 0.076563 0.125000
3 0.552344 0.539062 0.079687 0.125000
3 0.534375 0.665625 0.076563 0.121875
3 0.844531 0.466406 0.078125 0.128125
3 0.989844 0.546094 0.020313 0.123438
3 0.941406 0.439844 0.078125 0.128125
3 0.966406 0.556250 0.067187 0.128125
3 0.894531 0.452344 0.078125 0.128125
3 0.923438 0.569531 0.078125 0.128125
3 0.874219 0.582031 0.078125 0.128125
3 0.976562 0.431250 0.046875 0.121875
3 0.649219 0.507812 0.070312 0.110937
3 0.681250 0.634375 0.070312 0.110937
3 0.696875 0.494531 0.070312 0.110937
3 0.744531 0.482812 0.070312 0.110937
3 0.793750 0.470313 0.070312 0.110937
3 0.727344 0.835156 0.070312 0.110937
3 0.729688 0.623437 0.070312 0.110937
3 0.779687 0.610156 0.070312 0.110937
3 0.824219 0.597656 0.070312 0.110937
3 0.496094 0.311719 0.070312 0.110937
3 0.875000 0.796875 0.070312 0.110937
3 0.826562 0.810156 0.070312 0.110937
3 0.778906 0.822656 0.070312 0.110937
3 0.887500 0.212500 0.070312 0.110937
3 0.926562 0.203906 0.051562 0.106250
3 0.641406 0.270313 0.070312 0.110937
3 0.594531 0.285938 0.070312 0.110937
3 0.690625 0.260937 0.070312 0.110937
3 0.741406 0.249219 0.070312 0.110937
3 0.544531 0.297656 0.070312 0.110937
3 0.447656 0.322656 0.070312 0.110937
3 0.791406 0.235937 0.070312 0.110937
3 0.839063 0.221875 0.070312 0.110937
3 0.744531 0.057031 0.070312 0.110937
3 0.695312 0.070312 0.070312 0.110937
3 0.646875 0.083594 0.070312 0.110937
3 0.598437 0.095312 0.070312 0.110937
3 0.549219 0.109375 0.070312 0.110937
3 0.500781 0.119531 0.070312 0.110937
3 0.452344 0.130469 0.070312 0.110937
3 0.403125 0.146875 0.070312 0.110937
3 0.881250 0.039062 0.053125 0.078125
3 0.841406 0.043750 0.070312 0.087500
3 0.794531 0.050000 0.070312 0.100000
3 0.752344 0.930469 0.056250 0.051562
3 0.800000 0.919531 0.056250 0.051562
3 0.850000 0.906250 0.056250 0.051562
3 0.900781 0.894531 0.054688 0.050000
3 0.650781 0.947656 0.062500 0.068750
3 0.700781 0.935937 0.062500 0.067187
3 0.604688 0.960156 0.062500 0.067187
3 0.944531 0.876563 0.062500 0.065625
0 0.469531 0.982812 0.054688 0.034375
0 0.698438 0.940625 0.051562 0.056250
0 0.678906 0.853906 0.057813 0.096875
0 0.792969 0.918750 0.057813 0.054688
0 0.774219 0.825000 0.060937 0.098437
0 0.846875 0.904687 0.050000 0.054688
0 0.824219 0.817187 0.065625 0.104688
0 0.915625 0.792188 0.065625 0.107813
0 0.985156 0.868750 0.029687 0.053125
0 0.971875 0.782031 0.056250 0.098437
0 0.529687 0.670312 0.062500 0.100000
0 0.504687 0.568750 0.060937 0.103125
0 0.575000 0.647656 0.064062 0.098437
0 0.553906 0.545312 0.059375 0.096875
0 0.594531 0.532031 0.068750 0.104688
0 0.675000 0.632031 0.068750 0.101562
0 0.729688 0.618750 0.065625 0.101562
0 0.868750 0.586719 0.064062 0.093750
0 0.964844 0.543750 0.064062 0.098437
0 0.935156 0.453125 0.056250 0.096875
0 0.978906 0.436719 0.042188 0.107813
0 0.302344 0.350000 0.065625 0.101562
0 0.442969 0.321094 0.062500 0.103125
0 0.691406 0.256250 0.062500 0.089063
0 0.781250 0.235937 0.059375 0.089063
0 0.791406 0.063281 0.064062 0.100000
0 0.596094 0.106250 0.065625 0.104688
0 0.500000 0.134375 0.059375 0.096875
0 0.450000 0.141406 0.064062 0.104688
0 0.398438 0.142187 0.064062 0.100000
