1 0.472305 0.172381 0.944610 0.344762
3 0.289062 0.235156 0.070312 0.117188
3 0.341406 0.221875 0.070312 0.117188
3 0.639062 0.165625 0.070312 0.117188
3 0.588281 0.175781 0.070312 0.117188
3 0.488281 0.194531 0.070312 0.117188
2 0.438281 0.201563 0.070312 0.117188
3 0.389062 0.213281 0.070312 0.117188
3 0.539844 0.185938 0.070312 0.117188
3 0.139844 0.261719 0.070312 0.117188
3 0.189062 0.253125 0.070312 0.117188
3 0.239063 0.245312 0.070312 0.117188
3 0.922656 0.110156 0.042188 0.109375
3 0.888281 0.117969 0.070312 0.117188
3 0.839063 0.125781 0.070312 0.117188
3 0.739062 0.144531 0.070312 0.117188
3 0.690625 0.155469 0.070312 0.117188
2 0.786719 0.134375 0.065625 0.118750
0 0.187500 0.267188 0.056250 0.095312
0 0.535156 0.192969 0.070312 0.117188
0 0.675000 0.164844 0.068750 0.107813
0 0.926562 0.122656 0.035937 0.095312
