0 0.892188 0.442188 0.087500 0.039062
0 0.159375 0.048438 0.040625 0.064062
0 0.881250 0.340625 0.089063 0.045312
0 0.885156 0.392969 0.089063 0.040625
0 0.867969 0.159375 0.084375 0.042188
0 0.755469 0.025781 0.081250 0.039062
0 0.775781 0.208594 0.085938 0.039062
0 0.768750 0.116406 0.079687 0.039062
0 0.867969 0.067969 0.085938 0.040625
0 0.585156 0.490625 0.085938 0.039062
0 0.571094 0.352344 0.081250 0.042188
0 0.553906 0.118750 0.079687 0.045312
0 0.875000 0.247656 0.089063 0.045312
0 0.775000 0.390625 0.101562 0.048438
0 0.775781 0.296875 0.079687 0.040625
0 0.570312 0.305469 0.079687 0.042188
0 0.766406 0.161719 0.079687 0.042188
0 0.872656 0.291406 0.082812 0.043750
0 0.564063 0.260156 0.081250 0.042188
0 0.560156 0.216406 0.082812 0.042188
0 0.556250 0.171094 0.076563 0.043750
0 0.899219 0.513281 0.092188 0.042188
0 0.566406 0.404687 0.084375 0.035937
0 0.188281 0.547656 0.042188 0.089063
0 0.747656 0.003906 0.082812 0.007812
0 0.552344 0.021094 0.089063 0.042188
0 0.235156 0.557031 0.045312 0.082812
0 0.224219 0.342187 0.040625 0.079687
0 0.505469 0.896094 0.065625 0.034375
0 0.280469 0.555469 0.043750 0.089063
0 0.250781 0.042188 0.037500 0.060937
0 0.113281 0.893750 0.040625 0.075000
0 0.221094 0.251563 0.040625 0.076563
0 0.501563 0.856250 0.067187 0.037500
0 0.508594 0.980469 0.078125 0.037500
0 0.167969 0.871875 0.037500 0.076563
1 0.160938 0.310937 0.321875 0.603125
1 0.754687 0.283594 0.490625 0.567187
1 0.281250 0.903125 0.531250 0.193750
