0 0.737500 0.052344 0.104688 0.048438
0 0.958594 0.328125 0.067187 0.042188
0 0.943750 0.136719 0.076563 0.043750
0 0.963281 0.475000 0.073438 0.040625
0 0.622656 0.008594 0.089063 0.017188
0 0.767188 0.466406 0.082812 0.042188
0 0.961719 0.424219 0.071875 0.043750
0 0.635156 0.100781 0.095312 0.048438
0 0.741406 0.230469 0.087500 0.056250
0 0.750781 0.323437 0.082812 0.051562
0 0.953125 0.228906 0.068750 0.042188
0 0.950000 0.181250 0.068750 0.042188
0 0.943750 0.089063 0.071875 0.043750
0 0.956250 0.277344 0.067187 0.043750
0 0.760938 0.420312 0.085938 0.045312
0 0.743750 0.136719 0.090625 0.060937
0 0.942187 0.035937 0.070312 0.046875
0 0.628125 0.048438 0.085938 0.048438
0 0.753906 0.278125 0.093750 0.057813
0 0.648438 0.378125 0.084375 0.045312
0 0.647656 0.284375 0.085938 0.050000
0 0.639844 0.196094 0.090625 0.045312
0 0.414062 0.183594 0.095312 0.042188
0 0.644531 0.152344 0.089063 0.048438
0 0.425781 0.411719 0.085938 0.042188
0 0.408594 0.038281 0.089063 0.045312
0 0.314844 0.185938 0.085938 0.045312
0 0.317969 0.014063 0.084375 0.014063
0 0.321094 0.137500 0.085938 0.045312
0 0.414844 0.135937 0.085938 0.045312
0 0.425781 0.500000 0.089063 0.048438
0 0.854688 0.978125 0.095312 0.012500
0 0.418750 0.229687 0.089063 0.045312
0 0.941406 0.806250 0.078125 0.043750
0 0.494142 0.702108 0.044052 0.089028
0 0.398384 0.710716 0.043134 0.096640
0 0.091979 0.363889 0.081662 0.043586
1 0.518924 0.497923 0.962153 0.995846
