1 0.520750 0.500000 0.958500 1.000000
2 0.149176 0.133392 0.044218 0.108370
2 0.949252 0.165462 0.048015 0.195232
2 0.921108 0.515632 0.047054 0.203626
2 0.893623 0.868239 0.048655 0.195709
3 0.292187 0.055469 0.051562 0.103125
3 0.571875 0.182031 0.051562 0.103125
3 0.617969 0.186719 0.051562 0.103125
3 0.664844 0.192188 0.051562 0.103125
3 0.712500 0.193750 0.051562 0.103125
3 0.760156 0.196875 0.051562 0.103125
3 0.809375 0.200781 0.051562 0.103125
3 0.856250 0.204687 0.051562 0.103125
3 0.902344 0.208594 0.051562 0.103125
3 0.333594 0.163281 0.051562 0.103125
3 0.381250 0.166406 0.051562 0.103125
3 0.428125 0.171875 0.051562 0.103125
3 0.476562 0.175781 0.051562 0.103125
3 0.525781 0.177344 0.051562 0.103125
3 0.438281 0.067969 0.051562 0.103125
3 0.390625 0.064062 0.051562 0.103125
3 0.190625 0.151562 0.051562 0.103125
3 0.339844 0.059375 0.051562 0.103125
3 0.237500 0.155469 0.051562 0.103125
3 0.283594 0.159375 0.051562 0.103125
3 0.629687 0.083594 0.051562 0.103125
3 0.581250 0.078125 0.051562 0.103125
3 0.534375 0.075000 0.051562 0.103125
3 0.486719 0.071094 0.051562 0.103125
3 0.818750 0.096875 0.051562 0.103125
3 0.769531 0.094531 0.051562 0.103125
3 0.864844 0.100781 0.051562 0.103125
3 0.721094 0.089844 0.051562 0.103125
3 0.672656 0.088281 0.051562 0.103125
3 0.259375 0.514062 0.051562 0.103125
3 0.211719 0.509375 0.051562 0.103125
3 0.220312 0.407031 0.051562 0.103125
3 0.909375 0.105469 0.051562 0.103125
3 0.448437 0.525781 0.054688 0.103125
3 0.401562 0.523438 0.051562 0.103125
3 0.354687 0.518750 0.051562 0.103125
3 0.307031 0.517188 0.051562 0.103125
3 0.496094 0.530469 0.054688 0.103125
3 0.685156 0.546875 0.054688 0.103125
3 0.639062 0.543750 0.054688 0.103125
3 0.589844 0.538281 0.054688 0.103125
3 0.542188 0.535156 0.054688 0.103125
3 0.504687 0.428906 0.053125 0.103125
3 0.457031 0.424219 0.054688 0.103125
3 0.409375 0.420312 0.054688 0.103125
3 0.360938 0.414844 0.054688 0.103125
3 0.314063 0.411719 0.054688 0.103125
3 0.266406 0.410938 0.054688 0.103125
3 0.645312 0.439844 0.054688 0.103125
3 0.597656 0.435156 0.054688 0.103125
3 0.550781 0.430469 0.054688 0.103125
3 0.838281 0.454688 0.054688 0.103125
3 0.782031 0.554688 0.054688 0.103125
3 0.789062 0.451562 0.054688 0.103125
3 0.692969 0.443750 0.054688 0.103125
3 0.162500 0.507031 0.054688 0.103125
3 0.877344 0.559375 0.054688 0.103125
3 0.889844 0.459375 0.054688 0.103125
3 0.828125 0.556250 0.054688 0.103125
3 0.809375 0.809375 0.054688 0.103125
3 0.760938 0.804688 0.054688 0.103125
3 0.666406 0.799219 0.054688 0.103125
3 0.618750 0.792969 0.054688 0.103125
3 0.570312 0.789062 0.054688 0.103125
3 0.522656 0.785156 0.054688 0.103125
3 0.802344 0.909375 0.054688 0.103125
3 0.847656 0.915625 0.054688 0.103125
3 0.859375 0.813281 0.054688 0.103125
3 0.610156 0.895312 0.054688 0.103125
3 0.656250 0.900000 0.054688 0.103125
3 0.752344 0.907031 0.054688 0.103125
3 0.428125 0.775781 0.054688 0.103125
3 0.395313 0.878906 0.054688 0.103125
3 0.425781 0.777344 0.054688 0.103125
3 0.475000 0.782031 0.054688 0.103125
3 0.470313 0.884375 0.054688 0.103125
3 0.514062 0.888281 0.054688 0.103125
3 0.560937 0.891406 0.054688 0.103125
3 0.186719 0.758594 0.062500 0.103125
3 0.239063 0.761719 0.054688 0.103125
3 0.285156 0.764062 0.054688 0.103125
3 0.303125 0.870313 0.054688 0.103125
3 0.332031 0.768750 0.054688 0.103125
3 0.350000 0.872656 0.054688 0.103125
3 0.382031 0.773438 0.054688 0.103125
3 0.241406 0.867188 0.076563 0.110937
3 0.184650 0.864377 0.052743 0.109808
2 0.714844 0.800000 0.057813 0.106250
2 0.706250 0.910156 0.057813 0.110937
2 0.737500 0.521094 0.067187 0.257812
2 0.220898 0.051851 0.102868 0.103701
2 0.520194 0.075996 0.383122 0.102717
2 0.160066 0.435861 0.081222 0.164521
0 0.772656 0.099219 0.048438 0.089063
0 0.259375 0.377344 0.057813 0.081250
0 0.357031 0.406250 0.059375 0.081250
0 0.500000 0.428125 0.050000 0.093750
0 0.596094 0.434375 0.046875 0.093750
0 0.646875 0.444531 0.050000 0.100000
0 0.635938 0.540625 0.050000 0.095312
0 0.682813 0.548438 0.053125 0.084375
0 0.186719 0.754687 0.046875 0.093750
0 0.332813 0.760938 0.050000 0.098437
0 0.377344 0.771875 0.048438 0.096875
0 0.472656 0.776563 0.050000 0.090625
0 0.614844 0.788281 0.050000 0.093750
0 0.757812 0.814063 0.046875 0.093750
0 0.803906 0.817187 0.046875 0.089063
0 0.798438 0.915625 0.053125 0.095312
0 0.603125 0.896875 0.045312 0.082812
0 0.563281 0.892188 0.048438 0.093750
0 0.516406 0.893750 0.050000 0.096875
0 0.469531 0.880469 0.056250 0.090625
0 0.398438 0.881250 0.046875 0.100000
0 0.346875 0.875000 0.051562 0.087500
0 0.298438 0.870313 0.050000 0.090625
0 0.175781 0.862500 0.037500 0.098437
0 0.425000 0.778125 0.051562 0.100000
3 0.432812 0.880469 0.029687 0.103125
