0 0.789062 0.458594 0.039062 0.075000
0 0.383594 0.010156 0.084375 0.017188
0 0.402344 0.371875 0.084375 0.037500
0 0.206250 0.496875 0.079687 0.039062
0 0.400781 0.514844 0.082812 0.035937
0 0.391406 0.182031 0.081250 0.045312
0 0.078906 0.037500 0.090625 0.039062
0 0.187500 0.276562 0.081250 0.035937
0 0.403125 0.463281 0.085938 0.042188
0 0.200000 0.453906 0.081250 0.039062
0 0.835156 0.543750 0.040625 0.084375
0 0.089844 0.140625 0.089063 0.042188
0 0.192188 0.358594 0.079687 0.048438
0 0.194531 0.093750 0.100000 0.045312
0 0.403906 0.271875 0.085938 0.042188
0 0.395313 0.139063 0.076563 0.042188
0 0.395313 0.230469 0.084375 0.040625
0 0.403906 0.317969 0.087500 0.042188
0 0.193750 0.183594 0.084375 0.043750
0 0.398438 0.086719 0.084375 0.042188
0 0.195312 0.320312 0.081250 0.039062
0 0.092188 0.318750 0.084375 0.042188
0 0.092969 0.407813 0.079687 0.042188
0 0.085938 0.087500 0.090625 0.042188
0 0.736719 0.157031 0.042188 0.085938
0 0.095312 0.189062 0.087500 0.043750
0 0.090625 0.228125 0.085938 0.048438
0 0.271875 0.995313 0.090625 0.009375
0 0.778906 0.002344 0.042188 0.004687
0 0.737500 0.250781 0.042188 0.085938
0 0.701562 0.464844 0.045312 0.089063
0 0.364063 0.832031 0.081250 0.046875
1 0.500000 0.500000 1.000000 1.000000
