1 0.500000 0.579279 1.000000 0.745003
3 0.914844 0.456250 0.107813 0.053125
3 0.915625 0.501563 0.107813 0.053125
3 0.917969 0.550781 0.107813 0.053125
3 0.917969 0.596875 0.107813 0.053125
3 0.920312 0.642969 0.107813 0.053125
3 0.922656 0.690625 0.107813 0.053125
3 0.913281 0.407813 0.107813 0.053125
3 0.907813 0.361719 0.107813 0.053125
3 0.905469 0.314063 0.107813 0.053125
3 0.902344 0.267188 0.107813 0.053125
3 0.989062 0.783594 0.021875 0.045312
3 0.930469 0.883594 0.107813 0.053125
3 0.928906 0.834375 0.107813 0.053125
3 0.926562 0.788281 0.107813 0.053125
3 0.983594 0.453906 0.032813 0.048438
3 0.986719 0.592969 0.026562 0.048438
3 0.988281 0.639844 0.023438 0.048438
3 0.988281 0.686719 0.023438 0.045312
3 0.990625 0.830469 0.018750 0.048438
3 0.929688 0.545312 0.092188 0.051562
3 0.992188 0.879687 0.015625 0.046875
3 0.978906 0.360938 0.032813 0.048438
3 0.985938 0.546094 0.028125 0.048438
3 0.975781 0.297656 0.031250 0.076563
3 0.972656 0.235156 0.031250 0.057813
3 0.899219 0.229687 0.110937 0.037500
3 0.648438 0.284375 0.089063 0.051562
3 0.663281 0.611719 0.089063 0.051562
3 0.665625 0.660156 0.089063 0.051562
3 0.667188 0.707031 0.089063 0.051562
3 0.670312 0.755469 0.089063 0.051562
3 0.674219 0.799219 0.090625 0.053125
3 0.675000 0.846875 0.090625 0.053125
3 0.676562 0.893750 0.090625 0.053125
3 0.651563 0.330469 0.089063 0.051562
3 0.654687 0.377344 0.089063 0.051562
3 0.654687 0.423438 0.089063 0.051562
3 0.658594 0.471094 0.089063 0.051562
3 0.659375 0.518750 0.089063 0.051562
3 0.664062 0.564063 0.089063 0.051562
3 0.574219 0.615625 0.089063 0.051562
3 0.574219 0.570312 0.089063 0.051562
3 0.571094 0.522656 0.089063 0.051562
3 0.569531 0.475781 0.089063 0.051562
3 0.567187 0.428125 0.089063 0.051562
3 0.564063 0.382031 0.089063 0.051562
3 0.562500 0.334375 0.089063 0.051562
3 0.560937 0.288281 0.089063 0.051562
3 0.585938 0.850781 0.089063 0.051562
3 0.584375 0.804688 0.089063 0.051562
3 0.581250 0.756250 0.089063 0.051562
3 0.578906 0.710156 0.089063 0.051562
3 0.576562 0.664062 0.089063 0.051562
3 0.321875 0.326562 0.089063 0.051562
3 0.228906 0.282813 0.089063 0.051562
3 0.319531 0.279687 0.089063 0.051562
3 0.588281 0.898438 0.090625 0.053125
3 0.327344 0.417969 0.089063 0.051562
3 0.235937 0.424219 0.089063 0.051562
3 0.325000 0.371875 0.089063 0.051562
3 0.233594 0.378906 0.089063 0.051562
3 0.232031 0.330469 0.089063 0.051562
3 0.242969 0.564063 0.089063 0.051562
3 0.332813 0.560156 0.089063 0.051562
3 0.240625 0.517969 0.089063 0.051562
3 0.239063 0.469531 0.089063 0.051562
3 0.330469 0.513281 0.089063 0.051562
3 0.328125 0.465625 0.089063 0.051562
3 0.247656 0.707031 0.089063 0.051562
3 0.338281 0.703906 0.089063 0.051562
3 0.245312 0.660156 0.089063 0.051562
3 0.335938 0.654687 0.089063 0.051562
3 0.244531 0.612500 0.089063 0.051562
3 0.334375 0.607031 0.089063 0.051562
3 0.342969 0.845313 0.090625 0.053125
3 0.253125 0.848437 0.089063 0.051562
3 0.342187 0.796094 0.089063 0.051562
3 0.252344 0.800781 0.089063 0.051562
3 0.250781 0.753125 0.089063 0.051562
3 0.339062 0.750000 0.089063 0.051562
3 0.344531 0.892969 0.090625 0.053125
3 0.255469 0.900000 0.090625 0.053125
3 0.018750 0.432812 0.037500 0.046875
3 0.028906 0.676562 0.043750 0.065625
3 0.032031 0.734375 0.043750 0.048438
3 0.034375 0.780469 0.043750 0.048438
3 0.036719 0.828125 0.043750 0.048438
3 0.041406 0.921094 0.042188 0.046875
3 0.039062 0.875000 0.042188 0.046875
3 0.017188 0.387500 0.034375 0.046875
3 0.014844 0.294531 0.029687 0.048438
3 0.016406 0.339844 0.032813 0.048438
3 0.026562 0.625000 0.042188 0.046875
3 0.023438 0.578125 0.042188 0.046875
3 0.021094 0.528906 0.042188 0.048438
3 0.020313 0.483594 0.040625 0.048438
3 0.646094 0.245312 0.087500 0.035937
3 0.559375 0.250781 0.082812 0.035937
2 0.917969 0.737500 0.164062 0.062500
0 0.905469 0.261719 0.093750 0.048438
0 0.985156 0.354687 0.018750 0.045312
0 0.923438 0.361719 0.090625 0.048438
0 0.920312 0.410938 0.092188 0.042188
0 0.921875 0.547656 0.093750 0.045312
0 0.926562 0.595313 0.085938 0.040625
0 0.929688 0.643750 0.090625 0.035937
0 0.989062 0.546094 0.021875 0.042188
0 0.990625 0.591406 0.018750 0.035937
0 0.991406 0.639062 0.017188 0.037500
0 0.993750 0.684375 0.012500 0.040625
0 0.922656 0.830469 0.096875 0.053125
0 0.940625 0.881250 0.070312 0.037500
0 0.649219 0.244531 0.079687 0.029687
0 0.653125 0.326562 0.085938 0.051562
0 0.661719 0.374219 0.092188 0.042188
0 0.661719 0.425000 0.098437 0.042188
0 0.667969 0.473438 0.092188 0.042188
0 0.662500 0.521875 0.092188 0.035937
0 0.657813 0.570312 0.089063 0.042188
0 0.666406 0.613281 0.085938 0.042188
0 0.675000 0.708594 0.084375 0.045312
0 0.672656 0.753906 0.078125 0.039062
0 0.680469 0.798438 0.089063 0.043750
0 0.680469 0.892969 0.092188 0.051562
0 0.545312 0.292187 0.121875 0.054688
0 0.560937 0.383594 0.092188 0.045312
0 0.561719 0.476562 0.096875 0.048438
0 0.576562 0.663281 0.092188 0.048438
0 0.587500 0.850000 0.095312 0.046875
0 0.233594 0.332813 0.090625 0.045312
0 0.242188 0.469531 0.085938 0.046875
0 0.260156 0.703906 0.089063 0.051562
0 0.019531 0.385156 0.039062 0.045312
0 0.030469 0.678125 0.046875 0.048438
3 0.980469 0.404687 0.032813 0.048438
3 0.984375 0.499219 0.031250 0.048438
