1 0.500000 0.500000 1.000000 1.000000
3 0.529687 0.416406 0.117188 0.064062
3 0.535156 0.466406 0.117188 0.064062
3 0.542188 0.515625 0.117188 0.064062
3 0.547656 0.564844 0.117188 0.064062
3 0.399219 0.282813 0.117188 0.064062
3 0.404687 0.330469 0.117188 0.064062
3 0.432812 0.582031 0.117188 0.064062
3 0.427344 0.531250 0.117188 0.064062
3 0.421094 0.480469 0.117188 0.064062
3 0.417969 0.431250 0.117188 0.064062
3 0.411719 0.379688 0.117188 0.064062
3 0.369531 0.036719 0.117188 0.060937
3 0.478906 0.026562 0.117188 0.053125
3 0.510938 0.269531 0.117188 0.064062
3 0.517188 0.317188 0.117188 0.064062
3 0.522656 0.366406 0.117188 0.064062
3 0.167969 0.160938 0.117188 0.064062
3 0.162500 0.110937 0.117188 0.064062
3 0.464844 0.827344 0.117188 0.064062
3 0.584375 0.861719 0.117188 0.064062
3 0.470313 0.875000 0.117188 0.064062
3 0.577344 0.813281 0.117188 0.064062
3 0.051562 0.075000 0.103125 0.059375
3 0.057031 0.174219 0.114062 0.064062
3 0.053906 0.122656 0.107813 0.064062
3 0.154688 0.062500 0.117188 0.060937
3 0.754687 0.489063 0.117188 0.064062
3 0.750000 0.439844 0.117188 0.064062
3 0.744531 0.390625 0.117188 0.064062
3 0.738281 0.342969 0.117188 0.064062
3 0.850781 0.325781 0.117188 0.064062
3 0.858594 0.377344 0.117188 0.064062
3 0.875781 0.526563 0.117188 0.064062
3 0.869531 0.471875 0.117188 0.064062
3 0.791406 0.785937 0.117188 0.064062
3 0.903906 0.772656 0.117188 0.064062
3 0.760156 0.540625 0.117188 0.064062
3 0.725781 0.242969 0.117188 0.064062
3 0.836719 0.228906 0.117188 0.064062
3 0.804688 0.886719 0.117188 0.064062
3 0.917188 0.872656 0.117188 0.064062
3 0.798438 0.838281 0.117188 0.064062
3 0.911719 0.822656 0.117188 0.064062
3 0.697656 0.012500 0.117188 0.025000
3 0.808594 0.007031 0.117188 0.014063
3 0.589063 0.912500 0.117188 0.062500
3 0.476562 0.926562 0.117188 0.062500
3 0.511719 0.217188 0.101562 0.059375
3 0.370312 0.134375 0.101562 0.059375
3 0.500000 0.118750 0.101562 0.059375
3 0.379688 0.184375 0.101562 0.059375
3 0.506250 0.167969 0.101562 0.059375
3 0.385156 0.232813 0.101562 0.059375
3 0.175000 0.209375 0.101562 0.059375
3 0.367188 0.088281 0.101562 0.059375
3 0.494531 0.070312 0.101562 0.059375
3 0.560937 0.614844 0.101562 0.059375
3 0.190625 0.354687 0.100000 0.054688
3 0.185938 0.308594 0.101562 0.059375
3 0.178906 0.258594 0.101562 0.059375
3 0.444531 0.728906 0.101562 0.059375
3 0.438281 0.678906 0.101562 0.059375
3 0.564063 0.663281 0.101562 0.059375
3 0.436719 0.628906 0.101562 0.059375
3 0.578906 0.762500 0.101562 0.059375
3 0.451562 0.776563 0.101562 0.059375
3 0.571875 0.713281 0.101562 0.059375
3 0.767188 0.639062 0.101562 0.059375
3 0.774219 0.688281 0.101562 0.059375
3 0.900781 0.673438 0.101562 0.059375
3 0.906250 0.721875 0.101562 0.059375
3 0.779687 0.738281 0.101562 0.059375
3 0.841406 0.177344 0.101562 0.059375
3 0.759375 0.590625 0.101562 0.059375
3 0.888281 0.575000 0.101562 0.059375
3 0.894531 0.623437 0.101562 0.059375
3 0.703125 0.095312 0.101562 0.059375
3 0.828125 0.080469 0.101562 0.059375
3 0.835156 0.128906 0.101562 0.059375
3 0.707031 0.145313 0.101562 0.059375
3 0.714063 0.192188 0.101562 0.059375
3 0.696094 0.046875 0.101562 0.059375
3 0.821875 0.030469 0.101562 0.059375
3 0.062958 0.656942 0.096770 0.086744
3 0.076233 0.698571 0.111270 0.082009
3 0.048886 0.608356 0.080397 0.079714
3 0.034463 0.562412 0.063989 0.074475
3 0.095756 0.742617 0.110168 0.084953
3 0.115191 0.789091 0.113306 0.087832
3 0.132382 0.837365 0.112390 0.083820
3 0.151748 0.887998 0.107245 0.080597
3 0.165744 0.934804 0.105453 0.080031
3 0.178666 0.971700 0.105601 0.056601
3 0.022341 0.515112 0.044683 0.069134
3 0.482031 0.971094 0.117188 0.057813
3 0.595313 0.960938 0.117188 0.060937
3 0.483594 0.995313 0.110937 0.009375
3 0.810937 0.935937 0.118750 0.059375
3 0.925000 0.922656 0.117188 0.060937
3 0.863281 0.426563 0.120313 0.059375
0 0.146094 0.057813 0.109375 0.046875
0 0.048438 0.121094 0.096875 0.048438
0 0.058594 0.176563 0.095312 0.051562
0 0.166406 0.161719 0.095312 0.051562
0 0.177344 0.352344 0.101562 0.054688
0 0.501563 0.267188 0.104688 0.059375
0 0.498437 0.167187 0.098437 0.051562
0 0.477344 0.021094 0.098437 0.042188
0 0.813281 0.027344 0.087500 0.040625
0 0.699219 0.042969 0.100000 0.045312
0 0.838281 0.075781 0.095312 0.043750
0 0.707812 0.139844 0.101562 0.051562
0 0.709375 0.188281 0.101562 0.051562
0 0.825781 0.127344 0.081250 0.043750
0 0.834375 0.175781 0.095312 0.054688
0 0.723437 0.342187 0.098437 0.053125
0 0.850000 0.375781 0.100000 0.056250
0 0.853125 0.425000 0.092188 0.048438
0 0.877344 0.467969 0.104688 0.059375
0 0.878125 0.571094 0.092188 0.051562
0 0.892188 0.621094 0.095312 0.051562
2 0.782813 0.280469 0.234375 0.079687
2 0.438281 0.151562 0.045312 0.195312
2 0.504687 0.698438 0.045312 0.195312
2 0.832812 0.657031 0.045312 0.190625
2 0.121852 0.327595 0.226776 0.258108
2 0.767188 0.110937 0.042188 0.192188
