1 0.197478 0.459699 0.394956 0.919398
3 0.270313 0.053125 0.068750 0.106250
3 0.316406 0.064062 0.068750 0.107813
3 0.225000 0.048438 0.068750 0.096875
3 0.178125 0.043750 0.068750 0.087500
3 0.132812 0.038281 0.068750 0.076563
3 0.360938 0.074219 0.068750 0.107813
3 0.217188 0.292969 0.068750 0.107813
3 0.239063 0.403906 0.068750 0.107813
3 0.081250 0.260937 0.068750 0.107813
3 0.127344 0.272656 0.068750 0.107813
3 0.171094 0.282031 0.068750 0.107813
3 0.104688 0.372656 0.068750 0.107813
3 0.148438 0.382031 0.068750 0.107813
3 0.195312 0.393750 0.068750 0.107813
3 0.262500 0.303906 0.068750 0.107813
3 0.095312 0.619531 0.068750 0.107813
3 0.142969 0.628906 0.068750 0.107813
3 0.283594 0.414844 0.068750 0.107813
3 0.059375 0.360156 0.068750 0.107813
3 0.020313 0.703906 0.040625 0.107813
3 0.051562 0.715625 0.068750 0.107813
3 0.019531 0.599219 0.039062 0.107813
3 0.051562 0.610938 0.068750 0.107813
3 0.189062 0.639844 0.068750 0.107813
3 0.107813 0.728906 0.090625 0.115625
3 0.167417 0.742655 0.070912 0.109851
3 0.104688 0.032031 0.034375 0.064062
0 0.139844 0.246094 0.071875 0.114062
0 0.232031 0.268750 0.062500 0.079687
0 0.192188 0.640625 0.057813 0.093750
0 0.172656 0.746094 0.056250 0.104688
0 0.054688 0.603125 0.062500 0.095312
0 0.017969 0.598437 0.035937 0.096875
0 0.054688 0.716406 0.060937 0.092188
0 0.019531 0.708594 0.039062 0.092188
