1 0.085394 0.496980 0.170788 0.993960
3 0.120313 0.785156 0.070312 0.114062
3 0.050000 0.783594 0.076563 0.114062
3 0.049219 0.672656 0.073438 0.112500
3 0.121875 0.673438 0.070312 0.114062
3 0.124219 0.453906 0.070312 0.107813
3 0.127344 0.341406 0.070312 0.117188
3 0.132812 0.126562 0.070312 0.107813
3 0.132031 0.036719 0.070312 0.073438
3 0.055469 0.340625 0.075000 0.114062
3 0.053906 0.450781 0.078125 0.107813
3 0.057031 0.124219 0.078125 0.107813
3 0.057813 0.035937 0.078125 0.071875
3 0.013281 0.125781 0.015625 0.103125
3 0.015625 0.035937 0.015625 0.071875
3 0.009375 0.451562 0.017188 0.107813
3 0.010156 0.340625 0.017188 0.109375
3 0.005469 0.671094 0.010937 0.110937
3 0.005469 0.785156 0.010937 0.110937
3 0.117188 0.969531 0.068750 0.050000
3 0.046875 0.967969 0.075000 0.050000
3 0.003906 0.966406 0.007812 0.048438
0 0.130469 0.780469 0.039062 0.089063
0 0.132812 0.678906 0.048438 0.100000
0 0.003906 0.675000 0.007812 0.093750
0 0.008594 0.974219 0.017188 0.032813
0 0.125781 0.440625 0.045312 0.081250
0 0.013281 0.135937 0.015625 0.085938
0 0.016406 0.038281 0.017188 0.076563
