1 0.181143 0.534782 0.362285 0.930435
3 0.158594 0.372656 0.117188 0.073438
3 0.167969 0.425000 0.117188 0.073438
3 0.236719 0.714063 0.117188 0.073438
3 0.224219 0.664844 0.117188 0.073438
3 0.202344 0.567969 0.117188 0.073438
2 0.187500 0.519531 0.117188 0.073438
3 0.179688 0.471094 0.117188 0.073438
3 0.214062 0.617188 0.117188 0.073438
3 0.122656 0.228906 0.117188 0.073438
3 0.135156 0.275781 0.117188 0.073438
3 0.147656 0.323437 0.117188 0.073438
3 0.303906 0.985156 0.114062 0.029687
3 0.292969 0.957031 0.117188 0.073438
3 0.281250 0.909375 0.117188 0.073438
3 0.257031 0.812500 0.117188 0.073438
3 0.248438 0.764844 0.117188 0.073438
2 0.267188 0.859375 0.117188 0.067187
0 0.147656 0.268750 0.093750 0.059375
0 0.219531 0.609375 0.115625 0.073438
0 0.250000 0.746875 0.109375 0.071875
0 0.315625 0.985156 0.100000 0.029687
