1 0.500000 0.500000 1.000000 1.000000
2 0.178125 0.273438 0.184375 0.082812
2 0.844531 0.292187 0.165625 0.078125
3 0.189844 0.018750 0.101562 0.037500
3 0.180469 0.045312 0.093750 0.059375
3 0.169531 0.089844 0.098437 0.065625
3 0.159375 0.132031 0.098437 0.062500
3 0.150781 0.175000 0.093750 0.059375
3 0.138281 0.221094 0.095312 0.065625
3 0.117188 0.303906 0.096875 0.056250
3 0.107031 0.346094 0.095312 0.057813
3 0.099219 0.387500 0.093750 0.056250
3 0.092188 0.427344 0.092188 0.060937
3 0.289062 0.008594 0.103125 0.017188
3 0.277344 0.029687 0.101562 0.059375
3 0.266406 0.070312 0.103125 0.062500
3 0.254688 0.110937 0.101562 0.064062
3 0.246094 0.153906 0.095312 0.062500
3 0.236719 0.195312 0.096875 0.065625
3 0.225000 0.239063 0.098437 0.062500
3 0.207031 0.325781 0.096875 0.059375
3 0.194531 0.367188 0.098437 0.060937
3 0.188281 0.406250 0.098437 0.062500
3 0.176563 0.450781 0.103125 0.062500
0 0.186719 0.011719 0.089063 0.023438
0 0.166406 0.089063 0.084375 0.054688
0 0.157812 0.134375 0.087500 0.048438
0 0.143750 0.172656 0.084375 0.054688
0 0.113281 0.346094 0.084375 0.054688
0 0.095312 0.429688 0.087500 0.056250
0 0.253906 0.106250 0.082812 0.050000
0 0.250781 0.155469 0.078125 0.050000
3 0.863281 0.430469 0.101562 0.064062
3 0.833594 0.153125 0.101562 0.067187
3 0.935156 0.130469 0.103125 0.068750
3 0.600781 0.214844 0.100000 0.065625
3 0.636719 0.042188 0.093750 0.059375
3 0.537500 0.470313 0.104688 0.067187
3 0.016406 0.605469 0.032813 0.098437
3 0.814844 0.239844 0.098437 0.062500
3 0.089844 0.626563 0.070312 0.103125
3 0.578125 0.298438 0.101562 0.064062
3 0.428125 0.357031 0.107813 0.068750
3 0.588281 0.259375 0.101562 0.064062
3 0.510938 0.022656 0.112500 0.045312
3 0.397656 0.485938 0.107813 0.068750
3 0.485156 0.093750 0.121875 0.073438
2 0.517969 0.271094 0.151562 0.534375
3 0.043750 0.611719 0.065625 0.098437
3 0.133594 0.634375 0.075000 0.109375
3 0.183594 0.646094 0.068750 0.100000
3 0.227344 0.656250 0.070312 0.096875
3 0.273438 0.664844 0.064062 0.100000
3 0.315625 0.675781 0.070312 0.103125
3 0.359375 0.685937 0.064062 0.101562
3 0.469531 0.737500 0.089063 0.060937
3 0.460156 0.782813 0.089063 0.064062
3 0.453125 0.828906 0.087500 0.060937
3 0.444531 0.878125 0.092188 0.059375
3 0.429688 0.918750 0.095312 0.065625
3 0.418750 0.966406 0.090625 0.057813
3 0.526563 0.511719 0.100000 0.064062
3 0.550000 0.428125 0.096875 0.060937
3 0.558594 0.384375 0.096875 0.059375
3 0.566406 0.340625 0.101562 0.067187
3 0.610156 0.170313 0.100000 0.062500
3 0.622656 0.128125 0.098437 0.062500
3 0.628125 0.084375 0.101562 0.068750
3 0.844531 0.111719 0.098437 0.062500
3 0.922656 0.175000 0.104688 0.067187
3 0.910937 0.217188 0.098437 0.062500
3 0.905469 0.261719 0.100000 0.060937
3 0.880469 0.345313 0.095312 0.059375
3 0.872656 0.388281 0.100000 0.062500
3 0.794531 0.325781 0.098437 0.062500
3 0.785156 0.368750 0.098437 0.062500
3 0.774219 0.409375 0.098437 0.062500
3 0.764062 0.456250 0.100000 0.060937
3 0.855469 0.475000 0.098437 0.060937
3 0.752344 0.496875 0.096875 0.059375
3 0.843750 0.518750 0.096875 0.059375
3 0.740625 0.536719 0.103125 0.062500
3 0.832031 0.558594 0.093750 0.059375
3 0.733594 0.579688 0.107813 0.065625
3 0.822656 0.602344 0.103125 0.060937
0 0.508594 0.018750 0.085938 0.037500
0 0.429688 0.354687 0.081250 0.048438
0 0.539062 0.467969 0.078125 0.050000
0 0.578125 0.300000 0.070312 0.045312
0 0.597656 0.216406 0.078125 0.050000
0 0.638281 0.044531 0.087500 0.050000
0 0.838281 0.159375 0.076563 0.046875
0 0.826562 0.199219 0.087500 0.051562
0 0.820312 0.242188 0.075000 0.046875
0 0.932813 0.136719 0.085938 0.048438
0 0.862500 0.430469 0.082812 0.050000
3 0.496094 0.053906 0.104688 0.064062
3 0.478906 0.138281 0.107813 0.065625
3 0.470313 0.188281 0.109375 0.071875
3 0.457813 0.225781 0.107813 0.057813
3 0.449219 0.268750 0.104688 0.067187
3 0.437500 0.311719 0.106250 0.064062
3 0.417969 0.397656 0.109375 0.067187
3 0.405469 0.442969 0.104688 0.062500
3 0.691406 0.753906 0.098437 0.068750
3 0.680469 0.801562 0.100000 0.065625
3 0.667969 0.846094 0.098437 0.067187
3 0.657813 0.891406 0.098437 0.065625
3 0.647656 0.935156 0.100000 0.068750
3 0.635938 0.975000 0.096875 0.050000
3 0.726562 0.983594 0.109375 0.032813
3 0.736719 0.956250 0.106250 0.071875
3 0.746875 0.912500 0.104688 0.067187
3 0.757812 0.867969 0.104688 0.067187
3 0.767188 0.821875 0.104688 0.067187
3 0.778125 0.775000 0.106250 0.070312
0 0.011719 0.605469 0.023438 0.085938
0 0.085156 0.631250 0.043750 0.082812
0 0.456250 0.788281 0.075000 0.045312
0 0.445312 0.875781 0.089063 0.046875
0 0.421094 0.966406 0.084375 0.056250
0 0.654687 0.888281 0.079687 0.053125
2 0.452344 0.531250 0.223438 0.065625
2 0.477344 0.695312 0.098437 0.062500
