1 0.500000 0.500000 1.000000 1.000000
2 0.898438 0.620313 0.185938 0.056250
2 0.234375 0.789062 0.165625 0.051562
3 0.958594 0.933594 0.082812 0.051562
3 0.956250 0.888281 0.087500 0.054688
3 0.956250 0.845313 0.087500 0.046875
3 0.954688 0.798438 0.090625 0.053125
3 0.953906 0.753906 0.092188 0.048438
3 0.952344 0.709375 0.092188 0.045312
3 0.952344 0.660156 0.092188 0.051562
3 0.949219 0.572656 0.095312 0.043750
3 0.946875 0.528125 0.092188 0.045312
3 0.942969 0.484375 0.090625 0.045312
3 0.939063 0.442969 0.087500 0.050000
3 0.870313 0.939063 0.100000 0.057813
3 0.869531 0.891406 0.098437 0.051562
3 0.867969 0.846094 0.098437 0.048438
3 0.867969 0.802344 0.098437 0.050000
3 0.864844 0.757812 0.092188 0.050000
3 0.861719 0.713281 0.093750 0.053125
3 0.860938 0.667188 0.095312 0.050000
3 0.854688 0.575781 0.095312 0.046875
3 0.854688 0.532031 0.095312 0.046875
3 0.850000 0.491406 0.095312 0.051562
3 0.849219 0.444531 0.101562 0.048438
0 0.961719 0.896094 0.076563 0.045312
0 0.959375 0.799219 0.081250 0.042188
0 0.957031 0.751563 0.085938 0.037500
0 0.960156 0.709375 0.079687 0.043750
0 0.941406 0.529687 0.081250 0.042188
0 0.935156 0.442188 0.084375 0.045312
0 0.878906 0.942969 0.079687 0.042188
0 0.869531 0.806250 0.081250 0.039062
0 0.859375 0.756250 0.076563 0.039062
3 0.176563 0.658594 0.098437 0.051562
3 0.284375 0.924219 0.098437 0.054688
3 0.190625 0.973437 0.100000 0.053125
3 0.496875 0.798438 0.096875 0.051562
3 0.510156 0.977344 0.092188 0.045312
3 0.486719 0.527344 0.101562 0.051562
3 0.971875 0.242188 0.035937 0.093750
3 0.278125 0.832812 0.095312 0.050000
3 0.884375 0.246094 0.056250 0.100000
3 0.495312 0.708594 0.098437 0.048438
3 0.627344 0.609375 0.106250 0.053125
3 0.496094 0.750781 0.098437 0.048438
3 0.641406 0.969531 0.110937 0.048438
3 0.620313 0.472656 0.106250 0.053125
3 0.644531 0.883594 0.120313 0.056250
2 0.563281 0.718750 0.060937 0.556250
3 0.934375 0.246875 0.051562 0.095312
3 0.839063 0.251563 0.057813 0.106250
3 0.786719 0.253125 0.054688 0.096875
3 0.740625 0.255469 0.057813 0.093750
3 0.692187 0.260937 0.048438 0.095312
3 0.646875 0.262500 0.056250 0.100000
3 0.601562 0.264062 0.048438 0.098437
3 0.478906 0.244531 0.085938 0.048438
3 0.475000 0.196875 0.085938 0.051562
3 0.468750 0.149219 0.082812 0.048438
3 0.463281 0.099219 0.089063 0.045312
3 0.466406 0.053906 0.092188 0.051562
3 0.464062 0.013281 0.087500 0.026562
3 0.485938 0.482812 0.095312 0.050000
3 0.486719 0.572656 0.092188 0.048438
3 0.490625 0.617969 0.095312 0.046875
3 0.494531 0.663281 0.096875 0.051562
3 0.500000 0.844531 0.096875 0.048438
3 0.499219 0.889062 0.095312 0.048438
3 0.506250 0.932813 0.096875 0.054688
3 0.285156 0.968750 0.095312 0.051562
3 0.189844 0.928125 0.101562 0.051562
3 0.189844 0.882812 0.095312 0.050000
3 0.182812 0.837500 0.098437 0.046875
3 0.183594 0.747656 0.092188 0.046875
3 0.178906 0.703125 0.096875 0.048438
3 0.274219 0.742969 0.095312 0.048438
3 0.271094 0.698438 0.093750 0.048438
3 0.270313 0.654687 0.095312 0.051562
3 0.267188 0.606250 0.098437 0.045312
3 0.171875 0.612500 0.095312 0.048438
3 0.267188 0.562500 0.093750 0.048438
3 0.170313 0.566406 0.093750 0.046875
3 0.267188 0.520312 0.100000 0.048438
3 0.170313 0.523438 0.092188 0.046875
3 0.262500 0.474219 0.104688 0.048438
3 0.167969 0.477344 0.101562 0.045312
0 0.644531 0.970313 0.085938 0.035937
0 0.627344 0.610938 0.079687 0.039062
0 0.485938 0.529687 0.075000 0.037500
0 0.495312 0.707031 0.070312 0.034375
0 0.499219 0.795312 0.076563 0.037500
0 0.507812 0.975781 0.085938 0.039062
0 0.277344 0.918750 0.076563 0.035937
0 0.278125 0.876563 0.085938 0.040625
0 0.272656 0.832812 0.073438 0.035937
0 0.190625 0.969531 0.084375 0.035937
0 0.177344 0.658594 0.079687 0.039062
3 0.645312 0.926562 0.101562 0.048438
3 0.638281 0.838281 0.104688 0.050000
3 0.632812 0.786719 0.106250 0.054688
3 0.635156 0.746094 0.107813 0.043750
3 0.632031 0.701562 0.100000 0.051562
3 0.631250 0.655469 0.101562 0.050000
3 0.625781 0.564844 0.106250 0.051562
3 0.624219 0.517188 0.103125 0.048438
3 0.254688 0.290625 0.093750 0.056250
3 0.251563 0.240625 0.095312 0.051562
3 0.251563 0.192969 0.096875 0.054688
3 0.249219 0.145313 0.095312 0.051562
3 0.246875 0.099219 0.096875 0.054688
3 0.244531 0.049219 0.092188 0.051562
3 0.246875 0.020313 0.096875 0.020313
3 0.148438 0.025000 0.095312 0.017188
3 0.150000 0.054688 0.106250 0.057813
3 0.152344 0.103906 0.103125 0.057813
3 0.154688 0.150781 0.101562 0.051562
3 0.156250 0.196875 0.101562 0.051562
3 0.160156 0.244531 0.101562 0.051562
3 0.163281 0.294531 0.101562 0.054688
0 0.975000 0.241406 0.026562 0.082812
0 0.888281 0.240625 0.032813 0.081250
0 0.477344 0.189844 0.073438 0.034375
0 0.462500 0.100781 0.089063 0.032813
0 0.460938 0.013281 0.081250 0.026562
0 0.252344 0.147656 0.076563 0.040625
2 0.553125 0.442969 0.231250 0.028125
2 0.482812 0.288281 0.095312 0.050000
