0 0.514844 0.051562 0.029687 0.081250
0 0.221094 0.296094 0.070312 0.042188
0 0.241406 0.200781 0.085938 0.040625
0 0.242188 0.966406 0.107813 0.048438
0 0.201563 0.153125 0.123438 0.053125
0 0.217188 0.527344 0.065625 0.042188
0 0.238281 0.577344 0.087500 0.045312
0 0.217969 0.485156 0.054688 0.037500
0 0.242188 0.832031 0.104688 0.050000
0 0.989062 0.537500 0.021875 0.040625
0 0.234375 0.242969 0.065625 0.045312
0 0.986719 0.445312 0.025000 0.042188
0 0.996094 0.883594 0.007812 0.045312
0 0.987500 0.635156 0.025000 0.035937
0 0.987500 0.732812 0.025000 0.040625
0 0.989062 0.777344 0.021875 0.035937
1 0.145029 0.537555 0.290058 0.924891
1 0.969531 0.463281 0.060937 0.926562
