1 0.285156 0.349219 0.570312 0.698438
1 0.496094 0.953125 0.992188 0.093750
3 0.007812 0.958594 0.015625 0.064062
3 0.035156 0.960156 0.053125 0.065625
3 0.081250 0.961719 0.048438 0.064062
3 0.125000 0.962500 0.048438 0.064062
3 0.166406 0.963281 0.040625 0.062500
3 0.207031 0.964063 0.050000 0.064062
3 0.253906 0.964063 0.053125 0.065625
3 0.297656 0.965625 0.054688 0.064062
3 0.617188 0.975781 0.090625 0.048438
3 0.841406 0.981250 0.104688 0.037500
3 0.939063 0.981250 0.103125 0.037500
0 0.207813 0.964063 0.045312 0.062500
0 0.255469 0.964063 0.048438 0.065625
0 0.301563 0.967969 0.051562 0.059375
0 0.944531 0.983594 0.092188 0.032813
3 0.118750 0.633594 0.035937 0.075000
3 0.165625 0.636719 0.045312 0.087500
3 0.187500 0.014844 0.093750 0.029687
3 0.170313 0.142969 0.095312 0.051562
3 0.040625 0.635156 0.057813 0.101562
3 0.007651 0.634316 0.015302 0.097136
3 0.085551 0.641351 0.040425 0.095440
3 0.173835 0.424796 0.099819 0.050708
3 0.174691 0.379875 0.104317 0.055650
3 0.172498 0.327714 0.102417 0.064892
3 0.176489 0.289430 0.107440 0.047358
3 0.169247 0.247000 0.099604 0.051022
3 0.171408 0.194434 0.098796 0.057627
3 0.174246 0.097945 0.096931 0.050555
3 0.183083 0.051231 0.096407 0.047114
3 0.327755 0.014314 0.094945 0.028628
3 0.328125 0.052344 0.098437 0.051562
3 0.325000 0.150000 0.093750 0.045312
3 0.325000 0.197656 0.101562 0.048438
3 0.323437 0.245312 0.101562 0.050000
3 0.323437 0.294531 0.100000 0.046875
3 0.318750 0.339844 0.103125 0.045312
3 0.315625 0.386719 0.100000 0.043750
3 0.315625 0.431250 0.098437 0.050000
3 0.532031 0.012500 0.050000 0.025000
3 0.533594 0.046094 0.056250 0.042188
3 0.534375 0.085938 0.062500 0.045312
3 0.531250 0.172656 0.059375 0.040625
3 0.528906 0.214844 0.064062 0.035937
3 0.528906 0.254688 0.062500 0.039062
3 0.528906 0.294531 0.062500 0.039062
3 0.526563 0.338281 0.070312 0.046875
3 0.528125 0.378906 0.065625 0.035937
3 0.527344 0.414844 0.065625 0.035937
3 0.527344 0.455469 0.068750 0.040625
3 0.524219 0.528906 0.062500 0.039062
3 0.522656 0.566406 0.065625 0.040625
3 0.519531 0.607812 0.062500 0.040625
3 0.519531 0.650781 0.065625 0.035937
0 0.182812 0.015625 0.096875 0.031250
0 0.187500 0.328906 0.078125 0.042188
0 0.319531 0.340625 0.075000 0.034375
0 0.321094 0.434375 0.065625 0.039062
0 0.321094 0.201563 0.093750 0.035937
0 0.527344 0.254688 0.062500 0.031250
0 0.526563 0.335938 0.068750 0.039062
0 0.527344 0.416406 0.062500 0.026562
0 0.530469 0.460156 0.062500 0.032813
0 0.524219 0.527344 0.065625 0.032813
0 0.524219 0.611719 0.065625 0.029687
0 0.521875 0.654687 0.067187 0.035937
3 0.211719 0.645312 0.050000 0.096875
2 0.253222 0.650393 0.037184 0.096148
2 0.247398 0.466209 0.247474 0.027587
2 0.510110 0.689535 0.087749 0.023287
2 0.619692 0.939794 0.093650 0.025566
2 0.345265 0.957850 0.027878 0.079457
