1 0.523241 0.028791 0.951890 0.057581
1 0.516940 0.573392 0.964492 0.850920
2 0.546094 0.783594 0.904687 0.019531
2 0.548438 0.452344 0.903125 0.020313
3 0.592969 0.189062 0.046094 0.079687
3 0.639062 0.191406 0.045312 0.078906
3 0.183594 0.190625 0.045312 0.078906
3 0.228906 0.189062 0.045312 0.078906
3 0.274219 0.189062 0.045312 0.078906
3 0.320312 0.189844 0.045312 0.078906
3 0.363281 0.191406 0.045312 0.078906
3 0.411719 0.191406 0.045312 0.078906
3 0.457813 0.190625 0.045312 0.078906
2 0.549219 0.190625 0.045312 0.078906
3 0.502344 0.189844 0.045312 0.078906
3 0.775781 0.194531 0.045312 0.078906
3 0.732031 0.192969 0.045312 0.078906
3 0.821875 0.191406 0.045312 0.078906
3 0.684375 0.192969 0.045312 0.078906
3 0.138281 0.189844 0.045312 0.078906
3 0.896094 0.393750 0.045312 0.078906
3 0.956250 0.192188 0.045312 0.078906
3 0.911719 0.190625 0.045312 0.078906
3 0.867969 0.190625 0.045312 0.078906
3 0.303125 0.391406 0.045312 0.078906
3 0.260156 0.392969 0.045312 0.078906
3 0.213281 0.393750 0.045312 0.078906
3 0.122656 0.392969 0.045312 0.078906
3 0.167187 0.392188 0.045312 0.078906
3 0.711719 0.395313 0.045312 0.078906
3 0.758594 0.393750 0.045312 0.078906
3 0.803125 0.392969 0.045312 0.078906
3 0.851562 0.393750 0.045312 0.078906
3 0.848437 0.516406 0.045312 0.078906
3 0.895312 0.515625 0.045312 0.078906
3 0.350781 0.392969 0.045312 0.078906
3 0.803125 0.517188 0.045312 0.078906
3 0.256250 0.510156 0.045312 0.078906
3 0.303125 0.510156 0.045312 0.078906
3 0.350000 0.508594 0.045312 0.078906
3 0.577344 0.395313 0.045312 0.086719
3 0.621875 0.394531 0.045312 0.086719
3 0.531250 0.395313 0.045312 0.086719
3 0.486719 0.396094 0.045312 0.086719
3 0.442188 0.395313 0.045312 0.086719
3 0.440625 0.394531 0.045312 0.086719
3 0.396094 0.395313 0.045312 0.086719
3 0.939844 0.512500 0.045312 0.086719
3 0.940625 0.396875 0.045312 0.086719
3 0.669531 0.394531 0.045312 0.086719
3 0.531250 0.510938 0.045312 0.086719
3 0.576562 0.510156 0.045312 0.086719
3 0.621094 0.512500 0.045312 0.086719
3 0.667188 0.511719 0.045312 0.086719
3 0.713281 0.510938 0.045312 0.086719
3 0.757812 0.512500 0.045312 0.086719
3 0.210938 0.510156 0.045312 0.086719
3 0.347656 0.510938 0.045312 0.086719
3 0.392969 0.510938 0.045312 0.086719
3 0.437500 0.509375 0.045312 0.086719
3 0.485156 0.510938 0.045312 0.086719
3 0.622656 0.728125 0.045312 0.086719
3 0.667188 0.727344 0.045312 0.086719
3 0.120313 0.508594 0.045312 0.086719
3 0.167187 0.509375 0.045312 0.086719
3 0.164062 0.721094 0.045312 0.086719
3 0.210938 0.721094 0.045312 0.086719
3 0.254688 0.721875 0.045312 0.086719
3 0.301563 0.723437 0.045312 0.086719
3 0.345313 0.725781 0.045312 0.086719
3 0.393750 0.726562 0.045312 0.086719
3 0.438281 0.725781 0.045312 0.086719
3 0.485156 0.725781 0.045312 0.086719
3 0.896875 0.728906 0.045312 0.086719
3 0.850000 0.727344 0.045312 0.086719
3 0.805469 0.726562 0.045312 0.086719
3 0.759375 0.728125 0.045312 0.086719
3 0.713281 0.727344 0.045312 0.086719
3 0.118750 0.721094 0.045312 0.086719
3 0.711719 0.839063 0.045312 0.086719
3 0.757031 0.840625 0.045312 0.086719
3 0.801562 0.837500 0.045312 0.086719
3 0.847656 0.839844 0.045312 0.086719
3 0.894531 0.840625 0.045312 0.086719
3 0.939063 0.841406 0.045312 0.086719
3 0.942187 0.727344 0.045312 0.086719
3 0.207813 0.838281 0.045312 0.086719
3 0.253906 0.837500 0.045312 0.086719
3 0.297656 0.837500 0.045312 0.086719
3 0.341406 0.839063 0.045312 0.086719
3 0.390625 0.839844 0.045312 0.086719
3 0.433594 0.838281 0.045312 0.086719
3 0.482031 0.838281 0.045312 0.086719
3 0.574219 0.839063 0.045312 0.086719
3 0.620313 0.840625 0.045312 0.086719
3 0.666406 0.839063 0.045312 0.086719
3 0.118750 0.835156 0.045312 0.086719
3 0.162500 0.838281 0.045312 0.086719
3 0.981250 0.725781 0.037500 0.085938
3 0.982031 0.841406 0.033594 0.089844
3 0.982031 0.396875 0.033594 0.083594
3 0.981250 0.510938 0.037500 0.090625
3 0.990625 0.191406 0.018750 0.081250
3 0.989844 0.023438 0.017188 0.046875
3 0.958594 0.023438 0.043750 0.046875
3 0.912500 0.026562 0.044531 0.053125
3 0.595313 0.026562 0.044531 0.053125
3 0.639062 0.026562 0.044531 0.053125
3 0.689063 0.026562 0.044531 0.053125
3 0.730469 0.026562 0.044531 0.053125
3 0.775000 0.026562 0.044531 0.053125
3 0.821094 0.026562 0.044531 0.053125
3 0.865625 0.026562 0.044531 0.053125
3 0.228906 0.026562 0.044531 0.053125
3 0.319531 0.026562 0.044531 0.053125
3 0.367188 0.026562 0.044531 0.053125
3 0.413281 0.026562 0.044531 0.053125
3 0.457031 0.026562 0.044531 0.053125
3 0.276562 0.026562 0.044531 0.053125
3 0.501563 0.026562 0.044531 0.053125
2 0.550000 0.026562 0.044531 0.053125
3 0.084375 0.025000 0.067969 0.049219
3 0.139844 0.026562 0.044531 0.053125
3 0.184375 0.026562 0.044531 0.053125
3 0.082812 0.190625 0.069531 0.079687
2 0.531250 0.725000 0.044531 0.082812
2 0.530469 0.836719 0.042969 0.089844
0 0.911719 0.026562 0.035937 0.053125
0 0.821094 0.029687 0.033594 0.058594
0 0.728906 0.023438 0.032031 0.046094
0 0.639062 0.025781 0.040625 0.051562
0 0.592969 0.023438 0.031250 0.046875
0 0.501563 0.020313 0.039062 0.038281
0 0.457813 0.021875 0.036719 0.040625
0 0.414844 0.025000 0.035156 0.046875
0 0.368750 0.030469 0.034375 0.058594
0 0.322656 0.021875 0.035156 0.043750
0 0.276562 0.023438 0.033594 0.046875
0 0.230469 0.025000 0.036719 0.046875
0 0.183594 0.023438 0.029687 0.044531
0 0.078125 0.023438 0.035937 0.046094
0 0.139063 0.022656 0.032813 0.044531
0 0.182812 0.192188 0.043750 0.086719
0 0.227344 0.185156 0.038281 0.085156
0 0.275781 0.185156 0.041406 0.082031
0 0.318750 0.179688 0.037500 0.077344
0 0.366406 0.174219 0.039844 0.078906
0 0.455469 0.185156 0.042188 0.082031
0 0.638281 0.189062 0.044531 0.086719
0 0.867188 0.185156 0.039844 0.096094
0 0.957812 0.184375 0.040625 0.092188
0 0.167187 0.394531 0.037500 0.088281
0 0.212500 0.393750 0.034375 0.092969
0 0.257031 0.391406 0.039062 0.096094
0 0.302344 0.389062 0.040625 0.096875
0 0.393750 0.393750 0.038281 0.092969
0 0.442969 0.394531 0.039844 0.092969
0 0.489063 0.403125 0.038281 0.089063
0 0.711719 0.397656 0.041406 0.100781
0 0.848437 0.392969 0.044531 0.096875
0 0.939844 0.514844 0.039844 0.091406
0 0.669531 0.505469 0.042188 0.093750
0 0.623437 0.487500 0.036719 0.084375
0 0.536719 0.496875 0.035937 0.082031
0 0.440625 0.500781 0.040625 0.092188
0 0.396094 0.493750 0.034375 0.083594
0 0.348438 0.507031 0.040625 0.088281
0 0.305469 0.505469 0.040625 0.087500
0 0.257031 0.503125 0.036719 0.083594
0 0.213281 0.500000 0.038281 0.082031
0 0.168750 0.502344 0.036719 0.082031
0 0.117969 0.497656 0.040625 0.078906
0 0.113281 0.722656 0.032813 0.093750
0 0.165625 0.716406 0.038281 0.089063
0 0.216406 0.722656 0.036719 0.082812
0 0.300000 0.724219 0.037500 0.083594
0 0.391406 0.725781 0.033594 0.084375
0 0.435937 0.721875 0.043750 0.085938
0 0.577344 0.724219 0.038281 0.092188
0 0.668750 0.731250 0.040625 0.086719
0 0.942969 0.842187 0.036719 0.093750
0 0.800781 0.840625 0.045312 0.088281
0 0.714063 0.835156 0.038281 0.083594
0 0.667188 0.831250 0.039062 0.082812
0 0.620313 0.827344 0.035937 0.085156
0 0.575000 0.828906 0.031250 0.078906
0 0.481250 0.837500 0.037500 0.079687
0 0.436719 0.817969 0.035156 0.081250
0 0.386719 0.834375 0.035156 0.085938
0 0.345313 0.839844 0.039844 0.088281
0 0.296875 0.828906 0.034375 0.082812
0 0.251563 0.829688 0.039844 0.082031
0 0.207031 0.830469 0.038281 0.084375
0 0.164844 0.825000 0.039062 0.087500
0 0.114844 0.833594 0.040625 0.089844
