1 0.946933 0.435731 0.106135 0.871461
1 0.457651 0.503152 0.915302 0.993697
2 0.212500 0.565625 0.131250 0.868750
2 0.551562 0.542188 0.129688 0.898438
3 0.826562 0.567187 0.085938 0.056250
3 0.829688 0.614062 0.085938 0.056250
3 0.773438 0.150000 0.085938 0.056250
3 0.781250 0.195312 0.085938 0.056250
3 0.785937 0.242188 0.085938 0.056250
3 0.791406 0.289844 0.085938 0.056250
3 0.795312 0.333594 0.085938 0.056250
3 0.801562 0.382812 0.085938 0.056250
3 0.808594 0.428906 0.085938 0.056250
2 0.820312 0.521875 0.085938 0.056250
3 0.814063 0.475000 0.085938 0.056250
3 0.844531 0.753906 0.085938 0.056250
3 0.839844 0.708594 0.085938 0.056250
3 0.852344 0.800781 0.085938 0.056250
3 0.833594 0.660937 0.085938 0.056250
3 0.768750 0.103125 0.085938 0.056250
3 0.656250 0.901563 0.085938 0.056250
3 0.869531 0.936719 0.085938 0.053125
3 0.864844 0.892188 0.085938 0.056250
3 0.859375 0.846875 0.085938 0.056250
3 0.583594 0.296875 0.085938 0.056250
3 0.576562 0.253906 0.085938 0.056250
3 0.571094 0.205469 0.085938 0.056250
3 0.560156 0.113281 0.085938 0.056250
3 0.565625 0.157812 0.085938 0.056250
3 0.631250 0.714063 0.085938 0.056250
3 0.638281 0.761719 0.085938 0.056250
3 0.644531 0.807031 0.085938 0.056250
3 0.650000 0.856250 0.085938 0.056250
3 0.525000 0.867969 0.085938 0.056250
3 0.531250 0.916406 0.085938 0.056250
3 0.588281 0.346094 0.085938 0.056250
3 0.517969 0.821875 0.085938 0.056250
3 0.457031 0.263281 0.085938 0.056250
3 0.462500 0.312500 0.085938 0.056250
3 0.470313 0.359375 0.085938 0.056250
3 0.614844 0.577344 0.093750 0.057813
3 0.621094 0.621875 0.093750 0.057813
3 0.609375 0.529687 0.093750 0.057813
3 0.603125 0.485156 0.093750 0.057813
3 0.596875 0.439063 0.093750 0.057813
3 0.597656 0.437500 0.093750 0.057813
3 0.592187 0.392969 0.093750 0.057813
3 0.539844 0.960938 0.093750 0.057813
3 0.658594 0.946875 0.093750 0.057813
3 0.626563 0.671094 0.093750 0.057813
3 0.491406 0.544531 0.093750 0.057813
3 0.497656 0.589844 0.093750 0.057813
3 0.500781 0.636719 0.093750 0.057813
3 0.507031 0.683594 0.093750 0.057813
3 0.513281 0.729688 0.093750 0.057813
3 0.517188 0.775781 0.093750 0.057813
3 0.451562 0.217969 0.093750 0.057813
3 0.467187 0.357812 0.093750 0.057813
3 0.473438 0.403125 0.093750 0.057813
3 0.481250 0.448437 0.093750 0.057813
3 0.485156 0.496875 0.093750 0.057813
3 0.281250 0.664844 0.093750 0.057813
3 0.286719 0.710156 0.093750 0.057813
3 0.442188 0.125000 0.093750 0.057813
3 0.447656 0.173437 0.093750 0.057813
3 0.230469 0.196094 0.093750 0.057813
3 0.236719 0.244531 0.093750 0.057813
3 0.241406 0.289062 0.093750 0.057813
3 0.245312 0.336719 0.093750 0.057813
3 0.248438 0.381250 0.093750 0.057813
3 0.253906 0.431250 0.093750 0.057813
3 0.260156 0.476562 0.093750 0.057813
3 0.266406 0.524219 0.093750 0.057813
3 0.314063 0.943750 0.093750 0.057813
3 0.310156 0.896094 0.093750 0.057813
3 0.305469 0.851562 0.093750 0.057813
3 0.297656 0.803125 0.093750 0.057813
3 0.292969 0.757031 0.093750 0.057813
3 0.225000 0.150781 0.093750 0.057813
3 0.178906 0.769531 0.093750 0.057813
3 0.183594 0.815625 0.093750 0.057813
3 0.191406 0.860938 0.093750 0.057813
3 0.195312 0.907813 0.093750 0.057813
3 0.200000 0.955469 0.093750 0.057813
3 0.204687 0.985938 0.093750 0.028125
3 0.321875 0.980469 0.093750 0.039062
3 0.116406 0.255469 0.093750 0.057813
3 0.123438 0.303125 0.093750 0.057813
3 0.128906 0.346875 0.093750 0.057813
3 0.132812 0.392188 0.093750 0.057813
3 0.139063 0.442188 0.093750 0.057813
3 0.145313 0.485938 0.093750 0.057813
3 0.150781 0.535156 0.093750 0.057813
3 0.161719 0.628906 0.093750 0.057813
3 0.165625 0.676562 0.093750 0.057813
3 0.173437 0.723437 0.093750 0.057813
3 0.108594 0.164844 0.093750 0.057813
3 0.110937 0.210156 0.093750 0.057813
3 0.663281 0.977344 0.087500 0.023438
3 0.544531 0.989062 0.095312 0.021875
3 0.981250 0.548438 0.037500 0.050000
3 0.984375 0.592187 0.031250 0.050000
3 0.987500 0.643750 0.025000 0.050000
3 0.989844 0.687500 0.020313 0.050000
3 0.992969 0.732812 0.014063 0.050000
3 0.942187 0.175781 0.048438 0.050000
3 0.953125 0.267188 0.048438 0.050000
3 0.959375 0.315625 0.048438 0.050000
3 0.964844 0.363281 0.048438 0.050000
3 0.970313 0.407031 0.048438 0.050000
3 0.947656 0.224219 0.048438 0.050000
3 0.975781 0.453125 0.048438 0.050000
2 0.978906 0.503125 0.042188 0.050000
3 0.925781 0.032813 0.048438 0.065625
3 0.930469 0.084375 0.048438 0.050000
3 0.936719 0.130469 0.048438 0.050000
3 0.760938 0.047656 0.089063 0.081250
2 0.272656 0.571094 0.089063 0.056250
2 0.159375 0.584375 0.098437 0.054688
0 0.992969 0.779687 0.014063 0.040625
0 0.993750 0.684375 0.012500 0.037500
0 0.985156 0.593750 0.029687 0.046875
0 0.985156 0.545312 0.029687 0.037500
0 0.982812 0.453125 0.034375 0.043750
0 0.975781 0.408594 0.037500 0.040625
0 0.967187 0.365625 0.042188 0.040625
0 0.955469 0.318750 0.053125 0.040625
0 0.958594 0.270313 0.039062 0.039062
0 0.950781 0.224219 0.042188 0.039062
0 0.944531 0.177344 0.043750 0.042188
0 0.939063 0.128906 0.040625 0.035937
0 0.926562 0.022656 0.042188 0.042188
0 0.934375 0.084375 0.040625 0.039062
0 0.771875 0.149219 0.093750 0.054688
0 0.785156 0.194531 0.092188 0.050000
0 0.791406 0.242969 0.089063 0.051562
0 0.802344 0.286719 0.082812 0.046875
0 0.813281 0.334375 0.085938 0.050000
0 0.813281 0.425781 0.089063 0.053125
0 0.832031 0.613281 0.093750 0.056250
0 0.864844 0.845313 0.103125 0.051562
0 0.877344 0.936719 0.098437 0.051562
0 0.564063 0.158594 0.095312 0.050000
0 0.570312 0.204687 0.098437 0.045312
0 0.578125 0.250000 0.103125 0.051562
0 0.586719 0.296094 0.104688 0.053125
0 0.592969 0.389062 0.100000 0.050000
0 0.598437 0.439844 0.100000 0.051562
0 0.595313 0.487500 0.095312 0.050000
0 0.628906 0.714063 0.107813 0.054688
0 0.650781 0.853125 0.104688 0.057813
0 0.537500 0.961719 0.098437 0.051562
0 0.513281 0.685156 0.101562 0.054688
0 0.526563 0.635938 0.090625 0.048438
0 0.506250 0.548438 0.089063 0.046875
0 0.489844 0.450781 0.100000 0.051562
0 0.491406 0.403906 0.089063 0.045312
0 0.471875 0.357812 0.095312 0.051562
0 0.468750 0.313281 0.095312 0.051562
0 0.464844 0.264062 0.089063 0.046875
0 0.462500 0.218750 0.089063 0.050000
0 0.454688 0.174219 0.089063 0.046875
0 0.452344 0.121094 0.085938 0.051562
0 0.222656 0.144531 0.100000 0.045312
0 0.235156 0.197656 0.095312 0.050000
0 0.235156 0.250000 0.089063 0.046875
0 0.244531 0.335156 0.090625 0.048438
0 0.254688 0.428906 0.089063 0.045312
0 0.264062 0.474219 0.092188 0.056250
0 0.278906 0.617969 0.100000 0.050000
0 0.283594 0.712500 0.093750 0.051562
0 0.204687 0.990625 0.100000 0.018750
0 0.188281 0.860156 0.095312 0.057813
0 0.182812 0.771875 0.090625 0.051562
0 0.181250 0.722656 0.089063 0.050000
0 0.179688 0.675781 0.092188 0.048438
0 0.171875 0.628125 0.084375 0.042188
0 0.151562 0.534375 0.085938 0.046875
0 0.166406 0.486719 0.089063 0.046875
0 0.142969 0.437500 0.092188 0.048438
0 0.132031 0.396094 0.095312 0.051562
0 0.137500 0.345313 0.087500 0.045312
0 0.131250 0.300000 0.089063 0.050000
0 0.125000 0.253906 0.092188 0.050000
0 0.124219 0.210156 0.095312 0.051562
0 0.110156 0.160938 0.096875 0.051562
