1 0.580952 0.499593 0.638906 0.999186
3 0.486719 0.132812 0.042969 0.097656
3 0.528906 0.134375 0.042969 0.097656
3 0.574219 0.134375 0.042969 0.097656
3 0.615625 0.136719 0.042969 0.097656
3 0.658594 0.135937 0.042969 0.097656
3 0.702344 0.136719 0.042969 0.097656
3 0.442969 0.132031 0.042969 0.097656
3 0.400781 0.134375 0.042969 0.097656
3 0.357031 0.133594 0.042969 0.097656
3 0.313281 0.134375 0.042969 0.097656
3 0.790625 0.044531 0.039844 0.089063
3 0.878906 0.138281 0.042969 0.097656
3 0.832812 0.137500 0.042969 0.097656
3 0.791406 0.138281 0.042969 0.097656
3 0.487500 0.041406 0.042188 0.082812
3 0.617188 0.041406 0.042969 0.082812
3 0.659375 0.041406 0.042188 0.082812
3 0.703125 0.043750 0.040625 0.086719
3 0.833594 0.043750 0.041406 0.087500
3 0.569531 0.123438 0.042969 0.083594
3 0.877344 0.043750 0.042188 0.087500
3 0.402344 0.041406 0.042969 0.082812
3 0.573438 0.041406 0.042188 0.082812
3 0.345313 0.041406 0.067187 0.082812
3 0.288281 0.041406 0.052344 0.082031
3 0.278906 0.135937 0.028906 0.099219
3 0.316406 0.367969 0.042969 0.078906
3 0.617969 0.370312 0.042969 0.078906
3 0.661719 0.370312 0.042969 0.078906
3 0.704688 0.370312 0.042969 0.078906
3 0.748437 0.370312 0.042969 0.078906
3 0.789062 0.368750 0.042969 0.078906
3 0.832812 0.371094 0.042969 0.078906
3 0.875781 0.371875 0.042969 0.078906
3 0.359375 0.367188 0.042969 0.078906
3 0.402344 0.367188 0.042969 0.078906
3 0.445312 0.368750 0.042969 0.078906
3 0.489063 0.367188 0.042969 0.078906
3 0.532031 0.369531 0.042969 0.078906
3 0.574219 0.367969 0.042969 0.078906
3 0.616406 0.451562 0.042969 0.078906
3 0.575000 0.449219 0.042969 0.078906
3 0.531250 0.450781 0.042969 0.078906
3 0.488281 0.450000 0.042969 0.078906
3 0.445312 0.448437 0.042969 0.078906
3 0.402344 0.450000 0.042969 0.078906
3 0.358594 0.449219 0.042969 0.078906
3 0.316406 0.447656 0.042969 0.078906
3 0.832031 0.452344 0.042969 0.078906
3 0.789844 0.451562 0.042969 0.078906
3 0.745313 0.451562 0.042969 0.078906
3 0.703125 0.451562 0.042969 0.078906
3 0.660937 0.451562 0.042969 0.078906
3 0.339844 0.667969 0.042969 0.078906
3 0.295312 0.750781 0.042969 0.078906
3 0.296875 0.668750 0.042969 0.078906
3 0.875781 0.452344 0.042969 0.078906
3 0.424219 0.667969 0.042969 0.078906
3 0.425000 0.750781 0.042969 0.078906
3 0.382031 0.667188 0.042969 0.078906
3 0.383594 0.751563 0.042969 0.078906
3 0.339062 0.750781 0.042969 0.078906
3 0.553906 0.752344 0.042969 0.078906
3 0.554688 0.669531 0.042969 0.078906
3 0.510938 0.751563 0.042969 0.078906
3 0.467187 0.751563 0.042969 0.078906
3 0.510938 0.669531 0.042969 0.078906
3 0.467969 0.668750 0.042969 0.078906
3 0.684375 0.753906 0.042969 0.078906
3 0.685937 0.671094 0.042969 0.078906
3 0.642188 0.753906 0.042969 0.078906
3 0.640625 0.671094 0.042969 0.078906
3 0.597656 0.752344 0.042969 0.078906
3 0.597656 0.670312 0.042969 0.078906
3 0.815625 0.673438 0.042969 0.078906
3 0.814063 0.756250 0.042969 0.078906
3 0.770312 0.672656 0.042969 0.078906
3 0.770312 0.754687 0.042969 0.078906
3 0.727344 0.753906 0.042969 0.078906
3 0.728125 0.672656 0.042969 0.078906
3 0.858594 0.675000 0.042969 0.078906
3 0.860938 0.756250 0.042969 0.078906
3 0.424219 0.967187 0.042188 0.064844
3 0.646094 0.967187 0.058594 0.064844
3 0.699219 0.967187 0.042188 0.064844
3 0.741406 0.967187 0.042188 0.064844
3 0.785156 0.967187 0.042188 0.064844
3 0.871094 0.967187 0.042188 0.064844
3 0.828125 0.967187 0.042188 0.064844
3 0.382031 0.967187 0.042188 0.064844
3 0.296875 0.967187 0.042188 0.064844
3 0.339062 0.967187 0.042188 0.064844
3 0.599219 0.967187 0.042188 0.064844
3 0.556250 0.967187 0.042188 0.064844
3 0.511719 0.967187 0.042188 0.064844
3 0.470313 0.967187 0.042188 0.064844
3 0.281250 0.367969 0.028125 0.078906
3 0.282031 0.446875 0.028906 0.075781
2 0.745313 0.107813 0.046875 0.215625
0 0.309375 0.132031 0.040625 0.084375
0 0.398438 0.035937 0.042188 0.071875
0 0.443750 0.035156 0.035156 0.069531
0 0.401562 0.121094 0.040625 0.082031
0 0.446094 0.125781 0.034375 0.082812
0 0.571094 0.130469 0.037500 0.084375
0 0.614844 0.128125 0.032813 0.077344
0 0.659375 0.128125 0.029687 0.082031
0 0.572656 0.039062 0.035937 0.078125
0 0.615625 0.042188 0.032031 0.071875
0 0.658594 0.041406 0.032813 0.074219
0 0.700781 0.039062 0.035937 0.075781
0 0.829688 0.142969 0.044531 0.085156
0 0.877344 0.128906 0.030469 0.063281
0 0.280469 0.365625 0.023438 0.071094
0 0.356250 0.365625 0.042969 0.078125
0 0.400000 0.360156 0.034375 0.082812
0 0.446094 0.362500 0.035156 0.089844
0 0.490625 0.358594 0.034375 0.082812
0 0.535156 0.367188 0.028125 0.082031
0 0.578906 0.372656 0.034375 0.080469
0 0.618750 0.367188 0.034375 0.078125
0 0.706250 0.364063 0.035937 0.075781
0 0.747656 0.367969 0.032813 0.070312
0 0.789062 0.362500 0.035937 0.078906
0 0.875000 0.367969 0.042969 0.082031
0 0.318750 0.462500 0.044531 0.109375
0 0.403125 0.452344 0.036719 0.083594
0 0.489063 0.457031 0.040625 0.087500
0 0.660156 0.451562 0.039844 0.082812
0 0.831250 0.451562 0.038281 0.085156
0 0.341406 0.749219 0.035937 0.081250
0 0.467187 0.748437 0.038281 0.077344
0 0.682813 0.742969 0.042969 0.079687
0 0.380469 0.964844 0.040625 0.070312
0 0.648438 0.965625 0.043750 0.068750
3 0.443750 0.042188 0.043750 0.083594
3 0.531250 0.042188 0.042188 0.083594
