0 0.121875 0.396875 0.033594 0.076563
0 0.167187 0.400781 0.035937 0.078906
0 0.258594 0.082812 0.032813 0.076563
0 0.075000 0.817969 0.034375 0.083594
0 0.121094 0.813281 0.033594 0.075000
0 0.035156 0.396094 0.033594 0.071094
0 0.029687 0.713281 0.034375 0.075000
0 0.163281 0.492188 0.039062 0.078906
0 0.291406 0.730469 0.037500 0.073438
0 0.159375 0.714844 0.035156 0.074219
0 0.332813 0.817187 0.040625 0.084375
0 0.332031 0.725781 0.034375 0.071094
0 0.033594 0.810937 0.035937 0.075781
0 0.157812 0.816406 0.031250 0.066406
0 0.205469 0.492969 0.034375 0.072656
1 0.499897 0.498101 0.996711 0.996202
