0 0.987500 0.361719 0.024219 0.083594
0 0.899219 0.360156 0.026562 0.079687
0 0.946094 0.363281 0.039844 0.081250
0 0.903906 0.453906 0.034375 0.081250
0 0.815625 0.459375 0.042188 0.096094
0 0.901563 0.118750 0.034375 0.071875
0 0.782031 0.364063 0.017969 0.071875
0 0.839844 0.750781 0.035937 0.071094
0 0.940625 0.123438 0.042188 0.075781
0 0.858594 0.364844 0.038281 0.080469
0 0.979688 0.453906 0.039844 0.082812
0 0.939844 0.033594 0.036719 0.066406
0 0.964844 0.749219 0.039844 0.078906
0 0.880469 0.966406 0.042188 0.067187
0 0.893750 0.033594 0.037500 0.067187
0 0.811719 0.135937 0.036719 0.074219
1 0.880920 0.499593 0.236531 0.999186
