0 0.229687 0.726562 0.045312 0.081250
0 0.303125 0.426563 0.089063 0.040625
0 0.312500 0.331250 0.095312 0.043750
0 0.100000 0.144531 0.107813 0.048438
0 0.526563 0.053125 0.089063 0.043750
0 0.113281 0.295312 0.076563 0.039062
0 0.504687 0.296094 0.093750 0.046875
0 0.521094 0.197656 0.078125 0.045312
0 0.326562 0.085938 0.092188 0.045312
0 0.043750 0.049219 0.028125 0.039062
0 0.503906 0.391406 0.087500 0.046875
0 0.769531 0.421875 0.040625 0.084375
0 0.530469 0.098437 0.057813 0.032813
0 0.982812 0.681250 0.010937 0.031250
0 0.751563 0.098437 0.076563 0.045312
0 0.549219 0.743750 0.054688 0.106250
0 0.269428 0.181153 0.092519 0.073163
0 0.031250 0.099219 0.012500 0.040625
1 0.500000 0.411136 1.000000 0.822272
