0 0.925000 0.891406 0.084375 0.035937
0 0.320312 0.485938 0.078125 0.039062
0 0.025781 0.802344 0.050781 0.034375
0 0.031250 0.477344 0.057031 0.034375
0 0.335938 0.664062 0.077344 0.039844
0 0.317969 0.573438 0.080469 0.035937
0 0.928125 0.942969 0.088281 0.039844
0 0.620313 0.852344 0.084375 0.035156
0 0.832031 0.895312 0.083594 0.038281
0 0.320312 0.758594 0.089063 0.036719
0 0.314844 0.617969 0.085938 0.034375
0 0.025781 0.525000 0.051562 0.031250
0 0.819531 0.803906 0.076563 0.029687
0 0.618750 0.896875 0.087500 0.035156
0 0.225781 0.527344 0.083594 0.032813
0 0.623437 0.797656 0.088281 0.037500
0 0.925781 0.575781 0.085938 0.036719
0 0.921875 0.529687 0.086719 0.032813
0 0.222656 0.351562 0.082812 0.035156
0 0.622656 0.575000 0.082812 0.035156
0 0.313281 0.939844 0.088281 0.039844
0 0.916406 0.482812 0.082812 0.039062
0 0.199219 0.897656 0.084375 0.034375
0 0.524219 0.714063 0.086719 0.039844
0 0.621094 0.712500 0.090625 0.037500
0 0.826562 0.526563 0.088281 0.035937
0 0.825000 0.621875 0.089063 0.039844
0 0.516406 0.848437 0.071875 0.034375
0 0.625781 0.664062 0.085938 0.037500
0 0.523438 0.578125 0.090625 0.042188
0 0.818750 0.485156 0.081250 0.032813
0 0.318750 0.351562 0.086719 0.038281
0 0.206250 0.756250 0.089844 0.035937
0 0.311719 0.985938 0.085156 0.028125
0 0.028125 0.572656 0.055469 0.028906
0 0.029687 0.714063 0.057813 0.035156
0 0.207813 0.709375 0.094531 0.039844
0 0.310937 0.711719 0.090625 0.038281
0 0.821094 0.671875 0.085156 0.036719
0 0.520312 0.662500 0.069531 0.037500
0 0.534375 0.358594 0.069531 0.037500
0 0.807813 0.183594 0.115625 0.041406
0 0.217188 0.619531 0.079687 0.039062
0 0.532031 0.982812 0.077344 0.029687
1 0.498592 0.569412 0.997184 0.859053
