1 0.500000 0.364330 1.000000 0.728660
2 0.735938 0.325000 0.137500 0.650000
2 0.371875 0.309375 0.042188 0.185938
2 0.056250 0.342187 0.042188 0.190625
3 0.460938 0.644531 0.120313 0.079687
3 0.146875 0.605469 0.120313 0.079687
3 0.453125 0.572656 0.120313 0.079687
3 0.340625 0.586719 0.120313 0.079687
3 0.349219 0.657813 0.120313 0.079687
3 0.055469 0.689063 0.082812 0.076563
3 0.048438 0.617188 0.084375 0.081250
3 0.152344 0.677344 0.120313 0.079687
3 0.667969 0.551562 0.120313 0.079687
3 0.674219 0.621094 0.120313 0.079687
3 0.993750 0.586719 0.012500 0.070312
3 0.855469 0.532813 0.120313 0.079687
3 0.863281 0.600781 0.120313 0.079687
3 0.990625 0.516406 0.018750 0.073438
3 0.132812 0.546875 0.109375 0.054688
3 0.082812 0.074219 0.109375 0.054688
3 0.088281 0.120313 0.109375 0.054688
3 0.093750 0.169531 0.109375 0.054688
3 0.097656 0.217188 0.109375 0.054688
3 0.125000 0.456250 0.109375 0.054688
3 0.449219 0.514062 0.114062 0.057813
3 0.129688 0.500781 0.109375 0.054688
3 0.332813 0.480469 0.110937 0.059375
3 0.327344 0.432812 0.110937 0.057813
3 0.437500 0.421094 0.114062 0.057813
3 0.442188 0.467187 0.114062 0.060937
3 0.336719 0.525000 0.110937 0.059375
3 0.412500 0.184375 0.117188 0.059375
3 0.287500 0.053906 0.117188 0.059375
3 0.405469 0.090625 0.117188 0.059375
3 0.291406 0.100781 0.117188 0.059375
3 0.409375 0.135937 0.117188 0.059375
3 0.296875 0.148438 0.117188 0.059375
3 0.300781 0.196094 0.117188 0.059375
3 0.399219 0.039844 0.117188 0.059375
3 0.283594 0.025781 0.112500 0.021875
3 0.396094 0.012500 0.109375 0.020313
3 0.439063 0.371094 0.101562 0.053125
3 0.316406 0.385156 0.101562 0.053125
3 0.435937 0.325000 0.101562 0.053125
3 0.430469 0.278906 0.101562 0.053125
3 0.425781 0.231250 0.101562 0.053125
3 0.123438 0.408594 0.101562 0.053125
3 0.310937 0.337500 0.101562 0.053125
3 0.306250 0.288281 0.101562 0.053125
3 0.302344 0.245312 0.101562 0.053125
3 0.662500 0.444531 0.101562 0.053125
3 0.109375 0.264844 0.101562 0.053125
3 0.113281 0.310937 0.101562 0.053125
3 0.117188 0.358594 0.101562 0.053125
3 0.624219 0.064844 0.101562 0.053125
3 0.617969 0.021875 0.101562 0.043750
3 0.651563 0.300781 0.101562 0.053125
3 0.653906 0.348438 0.101562 0.053125
3 0.644531 0.254688 0.101562 0.053125
3 0.639062 0.206250 0.101562 0.053125
3 0.659375 0.396875 0.101562 0.053125
3 0.667969 0.490625 0.101562 0.053125
3 0.634375 0.157812 0.101562 0.053125
3 0.631250 0.111719 0.101562 0.053125
3 0.807813 0.140625 0.101562 0.053125
3 0.812500 0.189062 0.101562 0.053125
3 0.816406 0.236719 0.101562 0.053125
3 0.821094 0.282813 0.101562 0.053125
3 0.825000 0.331250 0.101562 0.053125
3 0.831250 0.378125 0.101562 0.053125
3 0.837500 0.424219 0.101562 0.053125
3 0.839844 0.473438 0.101562 0.053125
3 0.791406 0.013281 0.101562 0.026562
3 0.797656 0.046875 0.101562 0.053125
3 0.803125 0.092969 0.101562 0.053125
3 0.988281 0.455469 0.023438 0.045312
3 0.969531 0.271875 0.023438 0.043750
3 0.964063 0.222656 0.023438 0.043750
3 0.959375 0.175781 0.023438 0.045312
3 0.954688 0.129688 0.023438 0.045312
3 0.949219 0.081250 0.023438 0.045312
3 0.944531 0.032813 0.023438 0.045312
3 0.974219 0.317969 0.023438 0.051562
3 0.978906 0.366406 0.023438 0.043750
3 0.983594 0.409375 0.023438 0.045312
3 0.026562 0.417187 0.053125 0.050000
3 0.023438 0.371094 0.046875 0.051562
3 0.021875 0.321875 0.043750 0.050000
3 0.017969 0.273438 0.035937 0.050000
3 0.039062 0.511719 0.078125 0.054688
3 0.035156 0.464844 0.070312 0.054688
3 0.041406 0.558594 0.079687 0.054688
3 0.022656 0.227344 0.045312 0.054688
3 0.014063 0.056250 0.028125 0.018750
3 0.079687 0.046875 0.103125 0.021875
3 0.017188 0.133594 0.034375 0.054688
3 0.014063 0.085938 0.028125 0.053125
0 0.053906 0.688281 0.073438 0.048438
0 0.032031 0.467969 0.064062 0.045312
0 0.122656 0.456250 0.087500 0.045312
0 0.025781 0.378125 0.051562 0.053125
0 0.117188 0.362500 0.087500 0.046875
0 0.023438 0.325000 0.046875 0.043750
0 0.108594 0.316406 0.095312 0.051562
0 0.100781 0.227344 0.096875 0.050000
0 0.015625 0.183594 0.031250 0.042188
0 0.089844 0.171875 0.090625 0.046875
0 0.082031 0.124219 0.096875 0.050000
0 0.007812 0.056250 0.015625 0.015625
0 0.077344 0.045312 0.090625 0.017188
0 0.333594 0.529687 0.090625 0.050000
0 0.432031 0.519531 0.093750 0.046875
0 0.339062 0.482812 0.089063 0.050000
0 0.435937 0.467969 0.089063 0.046875
0 0.435156 0.427344 0.095312 0.053125
0 0.321094 0.388281 0.093750 0.053125
0 0.314844 0.336719 0.093750 0.050000
0 0.298438 0.202344 0.085938 0.051562
0 0.305469 0.103125 0.087500 0.050000
0 0.395313 0.100000 0.089063 0.043750
0 0.393750 0.044531 0.100000 0.048438
0 0.691406 0.628125 0.090625 0.050000
0 0.671094 0.494531 0.093750 0.046875
0 0.648438 0.252344 0.079687 0.048438
0 0.637500 0.166406 0.081250 0.045312
0 0.787500 0.102344 0.090625 0.050000
0 0.812500 0.289062 0.095312 0.051562
0 0.818750 0.383594 0.089063 0.046875
0 0.828906 0.429688 0.093750 0.050000
0 0.844531 0.476562 0.090625 0.050000
0 0.960156 0.176563 0.021875 0.042188
