1 0.501045 0.194716 0.997910 0.389432
1 0.941136 0.779873 0.115737 0.440255
3 0.944531 0.727344 0.096875 0.050000
3 0.944531 0.679688 0.098437 0.051562
3 0.229687 0.081250 0.096875 0.050000
3 0.229687 0.125781 0.096875 0.050000
3 0.943750 0.917188 0.096875 0.050000
3 0.942187 0.871094 0.096875 0.050000
3 0.942187 0.823438 0.096875 0.050000
3 0.944531 0.775781 0.096875 0.050000
3 0.948438 0.586719 0.096875 0.050000
3 0.946875 0.632812 0.095312 0.048438
3 0.942969 0.965625 0.096875 0.050000
3 0.228906 0.005469 0.095312 0.010937
3 0.326562 0.007031 0.093750 0.014063
3 0.231250 0.034375 0.096875 0.050000
3 0.326562 0.035156 0.096875 0.050000
3 0.326562 0.080469 0.096875 0.050000
3 0.325781 0.126562 0.096875 0.050000
3 0.323437 0.308594 0.096875 0.050000
3 0.226562 0.308594 0.096875 0.050000
3 0.227344 0.262500 0.096875 0.050000
3 0.325781 0.264844 0.096875 0.050000
3 0.563281 0.313281 0.096875 0.050000
3 0.563281 0.265625 0.096875 0.050000
3 0.324219 0.351562 0.096875 0.050000
3 0.227344 0.356250 0.096875 0.050000
3 0.565625 0.083594 0.096875 0.050000
3 0.566406 0.127344 0.096875 0.050000
3 0.564844 0.174219 0.096875 0.050000
3 0.562500 0.357812 0.095312 0.048438
3 0.326562 0.170313 0.096875 0.050000
3 0.228125 0.173437 0.096875 0.050000
3 0.564844 0.008594 0.093750 0.017188
3 0.566406 0.039062 0.096875 0.050000
2 0.291406 0.214844 0.182812 0.046875
2 0.633594 0.221875 0.221875 0.050000
3 0.665625 0.010156 0.100000 0.015625
3 0.664062 0.314844 0.100000 0.045312
3 0.664844 0.268750 0.100000 0.045312
3 0.664844 0.040625 0.100000 0.045312
3 0.664062 0.086719 0.100000 0.045312
3 0.664844 0.130469 0.100000 0.045312
3 0.664844 0.176563 0.100000 0.045312
3 0.662500 0.360156 0.100000 0.045312
3 0.910937 0.139063 0.087500 0.045312
3 0.904687 0.318750 0.087500 0.045312
3 0.905469 0.364063 0.087500 0.045312
3 0.908594 0.091406 0.087500 0.045312
3 0.910156 0.047656 0.087500 0.045312
3 0.910156 0.015625 0.089063 0.018750
3 0.909375 0.185156 0.087500 0.045312
3 0.907813 0.228125 0.087500 0.045312
3 0.905469 0.271875 0.087500 0.045312
3 0.976562 0.182031 0.046875 0.045312
3 0.975000 0.137500 0.050000 0.046875
3 0.976562 0.092969 0.046875 0.045312
3 0.976562 0.047656 0.046875 0.045312
3 0.976562 0.017188 0.046875 0.018750
3 0.975000 0.364063 0.050000 0.046875
3 0.975781 0.317969 0.048438 0.045312
3 0.975781 0.273438 0.048438 0.046875
3 0.976562 0.227344 0.046875 0.045312
3 0.022656 0.005469 0.029687 0.010937
3 0.023438 0.035156 0.031250 0.043750
3 0.021875 0.078906 0.029687 0.043750
3 0.019531 0.265625 0.031250 0.043750
3 0.018750 0.307031 0.031250 0.043750
3 0.017969 0.351562 0.031250 0.043750
3 0.020313 0.170313 0.029687 0.043750
3 0.021094 0.125000 0.029687 0.043750
2 0.046875 0.217188 0.085938 0.054688
0 0.020313 0.125000 0.028125 0.043750
0 0.019531 0.167187 0.028125 0.037500
0 0.225000 0.003125 0.081250 0.006250
0 0.225781 0.125000 0.087500 0.045312
0 0.232813 0.260156 0.079687 0.040625
0 0.233594 0.306250 0.078125 0.040625
0 0.332813 0.306250 0.087500 0.039062
0 0.328906 0.124219 0.078125 0.039062
0 0.328125 0.083594 0.084375 0.039062
0 0.328906 0.040625 0.087500 0.039062
0 0.325000 0.006250 0.087500 0.012500
0 0.564844 0.040625 0.087500 0.039062
0 0.565625 0.082812 0.081250 0.037500
0 0.564844 0.126562 0.078125 0.035937
0 0.564844 0.172656 0.087500 0.039062
0 0.661719 0.039844 0.084375 0.040625
0 0.658594 0.085156 0.084375 0.035937
0 0.657031 0.130469 0.079687 0.037500
0 0.668750 0.310937 0.084375 0.045312
0 0.653125 0.357812 0.062500 0.035937
0 0.906250 0.014063 0.082812 0.015625
0 0.910937 0.094531 0.090625 0.039062
0 0.976562 0.138281 0.046875 0.039062
0 0.907031 0.227344 0.081250 0.039062
0 0.901563 0.272656 0.089063 0.039062
0 0.901563 0.360938 0.092188 0.045312
0 0.975781 0.317188 0.048438 0.043750
0 0.935937 0.630469 0.084375 0.042188
0 0.939844 0.917188 0.093750 0.045312
0 0.912500 0.052344 0.089063 0.037500
