0 0.488281 0.743750 0.039844 0.080469
0 0.521094 0.526563 0.039844 0.085156
0 0.543750 0.830469 0.035156 0.086719
0 0.467969 0.533594 0.035156 0.081250
0 0.714063 0.087500 0.036719 0.085938
0 0.927344 0.089063 0.036719 0.079687
0 0.953906 0.535937 0.031250 0.061719
0 0.698438 0.527344 0.039062 0.082031
0 0.630469 0.743750 0.039062 0.086719
0 0.590625 0.742188 0.036719 0.078125
0 0.712500 0.180469 0.040625 0.076563
0 0.578906 0.085156 0.039062 0.080469
0 0.537500 0.171094 0.036719 0.081250
0 0.843750 0.823438 0.041406 0.086719
0 0.671094 0.170313 0.033594 0.084375
0 0.671094 0.085156 0.036719 0.078125
0 0.779687 0.526563 0.040625 0.073438
0 0.758594 0.084375 0.038281 0.090625
0 0.671875 0.747656 0.035937 0.075781
0 0.867188 0.391406 0.039844 0.085156
0 0.521875 0.388281 0.035156 0.071875
1 0.639686 0.500756 0.719000 0.996859
