1 0.934650 0.691064 0.130700 0.617871
1 0.483122 0.500000 0.966244 1.000000
2 0.232813 0.431250 0.212500 0.862500
2 0.565625 0.475000 0.214062 0.907813
3 0.839063 0.485156 0.089063 0.062500
3 0.846875 0.439063 0.089063 0.062500
3 0.750781 0.896094 0.089063 0.062500
3 0.762500 0.851562 0.089063 0.062500
3 0.771875 0.804688 0.089063 0.062500
3 0.780469 0.758594 0.089063 0.062500
3 0.788281 0.714844 0.089063 0.062500
3 0.798438 0.666406 0.089063 0.062500
3 0.810156 0.620313 0.089063 0.062500
2 0.829688 0.528125 0.089063 0.062500
3 0.819531 0.575000 0.089063 0.062500
3 0.874219 0.300000 0.089063 0.062500
3 0.865625 0.344531 0.089063 0.062500
3 0.885938 0.254688 0.089063 0.062500
3 0.856250 0.392188 0.089063 0.062500
3 0.741406 0.942187 0.089063 0.062500
3 0.699219 0.136719 0.089063 0.062500
3 0.914844 0.119531 0.089063 0.062500
3 0.906250 0.164844 0.089063 0.062500
3 0.896875 0.207813 0.089063 0.062500
3 0.574219 0.732031 0.089063 0.062500
3 0.563281 0.775781 0.089063 0.062500
3 0.553906 0.822656 0.089063 0.062500
3 0.535156 0.913281 0.089063 0.062500
3 0.544531 0.868750 0.089063 0.062500
3 0.657813 0.321875 0.089063 0.062500
3 0.669531 0.275000 0.089063 0.062500
3 0.679688 0.229687 0.089063 0.062500
3 0.689063 0.181250 0.089063 0.062500
3 0.565625 0.158594 0.089063 0.062500
3 0.576562 0.110937 0.089063 0.062500
3 0.582812 0.684375 0.089063 0.062500
3 0.554688 0.203906 0.089063 0.062500
3 0.445312 0.754687 0.089063 0.062500
3 0.455469 0.707031 0.089063 0.062500
3 0.467187 0.660937 0.089063 0.062500
3 0.629687 0.456250 0.096875 0.064062
3 0.639844 0.411719 0.096875 0.064062
3 0.620313 0.503125 0.096875 0.064062
3 0.609375 0.547656 0.096875 0.064062
3 0.600781 0.592187 0.096875 0.064062
3 0.600781 0.593750 0.096875 0.064062
3 0.591406 0.638281 0.096875 0.064062
3 0.589063 0.067187 0.096875 0.064062
3 0.705469 0.091406 0.096875 0.064062
3 0.649219 0.364063 0.096875 0.064062
3 0.503906 0.477344 0.096875 0.064062
3 0.514062 0.433594 0.096875 0.064062
3 0.521875 0.387500 0.096875 0.064062
3 0.532031 0.341406 0.096875 0.064062
3 0.542188 0.295312 0.096875 0.064062
3 0.550781 0.250781 0.096875 0.064062
3 0.435156 0.800000 0.096875 0.064062
3 0.464062 0.662500 0.096875 0.064062
3 0.473438 0.617188 0.096875 0.064062
3 0.485156 0.572656 0.096875 0.064062
3 0.493750 0.524219 0.096875 0.064062
3 0.304688 0.340625 0.096875 0.064062
3 0.314844 0.295312 0.096875 0.064062
3 0.418750 0.891406 0.096875 0.064062
3 0.427344 0.843750 0.096875 0.064062
3 0.214062 0.801562 0.096875 0.064062
3 0.223438 0.755469 0.096875 0.064062
3 0.232031 0.710938 0.096875 0.064062
3 0.241406 0.664062 0.096875 0.064062
3 0.247656 0.618750 0.096875 0.064062
3 0.257812 0.569531 0.096875 0.064062
3 0.267969 0.525781 0.096875 0.064062
3 0.277344 0.478906 0.096875 0.064062
3 0.362500 0.064062 0.096875 0.064062
3 0.353906 0.111719 0.096875 0.064062
3 0.345313 0.156250 0.096875 0.064062
3 0.333594 0.202344 0.096875 0.064062
3 0.325000 0.248438 0.096875 0.064062
3 0.204687 0.847656 0.096875 0.064062
3 0.212500 0.227344 0.096875 0.064062
3 0.221094 0.181250 0.096875 0.064062
3 0.232813 0.136719 0.096875 0.064062
3 0.240625 0.089844 0.096875 0.064062
3 0.250000 0.042969 0.096875 0.064062
3 0.257812 0.014844 0.096875 0.029687
3 0.375000 0.025000 0.096875 0.050000
3 0.105469 0.733594 0.096875 0.064062
3 0.116406 0.686719 0.096875 0.064062
3 0.125000 0.642969 0.096875 0.064062
3 0.133594 0.598437 0.096875 0.064062
3 0.143750 0.550000 0.096875 0.064062
3 0.154688 0.506250 0.096875 0.064062
3 0.164062 0.457813 0.096875 0.064062
3 0.183594 0.364844 0.096875 0.064062
3 0.191406 0.318750 0.096875 0.064062
3 0.202344 0.271875 0.096875 0.064062
3 0.089063 0.823438 0.096875 0.064062
3 0.096094 0.778125 0.096875 0.064062
3 0.714063 0.051562 0.090625 0.050000
3 0.598437 0.027344 0.098437 0.053125
3 0.923438 0.086719 0.085938 0.032813
3 0.985938 0.514844 0.028125 0.051562
3 0.990625 0.471094 0.018750 0.051562
3 0.995313 0.420312 0.009375 0.053125
3 0.914062 0.882812 0.040625 0.051562
3 0.932813 0.791406 0.040625 0.051562
3 0.942969 0.744531 0.040625 0.051562
3 0.953125 0.697656 0.040625 0.051562
3 0.962500 0.654687 0.040625 0.051562
3 0.924219 0.835156 0.040625 0.051562
3 0.971875 0.610156 0.040625 0.051562
2 0.980469 0.560156 0.039062 0.051562
3 0.894531 0.972656 0.040625 0.051562
3 0.903906 0.928125 0.040625 0.051562
3 0.728125 0.976562 0.093750 0.046875
2 0.288281 0.432812 0.092188 0.064062
2 0.176563 0.409375 0.101562 0.062500
0 0.992188 0.470313 0.015625 0.046875
0 0.989062 0.517188 0.021875 0.037500
0 0.978906 0.610938 0.023438 0.043750
0 0.968750 0.654687 0.026562 0.042188
0 0.956250 0.696875 0.031250 0.040625
0 0.940625 0.742188 0.043750 0.042188
0 0.938281 0.789844 0.028125 0.037500
0 0.927344 0.835938 0.031250 0.039062
0 0.916406 0.882031 0.032813 0.042188
0 0.907813 0.930469 0.029687 0.035937
0 0.899219 0.974219 0.028125 0.037500
0 0.748437 0.896094 0.096875 0.060937
0 0.766406 0.853125 0.093750 0.056250
0 0.776563 0.804688 0.090625 0.059375
0 0.790625 0.762500 0.084375 0.054688
0 0.806250 0.716406 0.087500 0.057813
0 0.814844 0.623437 0.092188 0.060937
0 0.849219 0.439063 0.096875 0.062500
0 0.902344 0.210938 0.104688 0.060937
0 0.922656 0.119531 0.100000 0.059375
0 0.542969 0.869531 0.096875 0.057813
0 0.552344 0.823438 0.100000 0.053125
0 0.565625 0.778906 0.104688 0.060937
0 0.577344 0.733594 0.106250 0.060937
0 0.591406 0.640625 0.101562 0.057813
0 0.600781 0.591406 0.101562 0.059375
0 0.602344 0.543750 0.096875 0.057813
0 0.655469 0.321094 0.109375 0.062500
0 0.689063 0.184375 0.107813 0.065625
0 0.586719 0.066406 0.100000 0.059375
0 0.539062 0.340625 0.103125 0.062500
0 0.547656 0.390625 0.092188 0.054688
0 0.518750 0.475781 0.090625 0.054688
0 0.494531 0.571094 0.101562 0.059375
0 0.491406 0.617969 0.090625 0.051562
0 0.468750 0.662500 0.096875 0.057813
0 0.460938 0.706250 0.096875 0.057813
0 0.453125 0.755469 0.090625 0.054688
0 0.446875 0.800000 0.090625 0.057813
0 0.435156 0.843750 0.090625 0.054688
0 0.428906 0.896094 0.087500 0.057813
0 0.201563 0.853125 0.101562 0.053125
0 0.218750 0.801562 0.096875 0.057813
0 0.223438 0.749219 0.090625 0.054688
0 0.239844 0.664844 0.092188 0.054688
0 0.257812 0.573438 0.090625 0.051562
0 0.271094 0.528906 0.095312 0.062500
0 0.298438 0.386719 0.101562 0.057813
0 0.311719 0.292969 0.095312 0.057813
0 0.257812 0.010937 0.103125 0.021875
0 0.229687 0.137500 0.098437 0.064062
0 0.217188 0.225000 0.092188 0.057813
0 0.210938 0.273438 0.090625 0.057813
0 0.204687 0.320312 0.093750 0.054688
0 0.192969 0.366406 0.085938 0.048438
0 0.164844 0.458594 0.087500 0.053125
0 0.175000 0.507812 0.090625 0.054688
0 0.147656 0.554688 0.093750 0.054688
0 0.134375 0.594531 0.096875 0.057813
0 0.134375 0.646094 0.090625 0.053125
0 0.124219 0.690625 0.090625 0.057813
0 0.114062 0.735156 0.093750 0.056250
0 0.109375 0.778906 0.096875 0.057813
0 0.090625 0.827344 0.098437 0.059375
