1 0.187302 0.457527 0.374603 0.915053
3 0.118750 0.739844 0.070312 0.107813
3 0.164062 0.751563 0.070312 0.107813
3 0.073438 0.728906 0.070312 0.107813
3 0.031250 0.714844 0.062500 0.107813
3 0.008594 0.703906 0.017188 0.107813
3 0.046875 0.825781 0.070312 0.107813
3 0.093750 0.838281 0.070312 0.107813
3 0.209375 0.762500 0.070312 0.107813
3 0.018750 0.814844 0.037500 0.107813
3 0.180469 0.501563 0.070312 0.107813
3 0.250000 0.413281 0.070312 0.107813
3 0.044531 0.468750 0.070312 0.107813
3 0.090625 0.478906 0.070312 0.107813
3 0.134375 0.489844 0.070312 0.107813
3 0.116406 0.380469 0.070312 0.107813
3 0.160156 0.392188 0.070312 0.107813
3 0.205469 0.402344 0.070312 0.107813
3 0.225781 0.512500 0.070312 0.107813
3 0.220312 0.155469 0.070312 0.107813
3 0.266406 0.167969 0.070312 0.107813
3 0.295312 0.424219 0.070312 0.107813
3 0.070312 0.370312 0.070312 0.107813
3 0.133594 0.041406 0.070312 0.082812
3 0.177344 0.046875 0.070312 0.093750
3 0.224219 0.052344 0.070312 0.104688
3 0.130469 0.133594 0.070312 0.107813
3 0.177344 0.144531 0.070312 0.107813
3 0.312500 0.180469 0.070312 0.107813
3 0.281250 0.064844 0.092188 0.117188
3 0.335409 0.078436 0.064157 0.110538
3 0.092188 0.125781 0.051562 0.101562
0 0.090625 0.508594 0.075000 0.115625
0 0.182812 0.530469 0.064062 0.079687
0 0.315625 0.181250 0.059375 0.093750
0 0.346094 0.078125 0.057813 0.104688
0 0.175781 0.151562 0.064062 0.095312
0 0.132812 0.134375 0.059375 0.096875
0 0.096094 0.121875 0.056250 0.104688
0 0.227344 0.050781 0.062500 0.092188
0 0.182812 0.041406 0.062500 0.082812
0 0.135937 0.037500 0.059375 0.075000
