1 0.500000 0.500000 1.000000 1.000000
3 0.447656 0.519531 0.053125 0.115625
3 0.498437 0.519531 0.053125 0.115625
3 0.548438 0.517969 0.053125 0.115625
3 0.599219 0.517969 0.053125 0.115625
3 0.299219 0.637500 0.053125 0.115625
3 0.348438 0.636719 0.053125 0.115625
3 0.603906 0.635156 0.053125 0.115625
3 0.552344 0.635156 0.053125 0.115625
3 0.500781 0.635938 0.053125 0.115625
3 0.450781 0.634375 0.053125 0.115625
3 0.398438 0.634375 0.053125 0.115625
3 0.046875 0.639844 0.053125 0.115625
3 0.011719 0.642188 0.020313 0.115625
3 0.010937 0.528125 0.020313 0.115625
3 0.043750 0.528125 0.053125 0.115625
3 0.297656 0.523438 0.053125 0.115625
3 0.346094 0.521094 0.053125 0.115625
3 0.396094 0.521094 0.053125 0.115625
3 0.152344 0.857031 0.053125 0.115625
3 0.100781 0.857812 0.053125 0.115625
3 0.854688 0.628906 0.053125 0.115625
3 0.902344 0.511719 0.053125 0.115625
3 0.903906 0.628125 0.053125 0.115625
3 0.851562 0.514062 0.053125 0.115625
3 0.048438 0.956250 0.053125 0.087500
3 0.153125 0.957031 0.053125 0.085938
3 0.098437 0.957812 0.053125 0.084375
3 0.015625 0.858594 0.020313 0.112500
3 0.050000 0.858594 0.053125 0.115625
3 0.544531 0.300781 0.053125 0.115625
3 0.495312 0.300781 0.053125 0.115625
3 0.444531 0.300781 0.053125 0.115625
3 0.015625 0.958594 0.018750 0.082812
3 0.396875 0.301563 0.053125 0.115625
3 0.389844 0.186719 0.053125 0.115625
3 0.442969 0.184375 0.053125 0.115625
3 0.594531 0.183594 0.053125 0.115625
3 0.539844 0.183594 0.053125 0.115625
3 0.847656 0.294531 0.053125 0.115625
3 0.846094 0.180469 0.053125 0.115625
3 0.597656 0.300781 0.053125 0.115625
3 0.294531 0.304688 0.053125 0.115625
3 0.290625 0.191406 0.053125 0.115625
3 0.950000 0.292969 0.053125 0.115625
3 0.949219 0.178125 0.053125 0.115625
3 0.900781 0.294531 0.053125 0.115625
3 0.897656 0.178125 0.053125 0.115625
3 0.007812 0.304688 0.015625 0.115625
3 0.007031 0.192188 0.014063 0.115625
3 0.039844 0.305469 0.053125 0.115625
3 0.039844 0.192188 0.053125 0.115625
3 0.953125 0.512500 0.050000 0.114062
3 0.955469 0.626563 0.050000 0.114062
3 0.245312 0.517188 0.051562 0.101562
3 0.146875 0.650781 0.051562 0.101562
3 0.144531 0.518750 0.051562 0.101562
3 0.197656 0.646875 0.051562 0.101562
3 0.195312 0.517188 0.051562 0.101562
3 0.247656 0.646094 0.051562 0.101562
3 0.202344 0.855469 0.051562 0.101562
3 0.099219 0.648438 0.051562 0.101562
3 0.095312 0.517969 0.051562 0.101562
3 0.650000 0.509375 0.051562 0.101562
3 0.350000 0.853906 0.045312 0.096875
3 0.303125 0.853906 0.051562 0.101562
3 0.251563 0.856250 0.051562 0.101562
3 0.753125 0.638281 0.051562 0.101562
3 0.703125 0.639062 0.051562 0.101562
3 0.699219 0.511719 0.051562 0.101562
3 0.651563 0.636719 0.051562 0.101562
3 0.801562 0.507031 0.051562 0.101562
3 0.802344 0.636719 0.051562 0.101562
3 0.750781 0.508594 0.051562 0.101562
3 0.697656 0.304688 0.051562 0.101562
3 0.747656 0.301563 0.051562 0.101562
3 0.746094 0.172656 0.051562 0.101562
3 0.794531 0.172656 0.051562 0.101562
3 0.798438 0.301563 0.051562 0.101562
3 0.239844 0.181250 0.051562 0.101562
3 0.647656 0.307812 0.051562 0.101562
3 0.645312 0.175781 0.051562 0.101562
3 0.694531 0.175000 0.051562 0.101562
3 0.142969 0.310937 0.051562 0.101562
3 0.140625 0.183594 0.051562 0.101562
3 0.190625 0.182031 0.051562 0.101562
3 0.193750 0.312500 0.051562 0.101562
3 0.241406 0.310937 0.051562 0.101562
3 0.093750 0.313281 0.051562 0.101562
3 0.089844 0.185156 0.051562 0.101562
3 0.627689 0.982289 0.055701 0.031897
3 0.676613 0.973965 0.060237 0.046742
3 0.724688 0.966333 0.066973 0.060286
3 0.775807 0.957992 0.074567 0.075177
3 0.828217 0.951840 0.073463 0.085557
3 0.882571 0.945431 0.073201 0.096490
3 0.931226 0.940983 0.072455 0.103699
3 0.972697 0.933402 0.054605 0.104132
3 0.989062 0.626563 0.021875 0.112500
3 0.987500 0.511719 0.025000 0.114062
3 0.985938 0.292187 0.020313 0.115625
3 0.984375 0.175781 0.020313 0.115625
3 0.492969 0.185156 0.046875 0.115625
0 0.044531 0.867969 0.040625 0.107813
0 0.098437 0.963281 0.040625 0.073438
0 0.153906 0.961719 0.042188 0.076563
0 0.153125 0.858594 0.042188 0.090625
0 0.346094 0.868750 0.046875 0.096875
0 0.293750 0.532813 0.048438 0.103125
0 0.193750 0.525000 0.042188 0.093750
0 0.039062 0.529687 0.043750 0.096875
0 0.006250 0.537500 0.012500 0.087500
0 0.003125 0.299219 0.006250 0.092188
0 0.037500 0.196094 0.039062 0.093750
0 0.085156 0.192969 0.034375 0.084375
0 0.089063 0.309375 0.035937 0.100000
0 0.138281 0.172656 0.035937 0.093750
0 0.188281 0.311719 0.042188 0.096875
0 0.237500 0.314844 0.043750 0.100000
0 0.187500 0.191406 0.035937 0.078125
0 0.237500 0.188281 0.045312 0.092188
0 0.392969 0.316406 0.043750 0.093750
0 0.440625 0.192188 0.048438 0.098437
0 0.490625 0.194531 0.040625 0.090625
0 0.536719 0.175000 0.048438 0.104688
0 0.640625 0.185938 0.043750 0.089063
0 0.692187 0.176563 0.042188 0.090625
2 0.337500 0.250781 0.057813 0.234375
2 0.171875 0.583594 0.195312 0.025000
2 0.728906 0.575000 0.196875 0.025000
2 0.721875 0.240625 0.190625 0.025000
2 0.317954 0.907090 0.268669 0.185821
2 0.164844 0.248438 0.193750 0.021875
