0 0.733594 0.209375 0.082812 0.032813
0 0.735156 0.160156 0.092188 0.040625
0 0.734375 0.111719 0.087500 0.040625
0 0.735938 0.347656 0.084375 0.039062
0 0.734375 0.299219 0.082812 0.040625
0 0.735156 0.064844 0.085938 0.042188
0 0.953906 0.170313 0.087500 0.040625
0 0.953906 0.221875 0.092188 0.043750
0 0.735938 0.396094 0.079687 0.040625
0 0.730469 0.255469 0.087500 0.040625
0 0.562500 0.246094 0.096875 0.043750
0 0.550781 0.297656 0.089063 0.043750
0 0.960156 0.267969 0.079687 0.032813
0 0.734375 0.439063 0.090625 0.046875
0 0.548438 0.112500 0.089063 0.043750
0 0.551562 0.434375 0.076563 0.037500
0 0.338281 0.201563 0.082812 0.037500
0 0.334375 0.150781 0.082812 0.043750
0 0.339062 0.054688 0.079687 0.037500
0 0.544531 0.158594 0.060937 0.039062
0 0.946875 0.125000 0.106250 0.046875
0 0.229687 0.149219 0.085938 0.040625
0 0.224219 0.055469 0.101562 0.042188
0 0.347656 0.434375 0.070312 0.046875
2 0.546875 0.024219 0.104688 0.046875
0 0.330469 0.105469 0.089063 0.040625
0 0.357812 0.292187 0.057813 0.042188
2 0.950000 0.037500 0.100000 0.050000
0 0.785156 0.769531 0.040625 0.082812
0 0.537500 0.350781 0.076563 0.045312
0 0.690625 0.745313 0.043750 0.070312
2 0.224219 0.019531 0.107813 0.039062
0 0.021875 0.424219 0.039062 0.035937
0 0.018750 0.093750 0.010937 0.031250
0 0.028125 0.144531 0.032813 0.034375
0 0.532813 0.389062 0.079687 0.040625
2 0.332813 0.021094 0.103125 0.042188
0 0.742188 0.762500 0.045312 0.065625
0 0.462500 0.737500 0.042188 0.079687
0 0.415625 0.749219 0.046875 0.087500
0 0.832031 0.728125 0.050000 0.095312
0 0.030469 0.010937 0.026562 0.021875
2 0.727344 0.026562 0.090625 0.040625
0 0.032813 0.732031 0.050000 0.104688
0 0.167969 0.733594 0.050000 0.096875
0 0.511719 0.743750 0.046875 0.089063
1 0.302895 0.402507 0.605790 0.805013
1 0.833503 0.406016 0.332993 0.799419
