0 0.939844 0.544531 0.092188 0.046875
0 0.290625 0.014063 0.046875 0.028125
0 0.950000 0.440625 0.093750 0.054688
0 0.942187 0.492969 0.095312 0.051562
0 0.965625 0.255469 0.068750 0.051562
0 0.892188 0.098437 0.085938 0.046875
0 0.873437 0.285938 0.092188 0.046875
0 0.885938 0.192188 0.082812 0.046875
0 0.975000 0.164062 0.050000 0.050000
0 0.621875 0.528125 0.092188 0.046875
0 0.637500 0.385937 0.085938 0.050000
0 0.669531 0.148438 0.082812 0.053125
0 0.958594 0.346094 0.082812 0.054688
0 0.833594 0.467969 0.109375 0.059375
0 0.853906 0.375000 0.085938 0.050000
0 0.646875 0.339844 0.085938 0.050000
0 0.873437 0.236719 0.084375 0.051562
0 0.951562 0.389844 0.085938 0.053125
0 0.650000 0.292969 0.085938 0.050000
0 0.656250 0.247656 0.085938 0.050000
0 0.661719 0.202344 0.079687 0.051562
0 0.930469 0.617188 0.098437 0.051562
0 0.621094 0.437500 0.089063 0.045312
0 0.212500 0.500781 0.053125 0.095312
0 0.890625 0.065625 0.084375 0.032813
0 0.690625 0.050000 0.093750 0.054688
0 0.257812 0.519531 0.053125 0.089063
0 0.292187 0.302344 0.050000 0.084375
0 0.456250 0.916406 0.070312 0.040625
0 0.303906 0.527344 0.054688 0.093750
0 0.382031 0.020313 0.045312 0.040625
0 0.064844 0.829688 0.048438 0.079687
0 0.308594 0.210938 0.051562 0.082812
0 0.460938 0.875781 0.071875 0.045312
0 0.442969 0.989062 0.079687 0.021875
0 0.124219 0.820312 0.048438 0.082812
1 0.215625 0.289062 0.431250 0.578125
1 0.780469 0.339062 0.439063 0.643750
1 0.253906 0.872656 0.507812 0.254688
