1 0.499593 0.912975 0.999186 0.170862
3 0.218750 0.861719 0.103906 0.062500
3 0.219531 0.927344 0.103906 0.068750
3 0.321094 0.928906 0.102344 0.066406
3 0.321875 0.861719 0.103906 0.062500
3 0.524219 0.863281 0.098437 0.063281
3 0.628125 0.861719 0.105469 0.064062
3 0.826562 0.860156 0.098437 0.063281
3 0.925781 0.862500 0.098437 0.063281
3 0.627344 0.928125 0.103906 0.067969
3 0.525781 0.928125 0.099219 0.070312
3 0.826562 0.930469 0.099219 0.070312
3 0.925000 0.930469 0.099219 0.070312
3 0.825781 0.982031 0.095312 0.035937
3 0.922656 0.981250 0.098437 0.037500
3 0.525000 0.981250 0.099219 0.037500
3 0.626563 0.981250 0.100000 0.037500
3 0.321875 0.982031 0.103125 0.035937
3 0.215625 0.981250 0.103125 0.037500
3 0.035937 0.861719 0.071875 0.061719
3 0.035937 0.926562 0.071875 0.067969
3 0.036719 0.980469 0.068750 0.036719
0 0.223438 0.852344 0.081250 0.035937
0 0.317188 0.851562 0.091406 0.042188
0 0.318750 0.983594 0.085938 0.032813
0 0.029687 0.975000 0.054688 0.042188
0 0.536719 0.861719 0.074219 0.040625
0 0.816406 0.982031 0.079687 0.035937
0 0.917188 0.981250 0.091406 0.037500
