0 0.209375 0.719531 0.028906 0.078125
0 0.161719 0.719531 0.037500 0.086719
0 0.114844 0.716406 0.036719 0.083594
0 0.342969 0.725781 0.035156 0.080469
0 0.296094 0.722656 0.035156 0.078125
0 0.069531 0.715625 0.038281 0.082031
0 0.163281 0.931250 0.036719 0.083594
0 0.214062 0.932031 0.038281 0.088281
0 0.389844 0.727344 0.035937 0.075781
0 0.253906 0.717969 0.035937 0.083594
0 0.250000 0.554688 0.039844 0.092188
0 0.300781 0.544531 0.039062 0.085938
0 0.257812 0.944531 0.028906 0.084375
0 0.431250 0.727344 0.042188 0.086719
0 0.121875 0.536719 0.039062 0.084375
0 0.432812 0.550000 0.032813 0.072656
0 0.214062 0.335938 0.034375 0.078125
0 0.166406 0.330469 0.038281 0.078906
0 0.072656 0.331250 0.033594 0.075781
0 0.166406 0.534375 0.037500 0.057813
0 0.120313 0.925000 0.042969 0.107031
0 0.167969 0.228906 0.036719 0.081250
0 0.077344 0.219531 0.038281 0.096875
0 0.440625 0.352344 0.042188 0.067187
2 0.030469 0.532031 0.053906 0.099219
0 0.121875 0.325781 0.035937 0.085156
0 0.302344 0.357812 0.039844 0.054688
2 0.031250 0.935156 0.053906 0.118750
0 0.750000 0.787500 0.078906 0.036719
0 0.352344 0.533594 0.040625 0.073438
0 0.729688 0.696094 0.065625 0.039844
2 0.032813 0.219531 0.055469 0.102344
0 0.441406 0.028906 0.034375 0.054688
0 0.122656 0.014063 0.028906 0.027344
0 0.170313 0.024219 0.032031 0.047656
0 0.390625 0.530469 0.036719 0.075781
2 0.032813 0.325781 0.052344 0.098437
0 0.743750 0.746094 0.061719 0.041406
0 0.729688 0.474219 0.075000 0.037500
0 0.742969 0.428906 0.083594 0.042969
0 0.708594 0.832031 0.091406 0.046094
0 0.032813 0.021875 0.035937 0.043750
2 0.026562 0.707812 0.050000 0.086719
0 0.739062 0.058594 0.100000 0.044531
0 0.735938 0.189062 0.092969 0.045312
0 0.733594 0.521875 0.085156 0.043750
1 0.395603 0.296671 0.791207 0.593342
1 0.390320 0.828338 0.780641 0.318667
