0 0.286719 0.766406 0.045312 0.075000
0 0.305469 0.478906 0.084375 0.039062
0 0.298438 0.388281 0.089063 0.043750
0 0.072656 0.251563 0.101562 0.046875
0 0.450781 0.097656 0.084375 0.042188
0 0.108594 0.388281 0.075000 0.040625
0 0.469531 0.325781 0.089063 0.046875
0 0.469531 0.232031 0.071875 0.043750
0 0.271875 0.160938 0.087500 0.046875
0 0.009375 0.173437 0.018750 0.040625
0 0.484375 0.412500 0.081250 0.045312
0 0.735156 0.397656 0.039062 0.081250
0 0.963281 0.327344 0.043750 0.035937
0 0.461719 0.139063 0.056250 0.032813
0 0.983594 0.600781 0.032813 0.032813
0 0.665625 0.103125 0.071875 0.043750
0 0.584375 0.730469 0.053125 0.101562
0 0.452344 0.013281 0.070312 0.026562
0 0.234703 0.257384 0.080992 0.074416
0 0.012500 0.490625 0.025000 0.040625
1 0.500000 0.416468 1.000000 0.832936
