1 0.472126 0.179354 0.944252 0.358709
3 0.122656 0.232813 0.106250 0.064062
3 0.114844 0.185938 0.106250 0.064062
3 0.108594 0.141406 0.106250 0.064062
3 0.210938 0.146875 0.106250 0.064062
3 0.203906 0.100000 0.106250 0.064062
3 0.196875 0.063281 0.104688 0.051562
3 0.100000 0.096875 0.106250 0.064062
3 0.131250 0.277344 0.106250 0.064062
3 0.435156 0.041406 0.106250 0.064062
3 0.443750 0.085938 0.106250 0.064062
3 0.544531 0.067969 0.106250 0.064062
3 0.551562 0.113281 0.106250 0.064062
3 0.560156 0.157031 0.106250 0.064062
3 0.535937 0.028125 0.106250 0.056250
3 0.429688 0.013281 0.103125 0.026562
3 0.796875 0.114844 0.106250 0.064062
3 0.789062 0.067969 0.106250 0.064062
3 0.781250 0.027344 0.106250 0.054688
3 0.529687 0.004687 0.103125 0.009375
3 0.805469 0.148438 0.103125 0.045312
3 0.222656 0.204687 0.109375 0.087500
3 0.232026 0.260646 0.104988 0.066318
3 0.452344 0.142969 0.107813 0.082812
3 0.463001 0.203963 0.108012 0.071697
3 0.566105 0.193361 0.104965 0.042738
3 0.883594 0.053125 0.095312 0.060937
3 0.891406 0.096094 0.095312 0.060937
3 0.897656 0.129688 0.090625 0.042188
3 0.093750 0.068750 0.100000 0.026562
0 0.125000 0.282031 0.092188 0.050000
0 0.103125 0.142969 0.100000 0.057813
0 0.100781 0.097656 0.098437 0.053125
0 0.100000 0.068750 0.107813 0.031250
0 0.233594 0.267188 0.095312 0.050000
0 0.211719 0.148438 0.092188 0.050000
0 0.204687 0.101562 0.087500 0.050000
0 0.198437 0.058594 0.092188 0.042188
0 0.433594 0.092188 0.098437 0.059375
0 0.431250 0.042969 0.093750 0.054688
0 0.558594 0.163281 0.090625 0.054688
0 0.532031 0.068750 0.100000 0.059375
0 0.526563 0.025000 0.090625 0.050000
0 0.808594 0.148438 0.084375 0.039062
0 0.794531 0.068750 0.089063 0.051562
0 0.781250 0.027344 0.096875 0.054688
0 0.891406 0.096875 0.095312 0.056250
0 0.875781 0.017188 0.092188 0.034375
