0 0.469531 0.207813 0.073438 0.036719
0 0.021875 0.592187 0.033594 0.082031
0 0.380469 0.578906 0.035156 0.080469
0 0.496875 0.770312 0.035156 0.076563
0 0.517969 0.582812 0.032813 0.079687
0 0.196875 0.586719 0.042969 0.078125
0 0.052344 0.885156 0.037500 0.087500
0 0.283594 0.784375 0.032813 0.078125
0 0.467969 0.579688 0.039844 0.082812
0 0.455469 0.775000 0.035156 0.077344
0 0.552344 0.164062 0.080469 0.038281
0 0.151562 0.876563 0.039062 0.085938
0 0.363281 0.782031 0.044531 0.076563
0 0.107813 0.775000 0.042188 0.097656
0 0.282813 0.575781 0.039062 0.082812
0 0.155469 0.582031 0.039062 0.074219
0 0.243750 0.583594 0.037500 0.082031
0 0.328125 0.576562 0.039844 0.083594
0 0.194531 0.777344 0.041406 0.081250
0 0.104688 0.578125 0.039062 0.082031
0 0.326562 0.777344 0.035156 0.078125
0 0.323437 0.876563 0.038281 0.081250
0 0.409375 0.878125 0.038281 0.076563
0 0.100781 0.879687 0.039062 0.086719
0 0.178125 0.252344 0.082812 0.039844
0 0.198437 0.871875 0.040625 0.084375
0 0.235937 0.877344 0.044531 0.082031
0 0.987500 0.714063 0.025000 0.087500
0 0.016406 0.209375 0.031250 0.040625
0 0.267969 0.253125 0.082812 0.038281
0 0.474219 0.292187 0.085938 0.042188
0 0.823438 0.623437 0.042969 0.077344
1 0.499531 0.499593 0.999063 0.999186
