1 0.361719 0.264844 0.722656 0.526563
1 0.960156 0.488281 0.078125 0.976562
3 0.968750 0.016406 0.059375 0.032813
3 0.969531 0.052344 0.059375 0.046875
3 0.969531 0.094531 0.058594 0.043750
3 0.969531 0.133594 0.056250 0.043750
3 0.970313 0.172656 0.057031 0.036719
3 0.970313 0.209375 0.057031 0.043750
3 0.968750 0.252344 0.060156 0.047656
3 0.970313 0.292187 0.057813 0.047656
3 0.975000 0.585156 0.045312 0.082031
3 0.978906 0.789844 0.039844 0.096094
3 0.978906 0.882031 0.040625 0.096094
0 0.971094 0.210156 0.057813 0.039844
0 0.969531 0.253125 0.060156 0.042969
0 0.971875 0.295312 0.056250 0.046875
0 0.981250 0.887500 0.037500 0.088281
3 0.667969 0.123438 0.068750 0.032031
3 0.669531 0.166406 0.078906 0.039844
3 0.093750 0.175781 0.041406 0.086719
3 0.217969 0.162500 0.046094 0.085156
3 0.670312 0.051562 0.091406 0.050781
3 0.670523 0.013829 0.091946 0.027659
3 0.676177 0.092344 0.087287 0.037535
3 0.477071 0.170535 0.046436 0.091268
3 0.435188 0.169862 0.049311 0.095605
3 0.387439 0.167882 0.057799 0.093796
3 0.352374 0.170363 0.041798 0.097910
3 0.312877 0.163505 0.046644 0.091226
3 0.265528 0.164709 0.054257 0.090441
3 0.177120 0.165653 0.044794 0.088734
3 0.134285 0.172309 0.041618 0.088262
3 0.056598 0.178634 0.050764 0.097550
3 0.018384 0.177271 0.036502 0.081921
3 0.011483 0.319941 0.022967 0.078014
3 0.042930 0.309955 0.042248 0.087339
3 0.089322 0.304852 0.042445 0.087323
3 0.132812 0.305469 0.046094 0.089063
3 0.222656 0.303906 0.040625 0.086719
3 0.266406 0.304688 0.043750 0.091406
3 0.309375 0.303906 0.043750 0.092188
3 0.354687 0.304688 0.042188 0.090625
3 0.396094 0.300781 0.040625 0.094531
3 0.439063 0.300000 0.039062 0.091406
3 0.479687 0.300000 0.044531 0.089844
3 0.047656 0.492188 0.038281 0.050000
3 0.086719 0.492188 0.037500 0.045312
3 0.124219 0.492969 0.035937 0.052344
3 0.160156 0.495312 0.040625 0.056250
3 0.239063 0.493750 0.035937 0.053906
3 0.278125 0.492188 0.032031 0.058594
3 0.314844 0.492969 0.035156 0.057813
3 0.350781 0.492969 0.033594 0.057813
3 0.391406 0.491406 0.041406 0.064844
3 0.428125 0.492969 0.031250 0.060937
3 0.460938 0.492969 0.032031 0.060937
3 0.498437 0.493750 0.035937 0.062500
3 0.565625 0.492188 0.034375 0.056250
3 0.600000 0.491406 0.035937 0.059375
3 0.638281 0.489063 0.035937 0.057813
3 0.678125 0.489844 0.031250 0.059375
0 0.097656 0.173437 0.037500 0.089063
0 0.388281 0.181250 0.037500 0.071875
0 0.396875 0.301563 0.030469 0.068750
0 0.482812 0.305469 0.033594 0.060156
0 0.269531 0.300781 0.031250 0.085938
0 0.314844 0.491406 0.027344 0.057031
0 0.389062 0.491406 0.033594 0.062500
0 0.462500 0.492969 0.023438 0.057813
0 0.502344 0.496875 0.027344 0.057813
0 0.564063 0.492188 0.028906 0.059375
0 0.641406 0.493750 0.026562 0.059375
0 0.681250 0.492188 0.032031 0.061719
3 0.677344 0.208594 0.087500 0.044531
2 0.681433 0.246524 0.087621 0.032822
2 0.513366 0.238049 0.022145 0.226581
2 0.713193 0.482269 0.022669 0.080320
3 0.014063 0.491406 0.028125 0.051562
2 0.940620 0.586433 0.022187 0.086114
2 0.962188 0.335660 0.073996 0.024499
