1 0.853793 0.498789 0.292100 0.997578
3 0.816406 0.214062 0.042969 0.094531
3 0.860938 0.214844 0.042969 0.094531
3 0.903125 0.216406 0.042969 0.094531
3 0.881250 0.310156 0.042969 0.094531
3 0.926562 0.311719 0.042969 0.094531
3 0.967187 0.311719 0.042969 0.094531
3 0.946094 0.215625 0.042969 0.094531
3 0.774219 0.215625 0.042969 0.094531
3 0.943750 0.535937 0.042969 0.094531
3 0.900000 0.536719 0.042969 0.094531
3 0.900781 0.632812 0.042969 0.094531
3 0.857031 0.632812 0.042969 0.094531
3 0.815625 0.633594 0.042969 0.094531
3 0.942969 0.632031 0.042969 0.094531
3 0.946094 0.860938 0.042969 0.094531
3 0.982812 0.536719 0.034375 0.095312
3 0.814844 0.860156 0.042969 0.094531
3 0.860156 0.860156 0.042969 0.094531
3 0.902344 0.860938 0.042969 0.094531
3 0.982812 0.632812 0.034375 0.096094
3 0.782813 0.862500 0.025781 0.094531
3 0.826562 0.311719 0.067187 0.092969
3 0.772717 0.311697 0.047063 0.094077
3 0.846875 0.535156 0.063281 0.092188
3 0.788526 0.537706 0.054252 0.098330
3 0.781637 0.633027 0.026901 0.095853
3 0.859375 0.954688 0.043750 0.090625
3 0.983594 0.954688 0.032813 0.090625
3 0.945312 0.954688 0.043750 0.090625
3 0.818750 0.954688 0.043750 0.090625
3 0.985156 0.860156 0.028906 0.094531
3 0.785156 0.954688 0.025781 0.087500
3 0.985156 0.215625 0.029687 0.094531
3 0.776563 0.016406 0.040625 0.032813
3 0.985156 0.017188 0.029687 0.034375
3 0.816406 0.016406 0.039062 0.032813
3 0.860938 0.016406 0.040625 0.032813
3 0.903125 0.016406 0.040625 0.032813
3 0.948438 0.017188 0.040625 0.033594
3 0.735094 0.017400 0.046061 0.034800
0 0.770312 0.209375 0.033594 0.082031
0 0.903125 0.210938 0.039844 0.089063
0 0.945312 0.216406 0.035937 0.087500
0 0.982812 0.220312 0.034375 0.103125
0 0.766406 0.311719 0.032031 0.085938
0 0.879687 0.310937 0.033594 0.082031
0 0.925000 0.311719 0.033594 0.078125
0 0.968750 0.313281 0.032813 0.083594
0 0.896094 0.526563 0.042188 0.087500
0 0.942187 0.532031 0.039062 0.082812
0 0.808594 0.630469 0.038281 0.078906
0 0.902344 0.621875 0.041406 0.087500
0 0.945312 0.625000 0.039062 0.079687
0 0.782813 0.864844 0.024219 0.077344
0 0.858594 0.865625 0.035156 0.080469
0 0.900000 0.860156 0.039844 0.086719
0 0.947656 0.863281 0.035937 0.082031
0 0.985938 0.859375 0.028125 0.087500
0 0.816406 0.952344 0.040625 0.087500
0 0.902344 0.953125 0.036719 0.082812
0 0.985156 0.953125 0.029687 0.086719
