1 0.509054 0.760963 0.981893 0.478073
1 0.070589 0.272743 0.141179 0.438049
3 0.061719 0.313281 0.101562 0.060937
3 0.069531 0.360156 0.103125 0.062500
3 0.873437 0.842969 0.101562 0.060937
3 0.866406 0.797656 0.101562 0.060937
3 0.041406 0.124219 0.082812 0.060937
3 0.046094 0.171094 0.092188 0.060937
3 0.050000 0.217969 0.100000 0.060937
3 0.054688 0.265625 0.101562 0.060937
3 0.080469 0.453906 0.101562 0.060937
3 0.075000 0.407813 0.101562 0.059375
3 0.039062 0.081250 0.078125 0.053125
3 0.886719 0.931250 0.100000 0.051562
3 0.790625 0.944531 0.100000 0.051562
3 0.878906 0.889062 0.101562 0.060937
3 0.783594 0.903125 0.101562 0.060937
3 0.776563 0.858594 0.101562 0.060937
3 0.770312 0.813281 0.101562 0.060937
3 0.744531 0.632031 0.101562 0.060937
3 0.840625 0.616406 0.101562 0.060937
3 0.846094 0.661719 0.101562 0.060937
3 0.748437 0.675781 0.101562 0.060937
3 0.504687 0.664844 0.101562 0.060937
3 0.512500 0.710938 0.101562 0.060937
3 0.736719 0.589063 0.101562 0.060937
3 0.832031 0.569531 0.101562 0.060937
3 0.539062 0.892969 0.101562 0.060937
3 0.532031 0.850000 0.101562 0.060937
3 0.525781 0.802344 0.101562 0.060937
3 0.498437 0.620313 0.100000 0.060937
3 0.762500 0.769531 0.101562 0.060937
3 0.860156 0.750781 0.101562 0.060937
3 0.553125 0.975781 0.100000 0.048438
3 0.545312 0.937500 0.101562 0.060937
2 0.791406 0.719531 0.189062 0.068750
2 0.450000 0.766406 0.226562 0.076563
3 0.452344 0.983594 0.104688 0.032813
3 0.405469 0.678906 0.104688 0.057813
3 0.411719 0.725781 0.104688 0.057813
3 0.447656 0.951562 0.104688 0.057813
3 0.440625 0.905469 0.104688 0.057813
3 0.433594 0.861719 0.104688 0.057813
3 0.425000 0.816406 0.104688 0.057813
3 0.400000 0.634375 0.104688 0.057813
3 0.187500 0.892969 0.093750 0.056250
3 0.166406 0.713281 0.093750 0.057813
3 0.157812 0.667969 0.093750 0.057813
3 0.197656 0.939063 0.093750 0.056250
3 0.201563 0.977344 0.093750 0.045312
3 0.182812 0.846094 0.093750 0.057813
3 0.176563 0.803125 0.093750 0.057813
3 0.171875 0.760156 0.093750 0.057813
3 0.092969 0.861719 0.093750 0.056250
3 0.101562 0.906250 0.093750 0.056250
3 0.107031 0.951562 0.093750 0.057813
3 0.115625 0.983594 0.093750 0.032813
3 0.067187 0.680469 0.093750 0.057813
3 0.074219 0.727344 0.093750 0.056250
3 0.079687 0.771094 0.093750 0.056250
3 0.088281 0.817969 0.093750 0.056250
2 0.994531 0.682031 0.010937 0.057813
0 0.892969 0.932813 0.085938 0.043750
0 0.869531 0.799219 0.092188 0.056250
0 0.842187 0.665625 0.084375 0.050000
0 0.833594 0.620313 0.082812 0.050000
0 0.735156 0.635156 0.092188 0.050000
0 0.767969 0.815625 0.082812 0.048438
0 0.775000 0.854688 0.089063 0.048438
0 0.780469 0.898438 0.092188 0.050000
0 0.792188 0.945312 0.092188 0.050000
0 0.546094 0.935156 0.092188 0.050000
0 0.539844 0.893750 0.085938 0.046875
0 0.532813 0.850000 0.082812 0.045312
0 0.525781 0.803906 0.092188 0.050000
0 0.450781 0.951562 0.089063 0.050000
0 0.446875 0.906250 0.089063 0.045312
0 0.441406 0.860938 0.085938 0.048438
0 0.400000 0.683594 0.089063 0.054688
0 0.409375 0.634375 0.067187 0.042188
0 0.194531 0.936719 0.095312 0.050000
0 0.102344 0.905469 0.092188 0.051562
0 0.177344 0.803906 0.085938 0.050000
0 0.175781 0.758594 0.095312 0.050000
0 0.161719 0.670312 0.098437 0.057813
0 0.075781 0.727344 0.089063 0.051562
0 0.086719 0.408594 0.089063 0.051562
0 0.042969 0.125000 0.085938 0.056250
0 0.200000 0.976562 0.093750 0.046875
