0 0.207813 0.984375 0.056250 0.031250
0 0.470313 0.323437 0.057813 0.085938
0 0.090625 0.105469 0.043750 0.053125
0 0.412500 0.035937 0.046875 0.062500
0 0.298438 0.379688 0.057813 0.085938
0 0.383594 0.340625 0.054688 0.087500
0 0.176563 0.704688 0.054688 0.092188
0 0.182812 0.924219 0.056250 0.092188
0 0.200781 0.385156 0.056250 0.096875
0 0.338281 0.349219 0.053125 0.093750
0 0.364844 0.042969 0.039062 0.053125
0 0.269531 0.890625 0.048438 0.082812
0 0.131250 0.713281 0.053125 0.093750
0 0.408594 0.239063 0.053125 0.090625
0 0.231250 0.695312 0.056250 0.096875
0 0.520312 0.943750 0.056250 0.093750
0 0.565625 0.928906 0.051562 0.092188
0 0.581250 0.196094 0.053125 0.090625
0 0.451562 0.643750 0.054688 0.090625
0 0.024219 0.420312 0.048438 0.096875
0 0.610156 0.913281 0.057813 0.090625
0 0.035156 0.297656 0.053125 0.092188
0 0.291406 0.578125 0.059375 0.093750
0 0.314844 0.673438 0.057813 0.098437
0 0.546094 0.834375 0.056250 0.096875
0 0.450781 0.854688 0.059375 0.096875
0 0.157031 0.600781 0.050000 0.079687
0 0.364063 0.667188 0.056250 0.093750
0 0.425781 0.546094 0.062500 0.098437
0 0.585938 0.817187 0.050000 0.087500
0 0.602344 0.292187 0.057813 0.093750
0 0.176563 0.272656 0.054688 0.096875
0 0.317969 0.055469 0.040625 0.056250
0 0.178906 0.089063 0.046875 0.060937
0 0.223438 0.263281 0.060937 0.103125
0 0.245312 0.365625 0.057813 0.096875
0 0.400781 0.861719 0.056250 0.093750
0 0.341406 0.561719 0.053125 0.076563
0 0.646094 0.506250 0.053125 0.078125
0 0.882031 0.737500 0.067187 0.125000
0 0.314844 0.251563 0.057813 0.089063
0 0.032031 0.646094 0.039062 0.081250
1 0.477905 0.500000 0.955811 1.000000
