0 0.617188 0.911719 0.084375 0.040625
0 0.615625 0.861719 0.087500 0.043750
0 0.954688 0.780469 0.064062 0.039062
0 0.158594 0.938281 0.092188 0.042188
0 0.164844 0.888281 0.082812 0.042188
0 0.612500 0.992188 0.078125 0.015625
0 0.269531 0.982031 0.081250 0.017188
0 0.516406 0.861719 0.087500 0.046875
0 0.264844 0.709375 0.081250 0.045312
0 0.274219 0.852344 0.082812 0.043750
0 0.173437 0.659375 0.093750 0.048438
0 0.272656 0.665625 0.078125 0.042188
0 0.164844 0.973437 0.082812 0.023438
0 0.164844 0.849219 0.073438 0.037500
0 0.517969 0.815625 0.079687 0.042188
1 0.500000 0.503104 1.000000 0.993792
