1 0.500000 0.562036 1.000000 0.875928
2 0.956206 0.246421 0.087589 0.052340
2 0.794639 0.988304 0.120338 0.023392
2 0.494884 0.934796 0.193282 0.067197
2 0.158626 0.861988 0.188010 0.068397
3 0.984375 0.389844 0.031250 0.054688
3 0.860938 0.646094 0.103125 0.062500
3 0.850781 0.690625 0.103125 0.062500
3 0.839063 0.735156 0.103125 0.062500
3 0.831250 0.780469 0.103125 0.062500
3 0.821094 0.825781 0.103125 0.062500
3 0.811719 0.871875 0.103125 0.062500
3 0.800781 0.917188 0.103125 0.062500
3 0.790625 0.960938 0.103125 0.062500
3 0.911719 0.419531 0.103125 0.062500
3 0.902344 0.464844 0.103125 0.062500
3 0.890625 0.509375 0.103125 0.062500
3 0.880469 0.555469 0.103125 0.062500
3 0.871875 0.602344 0.103125 0.062500
3 0.968750 0.529687 0.062500 0.056250
3 0.973437 0.482812 0.053125 0.056250
3 0.942187 0.284375 0.103125 0.062500
3 0.978906 0.435937 0.042188 0.056250
3 0.932031 0.328125 0.103125 0.062500
3 0.922656 0.372656 0.103125 0.062500
3 0.933594 0.710156 0.071875 0.056250
3 0.943750 0.666406 0.070312 0.056250
3 0.953906 0.620313 0.070312 0.056250
3 0.963281 0.574219 0.070312 0.056250
3 0.894531 0.892188 0.073438 0.056250
3 0.904687 0.844531 0.073438 0.056250
3 0.885156 0.935937 0.073438 0.056250
3 0.914062 0.800000 0.073438 0.056250
3 0.922656 0.753906 0.073438 0.056250
3 0.584375 0.300781 0.103125 0.062500
3 0.595313 0.255469 0.103125 0.062500
3 0.692187 0.278125 0.103125 0.062500
3 0.875000 0.975000 0.075000 0.050000
3 0.546094 0.481250 0.104688 0.065625
3 0.556250 0.435937 0.103125 0.062500
3 0.566406 0.392188 0.103125 0.062500
3 0.575000 0.346094 0.103125 0.062500
3 0.536719 0.526563 0.104688 0.065625
3 0.495312 0.707031 0.104688 0.065625
3 0.504687 0.662500 0.104688 0.065625
3 0.516406 0.615625 0.104688 0.065625
3 0.525781 0.570312 0.104688 0.065625
3 0.632812 0.548438 0.104688 0.064062
3 0.643750 0.503125 0.104688 0.065625
3 0.654687 0.457813 0.104688 0.065625
3 0.665625 0.412500 0.104688 0.065625
3 0.675000 0.367969 0.104688 0.065625
3 0.682813 0.321875 0.104688 0.065625
3 0.603906 0.682031 0.104688 0.065625
3 0.614844 0.637500 0.104688 0.065625
3 0.625000 0.592969 0.104688 0.065625
3 0.562500 0.866406 0.104688 0.065625
3 0.474219 0.797656 0.104688 0.065625
3 0.572656 0.819531 0.104688 0.065625
3 0.592969 0.727344 0.104688 0.065625
3 0.603906 0.207813 0.104688 0.065625
3 0.457031 0.889062 0.104688 0.065625
3 0.551562 0.914844 0.104688 0.065625
3 0.466406 0.842969 0.104688 0.065625
3 0.225781 0.790625 0.104688 0.065625
3 0.236719 0.744531 0.104688 0.065625
3 0.254688 0.653906 0.104688 0.065625
3 0.266406 0.609375 0.104688 0.065625
3 0.277344 0.563281 0.104688 0.065625
3 0.287500 0.517188 0.104688 0.065625
3 0.130469 0.770312 0.104688 0.065625
3 0.117188 0.812500 0.104688 0.065625
3 0.214844 0.839063 0.104688 0.065625
3 0.170313 0.587500 0.104688 0.065625
3 0.159375 0.630469 0.104688 0.065625
3 0.139063 0.722656 0.104688 0.065625
3 0.309375 0.428125 0.104688 0.065625
3 0.214062 0.382812 0.104688 0.065625
3 0.307031 0.425781 0.104688 0.065625
3 0.297656 0.471875 0.104688 0.065625
3 0.200000 0.453906 0.104688 0.065625
3 0.188281 0.496094 0.104688 0.065625
3 0.180469 0.540625 0.104688 0.065625
3 0.359375 0.197656 0.106250 0.071875
3 0.348438 0.247656 0.104688 0.065625
3 0.340625 0.292187 0.104688 0.065625
3 0.235156 0.295312 0.104688 0.065625
3 0.328906 0.336719 0.104688 0.065625
3 0.226562 0.339844 0.104688 0.065625
3 0.317969 0.383594 0.104688 0.065625
3 0.246875 0.235937 0.114062 0.087500
3 0.257478 0.181625 0.111544 0.064674
2 0.247656 0.700000 0.107813 0.068750
2 0.142969 0.677344 0.112500 0.070312
2 0.512500 0.760156 0.251563 0.098437
2 0.989300 0.317667 0.021401 0.094614
2 0.952935 0.604935 0.094129 0.359521
2 0.675216 0.226032 0.158029 0.079351
0 0.904687 0.847656 0.071875 0.053125
0 0.715625 0.318750 0.084375 0.064062
0 0.675000 0.409375 0.085938 0.067187
0 0.634375 0.544531 0.093750 0.059375
0 0.614844 0.635938 0.095312 0.056250
0 0.599219 0.683594 0.101562 0.062500
0 0.507812 0.659375 0.098437 0.060937
0 0.493750 0.703906 0.087500 0.060937
0 0.362500 0.198437 0.093750 0.057813
0 0.335938 0.338281 0.100000 0.059375
0 0.319531 0.380469 0.098437 0.059375
0 0.302344 0.471094 0.090625 0.059375
0 0.271875 0.605469 0.095312 0.060937
0 0.228125 0.739844 0.093750 0.057813
0 0.218750 0.783594 0.089063 0.056250
0 0.124219 0.764844 0.098437 0.060937
0 0.169531 0.579688 0.084375 0.054688
0 0.179688 0.542969 0.095312 0.057813
0 0.184375 0.497656 0.098437 0.059375
0 0.203125 0.453906 0.092188 0.064062
0 0.211719 0.385156 0.100000 0.057813
0 0.225000 0.335938 0.090625 0.059375
0 0.235156 0.290625 0.092188 0.060937
0 0.259375 0.172656 0.100000 0.048438
0 0.307812 0.425000 0.101562 0.062500
3 0.208594 0.417969 0.103125 0.042188
