0 0.504687 0.619531 0.046875 0.093750
0 0.435937 0.611719 0.053125 0.089063
0 0.335156 0.607031 0.053125 0.090625
0 0.014844 0.667969 0.029687 0.079687
0 0.424219 0.921094 0.051562 0.085938
0 0.491406 0.324219 0.051562 0.084375
0 0.300000 0.382812 0.046875 0.085938
0 0.437500 0.403906 0.051562 0.084375
0 0.311719 0.286719 0.045312 0.085938
0 0.082031 0.352344 0.050000 0.081250
0 0.098437 0.675000 0.046875 0.082812
0 0.243750 0.900000 0.048438 0.085938
0 0.154688 0.895312 0.051562 0.085938
0 0.185938 0.684375 0.048438 0.089063
0 0.341406 0.389844 0.050000 0.082812
0 0.358594 0.305469 0.048438 0.085938
0 0.363281 0.717969 0.054688 0.103125
0 0.388281 0.611719 0.051562 0.095312
0 0.253906 0.382031 0.048438 0.084375
0 0.061719 0.881250 0.048438 0.089063
0 0.071875 0.568750 0.053125 0.081250
0 0.160938 0.585156 0.051562 0.081250
0 0.337500 0.919531 0.050000 0.085938
0 0.200781 0.897656 0.048438 0.084375
0 0.248438 0.596094 0.057813 0.090625
0 0.275781 0.701562 0.051562 0.084375
0 0.140625 0.685156 0.048438 0.085938
0 0.286719 0.910156 0.048438 0.079687
0 0.286719 0.607812 0.051562 0.082812
0 0.110156 0.889062 0.051562 0.084375
0 0.539062 0.100781 0.043750 0.067187
0 0.186719 0.047656 0.054688 0.085938
1 0.325781 0.492969 0.651563 0.985938
