0 0.750000 0.518750 0.095312 0.056250
0 0.503906 0.521094 0.100000 0.056250
0 0.836719 0.592969 0.101562 0.051562
0 0.520312 0.463281 0.095312 0.053125
0 0.018750 0.667969 0.037500 0.048438
0 0.446094 0.988281 0.070312 0.023438
0 0.477344 0.717187 0.095312 0.056250
0 0.728125 0.675781 0.101562 0.056250
0 0.732812 0.631250 0.092188 0.053125
0 0.090625 0.678906 0.090625 0.057813
0 0.026562 0.516406 0.053125 0.051562
0 0.107813 0.483594 0.095312 0.053125
0 0.782813 0.924219 0.103125 0.059375
0 0.085938 0.631250 0.098437 0.051562
0 0.017969 0.619531 0.035937 0.048438
0 0.464062 0.807031 0.087500 0.056250
0 0.014844 0.716406 0.029687 0.051562
0 0.725781 0.722656 0.089063 0.051562
0 0.300000 0.882812 0.100000 0.057813
0 0.350781 0.499219 0.085938 0.050000
1 0.500000 0.594598 1.000000 0.810803
