0 0.975781 0.057813 0.042188 0.068750
0 0.504687 0.677344 0.046875 0.085938
0 0.830469 0.992969 0.039062 0.014063
0 0.479687 0.978906 0.039062 0.042188
0 0.698438 0.670312 0.048438 0.085938
0 0.599219 0.684375 0.043750 0.089063
0 0.917969 0.372656 0.042188 0.092188
0 0.977344 0.145313 0.045312 0.092188
0 0.800000 0.692187 0.045312 0.098437
0 0.647656 0.689844 0.042188 0.095312
0 0.531250 0.984375 0.034375 0.031250
0 0.878125 0.154688 0.035937 0.084375
0 0.967187 0.376563 0.042188 0.095312
0 0.543750 0.781250 0.040625 0.092188
0 0.859375 0.366406 0.045312 0.096875
0 0.634375 0.039844 0.042188 0.068750
0 0.584375 0.039844 0.037500 0.073438
0 0.353125 0.775781 0.042188 0.092188
0 0.618750 0.353906 0.042188 0.092188
0 0.982031 0.710156 0.020313 0.095312
0 0.534375 0.038281 0.043750 0.076563
0 0.944531 0.831250 0.042188 0.092188
0 0.763281 0.469531 0.048438 0.095312
0 0.767188 0.364063 0.045312 0.100000
0 0.577344 0.131250 0.043750 0.098437
0 0.681250 0.137500 0.048438 0.098437
0 0.908594 0.484375 0.042188 0.079687
0 0.714844 0.355469 0.045312 0.095312
0 0.616406 0.461719 0.051562 0.098437
0 0.531250 0.136719 0.039062 0.089063
0 0.359375 0.671094 0.045312 0.095312
0 0.790625 0.815625 0.043750 0.100000
0 0.582031 0.983594 0.032813 0.032813
0 0.735156 0.986719 0.039062 0.026562
0 0.740625 0.811719 0.048438 0.104688
0 0.748437 0.700000 0.045312 0.098437
0 0.734375 0.145313 0.045312 0.093750
0 0.707031 0.471094 0.043750 0.076563
0 0.378906 0.438281 0.043750 0.076563
0 0.204687 0.131250 0.051562 0.126562
0 0.642969 0.796094 0.048438 0.089063
1 0.556536 0.500000 0.886929 1.000000
