1 0.499593 0.662454 0.999186 0.673453
2 0.729688 0.662500 0.065625 0.666406
2 0.378906 0.692969 0.022656 0.178125
2 0.073438 0.692187 0.021875 0.182812
3 0.431250 0.361719 0.110156 0.066406
3 0.132812 0.431250 0.110156 0.066406
3 0.430469 0.432031 0.110156 0.066406
3 0.321875 0.429688 0.110156 0.066406
3 0.321875 0.360938 0.110156 0.066406
3 0.037500 0.360156 0.075000 0.067187
3 0.037500 0.429688 0.075000 0.071094
3 0.132031 0.362500 0.110156 0.066406
3 0.638281 0.430469 0.110156 0.066406
3 0.638281 0.362500 0.110156 0.066406
3 0.972656 0.362500 0.054688 0.065625
3 0.820312 0.429688 0.110156 0.066406
3 0.821094 0.363281 0.110156 0.066406
3 0.973437 0.430469 0.053125 0.070312
3 0.125781 0.488281 0.101562 0.042969
3 0.125781 0.946875 0.101562 0.042969
3 0.126562 0.902344 0.101562 0.042969
3 0.126562 0.854688 0.101562 0.042969
3 0.126562 0.808594 0.101562 0.042969
3 0.127344 0.576562 0.101562 0.042969
3 0.432812 0.488281 0.105469 0.044531
3 0.128125 0.533594 0.101562 0.042969
3 0.325000 0.532813 0.102344 0.046875
3 0.324219 0.578906 0.103125 0.046094
3 0.430469 0.578906 0.106250 0.045312
3 0.431250 0.533594 0.106250 0.047656
3 0.323437 0.489063 0.102344 0.046875
3 0.431250 0.807813 0.107813 0.046875
3 0.323437 0.946094 0.107813 0.046875
3 0.433594 0.899219 0.107813 0.046875
3 0.322656 0.900000 0.107813 0.046875
3 0.432031 0.855469 0.107813 0.046875
3 0.322656 0.854688 0.107813 0.046875
3 0.322656 0.808594 0.107813 0.046875
3 0.432812 0.947656 0.107813 0.046875
3 0.323437 0.984375 0.108594 0.029687
3 0.432812 0.985156 0.105469 0.029687
3 0.437500 0.626563 0.093750 0.042969
3 0.318750 0.625781 0.093750 0.042969
3 0.439063 0.671094 0.093750 0.042969
3 0.438281 0.715625 0.093750 0.042969
3 0.438281 0.761719 0.093750 0.042969
3 0.131250 0.622656 0.093750 0.042969
3 0.317969 0.671094 0.093750 0.042969
3 0.318750 0.718750 0.093750 0.042969
3 0.318750 0.760938 0.093750 0.042969
3 0.644531 0.533594 0.093750 0.042969
3 0.132031 0.761719 0.093750 0.042969
3 0.131250 0.716406 0.093750 0.042969
3 0.130469 0.671094 0.093750 0.042969
3 0.645312 0.901563 0.093750 0.042969
3 0.645312 0.948438 0.093750 0.042969
3 0.648438 0.671875 0.093750 0.042969
3 0.646094 0.626563 0.093750 0.042969
3 0.646094 0.717187 0.093750 0.042969
3 0.646094 0.764844 0.093750 0.042969
3 0.646875 0.579688 0.093750 0.042969
3 0.644531 0.488281 0.093750 0.042969
3 0.646094 0.811719 0.093750 0.042969
3 0.647656 0.856250 0.093750 0.042969
3 0.814063 0.810156 0.093750 0.042969
3 0.813281 0.763281 0.093750 0.042969
3 0.812500 0.717187 0.093750 0.042969
3 0.812500 0.671875 0.093750 0.042969
3 0.811719 0.625000 0.093750 0.042969
3 0.813281 0.580469 0.093750 0.042969
3 0.814063 0.535156 0.093750 0.042969
3 0.810937 0.488281 0.093750 0.042969
3 0.813281 0.946094 0.093750 0.042969
3 0.814844 0.900781 0.093750 0.042969
3 0.814844 0.856250 0.093750 0.042969
3 0.811719 0.982812 0.095312 0.031250
3 0.646094 0.985938 0.094531 0.028125
3 0.973437 0.489844 0.053125 0.041406
3 0.973437 0.668750 0.052344 0.041406
3 0.973437 0.716406 0.052344 0.041406
3 0.973437 0.761719 0.052344 0.041406
3 0.973437 0.807031 0.052344 0.041406
3 0.973437 0.853125 0.052344 0.042969
3 0.973437 0.900000 0.052344 0.041406
3 0.973437 0.946094 0.052344 0.041406
3 0.973437 0.623437 0.052344 0.047656
3 0.973437 0.576562 0.052344 0.041406
3 0.973437 0.535937 0.052344 0.041406
3 0.031250 0.623437 0.059375 0.042188
3 0.029687 0.668750 0.059375 0.043750
3 0.031250 0.716406 0.059375 0.042188
3 0.029687 0.763281 0.059375 0.042188
3 0.038281 0.531250 0.073438 0.046094
3 0.036719 0.577344 0.073438 0.045312
3 0.036719 0.486719 0.073438 0.045312
3 0.037500 0.807031 0.071875 0.045312
3 0.973437 0.984375 0.053125 0.031250
3 0.038281 0.984375 0.076563 0.030469
3 0.126562 0.984375 0.098437 0.031250
3 0.035937 0.899219 0.071875 0.045312
3 0.035156 0.945312 0.070312 0.043750
0 0.035937 0.361719 0.066406 0.040625
0 0.034375 0.575781 0.065625 0.038281
0 0.125000 0.576562 0.082031 0.035156
0 0.032031 0.662500 0.061719 0.044531
0 0.129688 0.666406 0.081250 0.036719
0 0.035937 0.714063 0.058594 0.035937
0 0.125781 0.712500 0.087500 0.040625
0 0.127344 0.798438 0.090625 0.038281
0 0.032031 0.850781 0.063281 0.035156
0 0.123438 0.853125 0.083594 0.037500
0 0.119531 0.899219 0.089844 0.039062
0 0.033594 0.984375 0.061719 0.028906
0 0.123438 0.985938 0.088281 0.028125
0 0.320312 0.485156 0.084375 0.038281
0 0.415625 0.485156 0.087500 0.035937
0 0.329688 0.529687 0.082812 0.039062
0 0.425000 0.533594 0.082812 0.035156
0 0.428125 0.572656 0.087500 0.041406
0 0.322656 0.621875 0.085938 0.042188
0 0.321094 0.672656 0.086719 0.039844
0 0.319531 0.802344 0.078125 0.041406
0 0.335938 0.896875 0.082031 0.039844
0 0.422656 0.890625 0.082812 0.032813
0 0.427344 0.944531 0.092969 0.037500
0 0.653125 0.354687 0.085156 0.040625
0 0.647656 0.485156 0.087500 0.035937
0 0.650000 0.718750 0.073438 0.039844
0 0.648438 0.803125 0.075000 0.036719
0 0.798438 0.849219 0.083594 0.039844
0 0.803906 0.667188 0.087500 0.040625
0 0.800000 0.576562 0.082812 0.035156
0 0.805469 0.531250 0.087500 0.038281
0 0.815625 0.485156 0.084375 0.039844
0 0.975000 0.761719 0.050000 0.039062
