1 0.893238 0.484549 0.213524 0.969098
3 0.887500 0.750000 0.073438 0.110937
3 0.953125 0.743750 0.079687 0.112500
3 0.946094 0.639844 0.078125 0.110937
3 0.878125 0.645312 0.073438 0.110937
3 0.860938 0.439063 0.073438 0.104688
3 0.850781 0.333594 0.075000 0.112500
3 0.832031 0.132031 0.073438 0.104688
3 0.824219 0.041406 0.073438 0.082812
3 0.917969 0.328906 0.078125 0.112500
3 0.927344 0.432031 0.079687 0.106250
3 0.902344 0.125000 0.079687 0.106250
3 0.892969 0.039062 0.079687 0.078125
3 0.953125 0.122656 0.039062 0.100000
3 0.943750 0.036719 0.040625 0.073438
3 0.978125 0.428906 0.043750 0.104688
3 0.970313 0.325000 0.042188 0.106250
3 0.988281 0.633594 0.023438 0.104688
3 0.992188 0.741406 0.015625 0.107813
3 0.902344 0.932813 0.068750 0.070312
3 0.965625 0.928125 0.068750 0.071875
0 0.877344 0.746094 0.045312 0.085938
0 0.868750 0.650781 0.051562 0.096875
0 0.990625 0.638281 0.018750 0.089063
0 0.859375 0.427344 0.046875 0.078125
0 0.953906 0.132031 0.037500 0.084375
0 0.942969 0.039062 0.042188 0.078125
