0 0.989062 0.096094 0.021875 0.039062
0 0.811719 0.147656 0.106250 0.057813
0 0.962500 0.458594 0.075000 0.051562
0 0.974219 0.272656 0.051562 0.054688
0 0.939844 0.598437 0.089063 0.051562
0 0.713281 0.070312 0.090625 0.050000
0 0.750000 0.545312 0.082812 0.050000
0 0.950781 0.550781 0.092188 0.053125
0 0.703906 0.171875 0.096875 0.059375
0 0.776563 0.317188 0.089063 0.064062
0 0.764062 0.407031 0.084375 0.057813
0 0.970313 0.363281 0.059375 0.051562
0 0.974219 0.318750 0.051562 0.050000
0 0.980469 0.228125 0.039062 0.053125
0 0.967187 0.409375 0.065625 0.050000
0 0.753906 0.501563 0.087500 0.053125
0 0.799219 0.228906 0.093750 0.067187
0 0.985156 0.178906 0.029687 0.054688
0 0.709375 0.119531 0.089063 0.056250
0 0.776563 0.364844 0.095312 0.065625
0 0.656250 0.437500 0.087500 0.054688
0 0.675781 0.347656 0.087500 0.057813
0 0.686719 0.262500 0.093750 0.054688
0 0.476562 0.200781 0.095312 0.051562
0 0.702344 0.221875 0.090625 0.056250
0 0.438281 0.419531 0.085938 0.051562
0 0.502344 0.062500 0.090625 0.054688
0 0.382031 0.182031 0.087500 0.054688
0 0.425000 0.016406 0.087500 0.032813
0 0.399219 0.136719 0.087500 0.054688
0 0.487500 0.157031 0.085938 0.051562
0 0.418750 0.503125 0.090625 0.057813
0 0.470313 0.245312 0.089063 0.051562
0 0.839844 0.905469 0.079687 0.050000
0 0.438182 0.708982 0.055399 0.090422
0 0.345697 0.694962 0.052206 0.097423
0 0.131839 0.301999 0.085152 0.052936
1 0.516118 0.500000 0.967764 1.000000
