0 0.021875 0.090625 0.033594 0.078906
0 0.109375 0.279687 0.039844 0.095312
0 0.378906 0.078125 0.035937 0.078125
0 0.198437 0.085938 0.038281 0.079687
0 0.515625 0.082812 0.036719 0.081250
0 0.052344 0.385937 0.035156 0.082812
0 0.497656 0.271875 0.035156 0.075781
0 0.468750 0.079687 0.037500 0.084375
0 0.150000 0.378125 0.042188 0.086719
0 0.275781 0.284375 0.048438 0.079687
0 0.363281 0.281250 0.043750 0.075781
0 0.285938 0.077344 0.036719 0.081250
0 0.241406 0.081250 0.037500 0.076563
0 0.153125 0.082812 0.039062 0.076563
0 0.331250 0.078125 0.037500 0.075781
0 0.454688 0.275781 0.037500 0.078125
0 0.189062 0.278125 0.052344 0.082812
0 0.104688 0.078125 0.039844 0.082812
0 0.100000 0.381250 0.040625 0.079687
0 0.321094 0.275781 0.050000 0.085156
0 0.410156 0.378906 0.038281 0.077344
0 0.321875 0.375000 0.042188 0.078906
0 0.239063 0.378125 0.038281 0.083594
0 0.215625 0.588281 0.034375 0.088281
0 0.197656 0.371094 0.040625 0.082031
0 0.429688 0.588281 0.035937 0.078906
0 0.079687 0.586719 0.038281 0.082031
0 0.214062 0.681250 0.038281 0.078125
0 0.039062 0.670312 0.038281 0.078906
0 0.168750 0.672656 0.038281 0.078906
0 0.171875 0.585156 0.036719 0.078125
0 0.512500 0.592969 0.042188 0.082031
0 0.988281 0.216406 0.021875 0.089063
0 0.259375 0.586719 0.036719 0.081250
0 0.824219 0.125000 0.035937 0.071094
0 0.704595 0.539952 0.082129 0.039885
0 0.707412 0.629315 0.090581 0.036641
0 0.369480 0.899119 0.038681 0.076871
1 0.499593 0.466371 0.999186 0.932742
0 0.025781 0.894531 0.035156 0.064062
