0 0.749219 0.456250 0.085938 0.050000
0 0.533594 0.516406 0.092188 0.051562
0 0.842187 0.501563 0.090625 0.046875
0 0.533594 0.461719 0.084375 0.045312
0 0.114062 0.765625 0.092188 0.048438
0 0.141406 0.978125 0.085938 0.043750
0 0.596094 0.950781 0.065625 0.040625
0 0.556250 0.694531 0.087500 0.050000
0 0.765625 0.600000 0.092188 0.050000
0 0.760156 0.559375 0.082812 0.046875
0 0.208594 0.752344 0.082812 0.050000
0 0.095312 0.628125 0.085938 0.050000
0 0.176563 0.576562 0.085938 0.046875
0 0.873437 0.804688 0.092188 0.053125
0 0.192188 0.711719 0.089063 0.045312
0 0.106250 0.721875 0.084375 0.046875
0 0.565625 0.776563 0.079687 0.050000
0 0.116406 0.810156 0.096875 0.050000
0 0.775781 0.640625 0.081250 0.045312
0 0.439844 0.882031 0.092188 0.051562
0 0.393750 0.533594 0.076563 0.043750
1 0.500000 0.612502 1.000000 0.774997
