0 0.220312 0.400000 0.054688 0.079687
0 0.705469 0.056250 0.089063 0.053125
0 0.605469 0.403125 0.087500 0.053125
0 0.763281 0.563281 0.084375 0.051562
0 0.575000 0.538281 0.085938 0.053125
0 0.657031 0.225781 0.085938 0.060937
0 0.968750 0.157031 0.062500 0.057813
0 0.828906 0.359375 0.084375 0.051562
0 0.585156 0.489063 0.092188 0.059375
0 0.778125 0.524219 0.084375 0.053125
0 0.157812 0.469531 0.056250 0.087500
0 0.951562 0.251563 0.093750 0.059375
0 0.807813 0.435937 0.084375 0.060937
0 0.862500 0.184375 0.104688 0.064062
0 0.625000 0.307031 0.092188 0.059375
0 0.663281 0.184375 0.082812 0.057813
0 0.642969 0.269531 0.087500 0.056250
0 0.615625 0.350781 0.092188 0.059375
0 0.844531 0.269531 0.089063 0.059375
0 0.671875 0.133594 0.089063 0.057813
0 0.811719 0.399219 0.084375 0.053125
0 0.910156 0.420312 0.087500 0.056250
0 0.890625 0.503906 0.085938 0.056250
0 0.959375 0.202344 0.081250 0.060937
0 0.335938 0.125781 0.059375 0.092188
0 0.935937 0.296094 0.092188 0.059375
0 0.932031 0.334375 0.090625 0.064062
0 0.314844 0.214062 0.057813 0.090625
0 0.302344 0.425000 0.062500 0.095312
0 0.540625 0.846094 0.085938 0.060937
1 0.500000 0.500000 1.000000 1.000000
