0 0.256250 0.950781 0.090625 0.032813
0 0.275000 0.865625 0.092188 0.046875
0 0.267188 0.916406 0.095312 0.062500
0 0.373437 0.892969 0.093750 0.056250
0 0.400781 0.801562 0.112500 0.067187
0 0.030469 0.808594 0.060937 0.054688
0 0.307812 0.742188 0.079687 0.035937
0 0.703125 0.897656 0.082812 0.054688
0 0.029687 0.850781 0.059375 0.064062
0 0.290625 0.823438 0.093750 0.059375
0 0.356250 0.965625 0.095312 0.048438
0 0.892188 0.981250 0.025000 0.037500
0 0.060156 0.717969 0.089063 0.057813
1 0.463800 0.825134 0.927600 0.349732
