0 0.514844 0.924219 0.027344 0.078125
0 0.230469 0.696094 0.067187 0.039062
0 0.251563 0.786719 0.082031 0.037500
0 0.239844 0.057813 0.101562 0.043750
0 0.214062 0.832812 0.116406 0.049219
0 0.221875 0.476562 0.063281 0.039062
0 0.242188 0.428125 0.084375 0.042188
0 0.224219 0.516406 0.052344 0.034375
0 0.242188 0.185938 0.097656 0.046094
0 0.974219 0.453906 0.051562 0.038281
0 0.244531 0.746875 0.062500 0.042188
0 0.973437 0.542969 0.053125 0.039062
0 0.967187 0.124219 0.021094 0.042969
0 0.971875 0.360938 0.056250 0.034375
0 0.971094 0.266406 0.057813 0.039062
0 0.971875 0.225000 0.055469 0.034375
1 0.142328 0.454007 0.284656 0.908015
1 0.960938 0.541406 0.078125 0.917188
