1 0.292187 0.571875 0.584375 0.843750
1 0.557813 0.082812 0.884375 0.165625
3 0.145313 0.228125 0.050000 0.081250
3 0.191406 0.236719 0.062500 0.093750
3 0.060937 0.848437 0.101562 0.065625
3 0.076563 0.713281 0.101562 0.068750
3 0.075781 0.209375 0.064062 0.106250
3 0.113819 0.211569 0.059779 0.097972
3 0.148177 0.440791 0.105285 0.069632
3 0.136483 0.485327 0.110964 0.063225
3 0.124744 0.531682 0.111359 0.071770
3 0.117297 0.574653 0.104406 0.057509
3 0.102868 0.614361 0.104030 0.068047
3 0.092210 0.663424 0.104778 0.078364
3 0.072011 0.756632 0.100941 0.059500
3 0.065848 0.805390 0.101740 0.062797
3 0.052458 0.887864 0.104916 0.066283
3 0.194254 0.929102 0.092926 0.045454
3 0.194801 0.884550 0.099773 0.061310
3 0.207031 0.838281 0.106250 0.070312
3 0.227344 0.742969 0.101562 0.064062
3 0.239063 0.696875 0.107813 0.068750
3 0.248438 0.651563 0.107813 0.068750
3 0.260156 0.603125 0.106250 0.065625
3 0.266406 0.559375 0.110937 0.065625
3 0.275781 0.514062 0.106250 0.064062
3 0.285156 0.470313 0.104688 0.068750
3 0.382812 0.970313 0.060937 0.042188
3 0.393750 0.933594 0.057813 0.051562
3 0.403125 0.893750 0.064062 0.050000
3 0.414062 0.856250 0.068750 0.056250
3 0.432031 0.771875 0.065625 0.051562
3 0.439844 0.730469 0.068750 0.046875
3 0.450000 0.692187 0.068750 0.050000
3 0.458594 0.653906 0.068750 0.050000
3 0.466406 0.610156 0.078125 0.059375
3 0.478125 0.571875 0.071875 0.048438
3 0.485938 0.537500 0.071875 0.048438
3 0.495312 0.498437 0.075000 0.053125
3 0.510938 0.426563 0.068750 0.050000
3 0.517188 0.389844 0.073438 0.053125
3 0.524219 0.349219 0.070312 0.051562
3 0.535156 0.307031 0.071875 0.048438
0 0.059375 0.842969 0.103125 0.060937
0 0.137500 0.538281 0.085938 0.057813
0 0.267969 0.558594 0.079687 0.048438
0 0.292187 0.468750 0.071875 0.051562
0 0.235937 0.692969 0.098437 0.054688
0 0.447656 0.691406 0.067187 0.043750
0 0.465625 0.613281 0.075000 0.051562
0 0.485938 0.535937 0.067187 0.039062
0 0.500000 0.494531 0.067187 0.043750
0 0.510156 0.428125 0.068750 0.045312
0 0.530469 0.346875 0.068750 0.042188
0 0.538281 0.304688 0.071875 0.048438
3 0.237500 0.239063 0.068750 0.101562
2 0.279427 0.243259 0.049356 0.091568
2 0.227116 0.422054 0.239937 0.067274
2 0.537265 0.268177 0.084766 0.042857
2 0.701167 0.048468 0.096367 0.034836
