1 0.464838 0.587812 0.929675 0.822747
3 0.312500 0.223438 0.046875 0.086719
3 0.357812 0.224219 0.046875 0.086719
3 0.264844 0.222656 0.046875 0.086719
3 0.221094 0.224219 0.046875 0.086719
3 0.175000 0.224219 0.046875 0.086719
3 0.128125 0.225781 0.046875 0.086719
3 0.083594 0.225000 0.046875 0.086719
3 0.036719 0.224219 0.046875 0.086719
3 0.585938 0.225781 0.046875 0.086719
3 0.540625 0.225000 0.046875 0.086719
3 0.497656 0.225000 0.046875 0.086719
3 0.451562 0.225000 0.046875 0.086719
3 0.407031 0.224219 0.046875 0.086719
3 0.171875 0.438281 0.046875 0.086719
3 0.125000 0.439063 0.046875 0.086719
3 0.678906 0.225000 0.046875 0.086719
3 0.632812 0.226562 0.046875 0.086719
3 0.767188 0.225000 0.042188 0.083594
3 0.724219 0.225000 0.046875 0.086719
3 0.539062 0.439844 0.046875 0.086719
3 0.494531 0.439844 0.046875 0.086719
3 0.400781 0.440625 0.046875 0.086719
3 0.446875 0.439844 0.046875 0.086719
3 0.354687 0.439844 0.046875 0.086719
3 0.309375 0.439063 0.046875 0.086719
3 0.264844 0.439063 0.046875 0.086719
3 0.219531 0.439063 0.046875 0.086719
3 0.079687 0.527344 0.046875 0.086719
3 0.035156 0.528125 0.046875 0.086719
3 0.030469 0.441406 0.046875 0.086719
3 0.077344 0.439063 0.046875 0.086719
3 0.628906 0.440625 0.043750 0.085938
3 0.585156 0.440625 0.046875 0.086719
3 0.357031 0.528125 0.046875 0.086719
3 0.310937 0.528906 0.046875 0.086719
3 0.264062 0.528125 0.046875 0.086719
3 0.217969 0.528125 0.046875 0.086719
3 0.172656 0.527344 0.046875 0.086719
3 0.125781 0.526563 0.046875 0.086719
3 0.538281 0.528125 0.046875 0.086719
3 0.492969 0.528906 0.046875 0.086719
3 0.447656 0.528906 0.046875 0.086719
3 0.404687 0.528125 0.046875 0.086719
3 0.218750 0.746875 0.046875 0.086719
3 0.174219 0.746094 0.046875 0.086719
3 0.035937 0.744531 0.046875 0.086719
3 0.127344 0.746094 0.046875 0.086719
3 0.082812 0.745313 0.046875 0.086719
3 0.628125 0.527344 0.042188 0.087500
3 0.584375 0.526563 0.046875 0.086719
3 0.174219 0.833594 0.046875 0.086719
3 0.128125 0.834375 0.046875 0.086719
3 0.082812 0.833594 0.046875 0.086719
3 0.035937 0.834375 0.046875 0.086719
3 0.400781 0.746875 0.046875 0.086719
3 0.357812 0.746875 0.046875 0.086719
3 0.310937 0.745313 0.046875 0.086719
3 0.265625 0.746094 0.044531 0.085938
3 0.492188 0.745313 0.046875 0.086719
3 0.402344 0.835938 0.046875 0.086719
3 0.354687 0.834375 0.046875 0.086719
3 0.311719 0.833594 0.046875 0.086719
3 0.265625 0.832812 0.046875 0.086719
3 0.220312 0.833594 0.044531 0.085938
3 0.630469 0.833594 0.046875 0.086719
3 0.631250 0.745313 0.046875 0.086719
3 0.585938 0.832812 0.046875 0.086719
3 0.585938 0.745313 0.046875 0.086719
3 0.540625 0.832031 0.046875 0.086719
3 0.539062 0.745313 0.046875 0.086719
3 0.496875 0.831250 0.046875 0.086719
3 0.677344 0.746094 0.046875 0.088281
3 0.772656 0.742188 0.041406 0.085938
3 0.771875 0.833594 0.039844 0.089063
3 0.727344 0.743750 0.046875 0.088281
3 0.726562 0.832812 0.046875 0.088281
3 0.679688 0.832812 0.046875 0.088281
3 0.825781 0.742188 0.066406 0.089063
3 0.890625 0.742188 0.064062 0.089063
3 0.891406 0.832031 0.066406 0.089063
3 0.825781 0.831250 0.067187 0.089063
3 0.874219 0.300000 0.088281 0.041406
3 0.872656 0.341406 0.088281 0.041406
0 0.220312 0.217969 0.038281 0.092969
0 0.488281 0.217969 0.040625 0.089844
0 0.580469 0.217969 0.039062 0.085938
0 0.629687 0.215625 0.038281 0.088281
0 0.676562 0.218750 0.042969 0.090625
0 0.030469 0.453125 0.052344 0.125000
0 0.269531 0.434375 0.040625 0.084375
0 0.489844 0.432812 0.041406 0.086719
0 0.400781 0.530469 0.038281 0.107031
0 0.492969 0.531250 0.035937 0.082812
0 0.585938 0.536719 0.037500 0.072656
0 0.632812 0.526563 0.035937 0.086719
0 0.264062 0.740625 0.042188 0.083594
0 0.355469 0.731250 0.039844 0.091406
0 0.309375 0.839063 0.040625 0.079687
0 0.178125 0.838281 0.035937 0.085156
0 0.539844 0.842969 0.039844 0.080469
0 0.583594 0.839063 0.037500 0.078125
0 0.680469 0.741406 0.036719 0.084375
0 0.683594 0.835938 0.039844 0.081250
0 0.725781 0.742969 0.037500 0.082031
0 0.771094 0.734375 0.044531 0.095312
0 0.725000 0.841406 0.038281 0.086719
0 0.771094 0.837500 0.035937 0.081250
0 0.828906 0.843750 0.040625 0.082812
0 0.900000 0.857812 0.036719 0.079687
2 0.682813 0.481250 0.060937 0.164062
2 0.874219 0.453906 0.092188 0.183594
