1 0.562926 0.499593 0.872519 0.999186
3 0.585938 0.334375 0.043750 0.084375
3 0.719531 0.331250 0.043750 0.084375
3 0.765625 0.332813 0.043750 0.084375
3 0.764844 0.246094 0.046875 0.084375
3 0.717969 0.247656 0.043750 0.084375
3 0.674219 0.247656 0.043750 0.084375
3 0.582812 0.246875 0.043750 0.084375
3 0.629687 0.247656 0.043750 0.084375
3 0.493750 0.329688 0.043750 0.084375
3 0.536719 0.247656 0.043750 0.084375
3 0.539062 0.335156 0.043750 0.084375
3 0.628906 0.333594 0.043750 0.084375
3 0.673438 0.332031 0.043750 0.084375
3 0.812500 0.246094 0.043750 0.084375
3 0.857812 0.330469 0.043750 0.084375
3 0.812500 0.330469 0.043750 0.084375
3 0.450000 0.331250 0.043750 0.084375
3 0.901563 0.242969 0.043750 0.084375
3 0.904687 0.329688 0.043750 0.084375
3 0.857031 0.245312 0.043750 0.084375
3 0.492188 0.246094 0.043750 0.084375
3 0.449219 0.246094 0.043750 0.084375
3 0.403125 0.245312 0.043750 0.084375
3 0.402344 0.330469 0.043750 0.084375
3 0.903125 0.042188 0.043750 0.083594
3 0.857031 0.042188 0.043750 0.083594
3 0.811719 0.042188 0.042969 0.083594
3 0.764844 0.042188 0.043750 0.083594
3 0.717969 0.042188 0.043750 0.083594
3 0.539062 0.042188 0.042969 0.083594
3 0.492969 0.042188 0.043750 0.083594
3 0.583594 0.042188 0.042969 0.083594
3 0.628125 0.042188 0.043750 0.083594
3 0.672656 0.042188 0.043750 0.083594
3 0.946875 0.042188 0.043750 0.083594
3 0.721094 0.689844 0.043750 0.084375
3 0.676562 0.689844 0.043750 0.084375
3 0.403906 0.042188 0.043750 0.083594
3 0.447656 0.042188 0.043750 0.083594
3 0.493750 0.686719 0.043750 0.084375
3 0.539844 0.685937 0.043750 0.084375
3 0.632031 0.687500 0.043750 0.084375
3 0.585938 0.686719 0.043750 0.084375
3 0.767969 0.689063 0.049219 0.085938
3 0.815625 0.685156 0.043750 0.084375
3 0.860156 0.685937 0.043750 0.084375
3 0.905469 0.688281 0.043750 0.084375
3 0.948438 0.687500 0.043750 0.084375
3 0.675000 0.547656 0.043750 0.084375
3 0.628906 0.546875 0.043750 0.084375
3 0.582812 0.547656 0.043750 0.084375
3 0.537500 0.546875 0.043750 0.084375
3 0.492188 0.547656 0.043750 0.084375
3 0.403125 0.546875 0.043750 0.084375
3 0.446875 0.547656 0.043750 0.084375
3 0.402344 0.685937 0.043750 0.084375
3 0.450000 0.686719 0.043750 0.084375
3 0.449219 0.906250 0.043750 0.084375
3 0.493750 0.905469 0.043750 0.084375
3 0.585938 0.906250 0.043750 0.084375
3 0.540625 0.905469 0.043750 0.084375
3 0.946094 0.546094 0.043750 0.084375
3 0.900000 0.545312 0.043750 0.084375
3 0.855469 0.545312 0.043750 0.084375
3 0.808594 0.546875 0.043750 0.084375
3 0.764844 0.547656 0.043750 0.084375
3 0.718750 0.546875 0.043750 0.084375
3 0.859375 0.904687 0.043750 0.084375
3 0.812500 0.904687 0.043750 0.084375
3 0.767188 0.903125 0.043750 0.084375
3 0.721094 0.902344 0.043750 0.084375
3 0.675000 0.904687 0.043750 0.084375
3 0.628906 0.904687 0.043750 0.084375
3 0.402344 0.906250 0.043750 0.084375
3 0.903906 0.904687 0.043750 0.084375
3 0.630469 0.972656 0.044531 0.045312
3 0.765625 0.972656 0.044531 0.053906
3 0.811719 0.972656 0.044531 0.054688
3 0.859375 0.972656 0.044531 0.054688
3 0.904687 0.972656 0.043750 0.054688
3 0.950000 0.972656 0.043750 0.054688
3 0.717969 0.972656 0.043750 0.054688
3 0.675000 0.972656 0.043750 0.054688
3 0.451562 0.972656 0.044531 0.054688
3 0.584375 0.972656 0.043750 0.054688
3 0.584375 0.972656 0.044531 0.054688
3 0.539062 0.972656 0.044531 0.054688
3 0.496875 0.972656 0.044531 0.054688
2 0.962500 0.903125 0.074219 0.079687
2 0.666499 0.641485 0.665373 0.165713
3 0.175781 0.271875 0.092969 0.044531
3 0.178125 0.314063 0.092969 0.044531
3 0.176563 0.228125 0.092969 0.044531
3 0.175781 0.181250 0.092969 0.044531
3 0.175781 0.132812 0.091406 0.046094
3 0.177344 0.089063 0.092969 0.044531
3 0.177344 0.045312 0.092969 0.044531
3 0.178125 0.011719 0.094531 0.022656
3 0.984375 0.042188 0.031250 0.083594
3 0.982031 0.546094 0.035156 0.085156
3 0.985156 0.686719 0.028906 0.084375
3 0.176563 0.819531 0.092969 0.044531
3 0.178906 0.775000 0.092969 0.044531
3 0.176563 0.729688 0.092969 0.044531
3 0.176563 0.684375 0.092969 0.044531
3 0.175781 0.636719 0.092969 0.044531
3 0.177344 0.595313 0.092969 0.044531
3 0.180469 0.950781 0.090625 0.041406
3 0.180469 0.909375 0.092969 0.044531
3 0.178125 0.867188 0.092969 0.044531
2 0.953125 0.281250 0.046875 0.179688
0 0.903906 0.041406 0.033594 0.082812
0 0.986719 0.036719 0.026562 0.073438
0 0.444531 0.332031 0.033594 0.082812
0 0.496094 0.344531 0.034375 0.089063
0 0.675781 0.333594 0.037500 0.081250
0 0.764844 0.239844 0.039062 0.083594
0 0.857031 0.230469 0.042188 0.091406
0 0.811719 0.339062 0.029687 0.081250
0 0.446875 0.550781 0.032813 0.081250
0 0.496094 0.551562 0.034375 0.079687
0 0.582812 0.545312 0.041406 0.089063
0 0.627344 0.547656 0.035937 0.088281
0 0.719531 0.555469 0.030469 0.077344
0 0.814844 0.545312 0.036719 0.082812
0 0.862500 0.556250 0.036719 0.087500
0 0.902344 0.563281 0.037500 0.090625
0 0.946094 0.553125 0.041406 0.102344
0 0.989062 0.555469 0.021094 0.077344
0 0.988281 0.675000 0.022656 0.084375
0 0.945312 0.682813 0.039844 0.087500
0 0.811719 0.676562 0.038281 0.085156
0 0.765625 0.675000 0.035156 0.085156
0 0.588281 0.682813 0.045312 0.089844
0 0.449219 0.673438 0.040625 0.079687
0 0.587500 0.893750 0.037500 0.083594
0 0.671094 0.903906 0.032813 0.073438
0 0.716406 0.903125 0.040625 0.080469
0 0.814063 0.896875 0.037500 0.071875
0 0.764844 0.971094 0.039062 0.057813
0 0.904687 0.976562 0.040625 0.046875
0 0.953125 0.974219 0.039062 0.051562
0 0.407813 0.025781 0.046875 0.051562
2 0.372658 0.932172 0.078464 0.134027
2 0.357461 0.286530 0.036545 0.161249
2 0.357575 0.032282 0.038766 0.064564
