0 0.958594 0.685156 0.082812 0.067187
0 0.781250 0.898438 0.106250 0.076563
0 0.684375 0.960156 0.100000 0.040625
0 0.445312 0.977344 0.106250 0.045312
0 0.757031 0.799219 0.100000 0.067187
0 0.680469 0.917969 0.098437 0.070312
0 0.975781 0.779687 0.048438 0.071875
0 0.627344 0.728125 0.085938 0.059375
0 0.794531 0.931250 0.087500 0.035937
0 0.585156 0.581250 0.087500 0.059375
0 0.669531 0.870313 0.093750 0.065625
0 0.987500 0.825781 0.025000 0.076563
0 0.422656 0.942969 0.101562 0.067187
0 0.610938 0.680469 0.103125 0.070312
0 0.725000 0.700781 0.096875 0.062500
0 0.652344 0.827344 0.098437 0.065625
0 0.710156 0.653906 0.100000 0.062500
0 0.107031 0.866406 0.060937 0.060937
0 0.633594 0.776563 0.104688 0.064062
0 0.412500 0.889062 0.101562 0.067187
0 0.967969 0.736719 0.064062 0.067187
0 0.739844 0.754687 0.100000 0.067187
1 0.516813 0.708441 0.966375 0.583118
