0 0.492969 0.175781 0.037500 0.076563
0 0.263281 0.176563 0.035937 0.078906
0 0.447656 0.177344 0.032813 0.074219
0 0.728125 0.185156 0.036719 0.078906
0 0.310156 0.178125 0.036719 0.075781
0 0.215625 0.404687 0.034375 0.077344
0 0.450781 0.485938 0.035937 0.074219
0 0.628125 0.050781 0.029687 0.071875
0 0.589063 0.490625 0.032031 0.078125
0 0.494531 0.053906 0.034375 0.072656
0 0.445312 0.050781 0.037500 0.095312
0 0.885938 0.039844 0.042969 0.078906
0 0.584375 0.398438 0.035937 0.082812
0 0.768750 0.493750 0.035156 0.069531
0 0.541406 0.497656 0.035937 0.078125
0 0.314063 0.040625 0.030469 0.072656
0 0.542188 0.396094 0.038281 0.080469
0 0.124219 0.050000 0.039062 0.083594
0 0.585938 0.710938 0.035156 0.082031
0 0.630469 0.182812 0.032813 0.081250
0 0.677344 0.400000 0.032813 0.084375
0 0.582031 0.173437 0.029687 0.078125
0 0.721875 0.400781 0.036719 0.078906
0 0.542188 0.711719 0.034375 0.082812
0 0.402344 0.061719 0.034375 0.073438
0 0.908594 0.495312 0.034375 0.068750
0 0.403906 0.500000 0.035156 0.082031
0 0.863281 0.496094 0.032813 0.075781
2 0.266406 0.501563 0.042969 0.112500
0 0.088281 0.187500 0.037500 0.079687
0 0.588281 0.042188 0.032031 0.070312
0 0.677344 0.186719 0.032813 0.082031
0 0.085938 0.394531 0.035156 0.072656
0 0.632812 0.489063 0.030469 0.072656
0 0.829688 0.036719 0.034375 0.072656
0 0.537500 0.176563 0.031250 0.082031
0 0.816406 0.493750 0.034375 0.077344
0 0.496875 0.391406 0.033594 0.076563
0 0.498437 0.710156 0.029687 0.085938
0 0.080469 0.044531 0.036719 0.085938
0 0.769531 0.403906 0.030469 0.085938
0 0.360938 0.060156 0.032813 0.082031
0 0.631250 0.717969 0.033594 0.078125
0 0.006250 0.050000 0.012500 0.076563
0 0.678906 0.494531 0.026562 0.078125
0 0.358594 0.706250 0.035937 0.085938
0 0.766406 0.037500 0.035156 0.073438
0 0.675000 0.047656 0.029687 0.066406
0 0.171875 0.403125 0.031250 0.071094
0 0.539844 0.051562 0.028906 0.078906
0 0.678906 0.710938 0.023438 0.067187
0 0.217188 0.050000 0.026562 0.064062
0 0.727344 0.044531 0.034375 0.079687
0 0.312500 0.396875 0.035937 0.075781
0 0.811719 0.403906 0.028906 0.076563
0 0.452344 0.714063 0.028125 0.071875
0 0.086719 0.711719 0.042969 0.099219
0 0.723437 0.499219 0.031250 0.071875
0 0.181250 0.976562 0.042969 0.046094
0 0.585156 0.977344 0.039062 0.045312
0 0.768750 0.978906 0.034375 0.042188
1 0.500000 0.043750 1.000000 0.087500
1 0.500000 0.447656 0.998437 0.628906
1 0.500000 0.975000 1.000000 0.050000
