1 0.500000 0.546139 1.000000 0.907723
2 0.139196 0.701780 0.202506 0.596439
2 0.425059 0.393693 0.170518 0.094072
2 0.770163 0.643001 0.243362 0.585095
2 0.949928 0.565102 0.100145 0.541280
3 0.225781 0.739062 0.082812 0.060937
3 0.188281 0.558594 0.082812 0.060937
3 0.196875 0.603125 0.082812 0.060937
3 0.242188 0.825781 0.082812 0.060937
3 0.271875 0.962500 0.082812 0.060937
3 0.252344 0.869531 0.082812 0.060937
3 0.263281 0.917188 0.082812 0.060937
3 0.207031 0.649219 0.082812 0.060937
3 0.177344 0.509375 0.082812 0.060937
3 0.168750 0.467969 0.082812 0.056250
3 0.216406 0.694531 0.082812 0.060937
3 0.235156 0.782813 0.081250 0.056250
3 0.280469 0.987500 0.082812 0.025000
3 0.148438 0.943750 0.095312 0.060937
3 0.155469 0.975781 0.095312 0.048438
3 0.063281 0.630469 0.098437 0.064062
3 0.101562 0.814063 0.098437 0.064062
3 0.110937 0.856250 0.098437 0.060937
3 0.072656 0.675781 0.098437 0.064062
3 0.081250 0.717969 0.098437 0.064062
3 0.091406 0.765625 0.098437 0.064062
3 0.121094 0.903906 0.098437 0.065625
3 0.046094 0.541406 0.092188 0.060937
3 0.041406 0.499219 0.082812 0.057813
3 0.053906 0.583594 0.098437 0.064062
3 0.412500 0.558594 0.098437 0.064062
3 0.402344 0.511719 0.098437 0.064062
3 0.422656 0.604688 0.098437 0.064062
3 0.432031 0.646875 0.098437 0.064062
3 0.441406 0.690625 0.098437 0.064062
3 0.450781 0.737500 0.098437 0.064062
3 0.459375 0.782031 0.098437 0.060937
3 0.468750 0.823438 0.098437 0.064062
3 0.478906 0.869531 0.098437 0.064062
3 0.487500 0.914844 0.098437 0.064062
3 0.523438 0.627344 0.098437 0.064062
3 0.514062 0.583594 0.098437 0.064062
3 0.504687 0.538281 0.098437 0.064062
3 0.385156 0.424219 0.098437 0.064062
3 0.390625 0.467969 0.098437 0.064062
3 0.541406 0.716406 0.098437 0.064062
3 0.531250 0.671094 0.098437 0.064062
3 0.486719 0.449219 0.101562 0.062500
3 0.495312 0.491406 0.098437 0.064062
3 0.587500 0.940625 0.098437 0.060937
3 0.578125 0.894531 0.098437 0.064062
3 0.568750 0.850781 0.098437 0.064062
3 0.560937 0.807031 0.098437 0.060937
3 0.552344 0.764844 0.098437 0.064062
3 0.592969 0.974219 0.098437 0.051562
3 0.750000 0.672656 0.104688 0.064062
3 0.777344 0.810156 0.104688 0.064062
3 0.768750 0.763281 0.104688 0.064062
3 0.739062 0.627344 0.104688 0.064062
3 0.728125 0.582812 0.104688 0.064062
3 0.719531 0.542969 0.104688 0.064062
3 0.707812 0.496094 0.104688 0.064062
3 0.698438 0.450781 0.104688 0.064062
3 0.689844 0.408594 0.104688 0.064062
3 0.757812 0.717969 0.104688 0.064062
3 0.803906 0.932813 0.100000 0.046875
3 0.795312 0.896875 0.104688 0.064062
3 0.785937 0.854688 0.104688 0.064062
2 0.498437 0.964844 0.103125 0.070312
3 0.122656 0.250000 0.067187 0.101562
3 0.165625 0.239063 0.056250 0.103125
3 0.077344 0.259375 0.065625 0.103125
3 0.389062 0.192969 0.059375 0.100000
3 0.349219 0.202344 0.062500 0.101562
3 0.209375 0.232813 0.067187 0.101562
3 0.257031 0.222656 0.067187 0.101562
3 0.304688 0.210938 0.067187 0.101562
3 0.035156 0.268750 0.056250 0.103125
2 0.432086 0.184816 0.050828 0.097687
3 0.572936 0.186397 0.049925 0.089333
3 0.618965 0.185952 0.050239 0.090601
3 0.666143 0.185818 0.054640 0.088594
3 0.526820 0.183840 0.046800 0.095931
3 0.483903 0.182030 0.052148 0.092873
3 0.991406 0.568750 0.017188 0.053125
3 0.969531 0.399219 0.046875 0.053125
3 0.986719 0.525000 0.026562 0.053125
3 0.982031 0.481250 0.035937 0.053125
3 0.977344 0.437500 0.045312 0.053125
3 0.960938 0.358594 0.046875 0.053125
0 0.048438 0.542188 0.090625 0.054688
0 0.061719 0.589063 0.087500 0.053125
0 0.073438 0.672656 0.100000 0.059375
0 0.083594 0.717969 0.098437 0.060937
0 0.108594 0.805469 0.078125 0.048438
0 0.121094 0.904687 0.089063 0.057813
0 0.144531 0.942187 0.092188 0.054688
0 0.159375 0.977344 0.090625 0.045312
0 0.178125 0.512500 0.081250 0.048438
0 0.212500 0.651563 0.090625 0.057813
0 0.239063 0.821875 0.098437 0.059375
0 0.249219 0.870313 0.092188 0.054688
0 0.276562 0.986719 0.087500 0.026562
0 0.414062 0.606250 0.087500 0.054688
0 0.471875 0.451562 0.084375 0.059375
0 0.441406 0.689063 0.085938 0.056250
0 0.452344 0.732031 0.090625 0.054688
0 0.466406 0.825000 0.085938 0.053125
0 0.557031 0.759375 0.129688 0.065625
0 0.583594 0.896875 0.096875 0.057813
0 0.581250 0.944531 0.084375 0.054688
0 0.724219 0.539844 0.110937 0.068750
0 0.778125 0.808594 0.096875 0.056250
0 0.804688 0.898438 0.090625 0.053125
0 0.804688 0.934375 0.093750 0.042188
0 0.987500 0.579688 0.025000 0.056250
0 0.165625 0.234375 0.053125 0.078125
0 0.349219 0.209375 0.053125 0.084375
