0 0.670312 0.460938 0.087500 0.056250
0 0.044531 0.617188 0.067187 0.050000
0 0.030469 0.523438 0.060937 0.053125
0 0.021094 0.477344 0.042188 0.051562
0 0.285938 0.314063 0.092188 0.054688
0 0.260156 0.210156 0.090625 0.059375
0 0.289844 0.356250 0.084375 0.054688
0 0.845313 0.225000 0.090625 0.053125
0 0.297656 0.792969 0.087500 0.056250
0 0.198437 0.382031 0.089063 0.056250
0 0.264844 0.705469 0.096875 0.057813
0 0.623437 0.225781 0.087500 0.056250
0 0.868750 0.316406 0.089063 0.051562
0 0.659375 0.417969 0.085938 0.050000
0 0.643750 0.321094 0.087500 0.054688
0 0.649219 0.369531 0.090625 0.056250
0 0.971875 0.808594 0.056250 0.051562
0 0.071875 0.707812 0.075000 0.051562
0 0.441406 0.105469 0.085938 0.057813
0 0.546094 0.541406 0.075000 0.053125
0 0.781250 0.853906 0.089063 0.060937
0 0.885938 0.402344 0.087500 0.054688
0 0.717187 0.640625 0.084375 0.053125
0 0.877344 0.358594 0.087500 0.053125
0 0.580469 0.578906 0.081250 0.050000
0 0.961719 0.677344 0.076563 0.051562
0 0.551562 0.489844 0.079687 0.048438
0 0.646094 0.898438 0.101562 0.060937
0 0.414062 0.853906 0.089063 0.057813
0 0.512500 0.357812 0.071875 0.046875
0 0.583594 0.667188 0.081250 0.053125
0 0.384375 0.722656 0.090625 0.056250
0 0.254688 0.135937 0.087500 0.051562
0 0.983594 0.474219 0.032813 0.045312
0 0.727344 0.688281 0.092188 0.059375
0 0.941406 0.292969 0.050000 0.042188
0 0.332813 0.499219 0.093750 0.054688
0 0.171094 0.294531 0.100000 0.057813
0 0.635938 0.854688 0.085938 0.056250
0 0.533594 0.445312 0.078125 0.051562
0 0.614844 0.761719 0.071875 0.046875
0 0.464844 0.226562 0.098437 0.059375
0 0.186719 0.339062 0.087500 0.053125
0 0.992188 0.613281 0.015625 0.048438
0 0.481250 0.264844 0.081250 0.053125
0 0.503906 0.314063 0.081250 0.056250
0 0.898438 0.110937 0.046875 0.045312
0 0.669531 0.966406 0.078125 0.031250
0 0.827344 0.132031 0.089063 0.056250
0 0.317188 0.452344 0.087500 0.056250
0 0.270313 0.268750 0.085938 0.054688
0 0.519531 0.400000 0.078125 0.051562
0 0.451562 0.163281 0.089063 0.053125
0 0.635938 0.275000 0.089063 0.053125
0 0.685937 0.507031 0.087500 0.054688
0 0.836719 0.179688 0.090625 0.053125
0 0.928125 0.246875 0.048438 0.046875
0 0.954688 0.338281 0.046875 0.045312
0 0.972656 0.428125 0.054688 0.050000
0 0.934375 0.582812 0.078125 0.053125
0 0.969531 0.721094 0.060937 0.048438
1 0.500000 0.500000 1.000000 1.000000
