0 0.441406 0.331250 0.057813 0.092188
0 0.588281 0.975000 0.043750 0.042188
0 0.685156 0.948438 0.048438 0.050000
0 0.734375 0.941406 0.046875 0.042188
0 0.759375 0.619531 0.054688 0.096875
0 0.867969 0.594531 0.062500 0.095312
0 0.717969 0.635938 0.056250 0.087500
0 0.577344 0.057031 0.056250 0.093750
0 0.308594 0.835156 0.056250 0.090625
0 0.737500 0.733594 0.057813 0.092188
0 0.405469 0.825000 0.059375 0.100000
0 0.681250 0.264062 0.056250 0.090625
0 0.481250 0.079687 0.053125 0.093750
0 0.485938 0.321875 0.053125 0.090625
0 0.582812 0.289844 0.056250 0.090625
0 0.535937 0.307031 0.056250 0.093750
0 0.490625 0.982812 0.046875 0.034375
0 0.879687 0.377344 0.060937 0.089063
0 0.425781 0.485938 0.054688 0.078125
0 0.026562 0.414844 0.053125 0.092188
0 0.392969 0.103125 0.056250 0.090625
0 0.251563 0.373437 0.054688 0.087500
0 0.438281 0.090625 0.056250 0.090625
0 0.372656 0.471094 0.051562 0.084375
0 0.099219 0.160156 0.053125 0.087500
0 0.470313 0.455469 0.048438 0.082812
0 0.046094 0.561719 0.062500 0.106250
0 0.196875 0.756250 0.057813 0.090625
0 0.611719 0.428906 0.048438 0.075000
0 0.289844 0.510156 0.054688 0.084375
0 0.332813 0.721875 0.056250 0.093750
0 0.939844 0.563281 0.053125 0.090625
0 0.278125 0.050000 0.043750 0.031250
0 0.202344 0.386719 0.062500 0.095312
0 0.470313 0.013281 0.040625 0.026562
0 0.565625 0.663281 0.054688 0.096875
0 0.832812 0.717187 0.059375 0.104688
0 0.090625 0.550781 0.057813 0.089063
0 0.519531 0.451562 0.053125 0.081250
0 0.186719 0.525781 0.046875 0.075000
0 0.756250 0.411719 0.059375 0.103125
0 0.783594 0.723437 0.054688 0.090625
0 0.136719 0.091406 0.046875 0.048438
0 0.712500 0.414062 0.054688 0.084375
0 0.656250 0.416406 0.056250 0.084375
0 0.671875 0.037500 0.056250 0.075000
0 0.616406 0.656250 0.056250 0.090625
0 0.809375 0.613281 0.054688 0.089063
0 0.568750 0.442969 0.053125 0.081250
0 0.821094 0.394531 0.056250 0.092188
0 0.630469 0.275781 0.056250 0.092188
0 0.390625 0.339062 0.056250 0.090625
0 0.623437 0.046094 0.056250 0.092188
0 0.519531 0.007812 0.045312 0.015625
0 0.421875 0.017969 0.043750 0.032813
0 0.328125 0.043750 0.048438 0.042188
0 0.203125 0.143750 0.054688 0.081250
0 0.053125 0.170313 0.048438 0.079687
1 0.500000 0.500000 1.000000 1.000000
