0 0.227344 0.188281 0.039062 0.085938
0 0.085938 0.399219 0.047656 0.085156
0 0.039844 0.498437 0.046875 0.088281
0 0.084375 0.711719 0.042188 0.087500
0 0.177344 0.397656 0.039844 0.081250
0 0.092188 0.491406 0.042969 0.079687
0 0.042188 0.711719 0.033594 0.080469
0 0.137500 0.182812 0.046094 0.077344
0 0.268750 0.493750 0.035937 0.070312
0 0.129688 0.048438 0.032031 0.067187
0 0.041406 0.396094 0.039062 0.077344
0 0.405469 0.496094 0.035156 0.071094
0 0.135937 0.489063 0.040625 0.075000
0 0.092188 0.173437 0.050781 0.078125
0 0.386719 0.039062 0.041406 0.078125
0 0.130469 0.719531 0.039844 0.084375
0 0.313281 0.496875 0.041406 0.082812
0 0.043750 0.175000 0.049219 0.078906
0 0.269531 0.402344 0.036719 0.079687
0 0.177344 0.494531 0.038281 0.081250
0 0.313281 0.403906 0.035156 0.085156
0 0.014063 0.391406 0.028125 0.079687
0 0.011719 0.172656 0.022656 0.076563
0 0.228125 0.042969 0.052344 0.078125
0 0.174219 0.053125 0.040625 0.076563
0 0.279687 0.038281 0.068750 0.076563
0 0.040625 0.054688 0.042969 0.085156
0 0.270313 0.976562 0.043750 0.046875
0 0.009375 0.708594 0.017969 0.082031
0 0.083594 0.976562 0.038281 0.044531
0 0.225000 0.498437 0.035937 0.086719
0 0.178906 0.715625 0.039844 0.084375
0 0.177344 0.184375 0.039844 0.084375
0 0.219531 0.402344 0.039844 0.081250
0 0.089063 0.041406 0.032031 0.067187
1 0.226960 0.497566 0.450663 0.995133
