0 0.789844 0.175781 0.096875 0.056250
0 0.546094 0.068750 0.096875 0.064062
0 0.435156 0.039062 0.100000 0.065625
0 0.225000 0.125000 0.096875 0.059375
0 0.564063 0.163281 0.090625 0.056250
0 0.453125 0.092969 0.089063 0.057813
0 0.217188 0.080469 0.089063 0.048438
0 0.778125 0.082812 0.087500 0.060937
0 0.482812 0.275000 0.078125 0.050000
0 0.904687 0.051562 0.051562 0.040625
0 0.540625 0.025000 0.087500 0.050000
0 0.504687 0.414844 0.079687 0.050000
0 0.463281 0.136719 0.084375 0.054688
0 0.779687 0.035156 0.089063 0.067187
0 0.953125 0.315625 0.050000 0.050000
0 0.225000 0.173437 0.093750 0.054688
0 0.487500 0.321094 0.093750 0.057813
0 0.768750 0.008594 0.090625 0.017188
0 0.576562 0.258594 0.089063 0.051562
0 0.464844 0.180469 0.090625 0.054688
0 0.582812 0.303906 0.092188 0.051562
0 0.540625 0.007812 0.087500 0.015625
0 0.922656 0.153125 0.056250 0.062500
0 0.908594 0.098437 0.062500 0.051562
0 0.934375 0.206250 0.053125 0.076563
0 0.007812 0.362500 0.015625 0.053125
0 0.214844 0.049219 0.089063 0.028125
0 0.469531 0.229687 0.095312 0.053125
0 0.237500 0.222656 0.093750 0.054688
0 0.784375 0.123438 0.093750 0.054688
0 0.567187 0.207031 0.090625 0.056250
0 0.900781 0.014063 0.045312 0.028125
1 0.493277 0.276837 0.986553 0.553674
