1 0.500000 0.246094 0.912500 0.492188
2 0.392969 0.168750 0.176563 0.103125
3 0.153125 0.321094 0.101562 0.067187
3 0.142969 0.278125 0.104688 0.067187
3 0.132031 0.232813 0.104688 0.067187
3 0.117188 0.185938 0.106250 0.073438
3 0.107031 0.139063 0.100000 0.065625
3 0.095312 0.103906 0.096875 0.048438
3 0.337500 0.122656 0.093750 0.064062
3 0.325000 0.077344 0.093750 0.064062
3 0.314844 0.043750 0.092188 0.045312
3 0.400000 0.021094 0.090625 0.042188
3 0.409375 0.053906 0.093750 0.064062
3 0.423438 0.100781 0.096875 0.068750
3 0.629687 0.017188 0.103125 0.034375
3 0.641406 0.043750 0.103125 0.068750
3 0.652344 0.088281 0.104688 0.073438
3 0.664844 0.135156 0.104688 0.071875
3 0.677344 0.185938 0.103125 0.073438
3 0.686719 0.225781 0.100000 0.060937
3 0.696875 0.258594 0.100000 0.057813
3 0.706250 0.289844 0.098437 0.057813
3 0.714844 0.323437 0.096875 0.056250
0 0.125781 0.231250 0.093750 0.056250
0 0.109375 0.185156 0.089063 0.054688
0 0.100000 0.135156 0.082812 0.045312
0 0.420312 0.052344 0.081250 0.053125
0 0.425781 0.102344 0.087500 0.051562
0 0.653125 0.092969 0.082812 0.053125
0 0.667188 0.135937 0.085938 0.056250
0 0.667969 0.186719 0.100000 0.057813
2 0.181702 0.414895 0.137431 0.162666
2 0.525340 0.335754 0.053473 0.111447
3 0.732812 0.026562 0.103125 0.053125
3 0.746875 0.061719 0.101562 0.067187
3 0.758594 0.110156 0.106250 0.073438
3 0.768750 0.154688 0.107813 0.068750
3 0.778906 0.194531 0.109375 0.062500
3 0.792188 0.232031 0.112500 0.064062
3 0.800000 0.267969 0.107813 0.059375
3 0.811719 0.299219 0.107813 0.054688
0 0.746875 0.071094 0.085938 0.051562
0 0.764062 0.112500 0.092188 0.050000
0 0.773438 0.161719 0.082812 0.050000
0 0.796875 0.214844 0.093750 0.059375
0 0.828125 0.285156 0.084375 0.054688
3 0.305131 0.394810 0.067680 0.106681
3 0.261213 0.406573 0.069129 0.107368
