1 0.456746 0.480565 0.913491 0.961130
3 0.807031 0.367969 0.095312 0.062500
3 0.797656 0.413281 0.095312 0.062500
3 0.817969 0.321875 0.095312 0.062500
3 0.824219 0.278125 0.095312 0.062500
3 0.832812 0.232031 0.095312 0.062500
3 0.841406 0.185938 0.095312 0.062500
3 0.850000 0.141406 0.095312 0.062500
3 0.859375 0.095312 0.095312 0.062500
3 0.752344 0.638281 0.095312 0.062500
3 0.761719 0.593750 0.095312 0.062500
3 0.770312 0.550781 0.095312 0.062500
3 0.778906 0.505469 0.095312 0.062500
3 0.788281 0.461719 0.095312 0.062500
3 0.621875 0.188281 0.095312 0.062500
3 0.631250 0.142187 0.095312 0.062500
3 0.735156 0.730469 0.095312 0.062500
3 0.743750 0.684375 0.095312 0.062500
3 0.718750 0.817187 0.090625 0.057813
3 0.726562 0.775000 0.095312 0.062500
3 0.550781 0.550781 0.095312 0.062500
3 0.558594 0.506250 0.095312 0.062500
3 0.575781 0.413281 0.095312 0.062500
3 0.567969 0.460156 0.095312 0.062500
3 0.585156 0.368750 0.095312 0.062500
3 0.594531 0.323437 0.095312 0.062500
3 0.603125 0.279687 0.095312 0.062500
3 0.611719 0.234375 0.095312 0.062500
3 0.552344 0.080469 0.095312 0.062500
3 0.560156 0.036719 0.095312 0.062500
3 0.646094 0.047656 0.095312 0.062500
3 0.639062 0.094531 0.095312 0.062500
3 0.532031 0.639062 0.092188 0.059375
3 0.539844 0.596094 0.095312 0.062500
3 0.498437 0.353125 0.095312 0.062500
3 0.506250 0.307812 0.095312 0.062500
3 0.516406 0.261719 0.095312 0.062500
3 0.525000 0.216406 0.095312 0.062500
3 0.533594 0.171094 0.095312 0.062500
3 0.542969 0.125781 0.095312 0.062500
3 0.463281 0.532813 0.095312 0.062500
3 0.471094 0.488281 0.095312 0.062500
3 0.479687 0.442969 0.095312 0.062500
3 0.488281 0.400781 0.095312 0.062500
3 0.308594 0.175781 0.095312 0.062500
3 0.317969 0.132031 0.095312 0.062500
3 0.346094 0.012500 0.095312 0.025000
3 0.326562 0.085156 0.095312 0.062500
3 0.335156 0.040625 0.095312 0.062500
3 0.446094 0.621875 0.093750 0.057813
3 0.456250 0.578906 0.095312 0.062500
3 0.231250 0.114062 0.095312 0.062500
3 0.239063 0.068750 0.095312 0.062500
3 0.247656 0.027344 0.095312 0.054688
3 0.273438 0.354687 0.095312 0.062500
3 0.282031 0.312500 0.095312 0.062500
3 0.292187 0.267188 0.095312 0.062500
3 0.300000 0.221875 0.095312 0.060937
3 0.257812 0.445312 0.095312 0.062500
3 0.185156 0.339844 0.095312 0.062500
3 0.195312 0.292969 0.095312 0.062500
3 0.204687 0.250000 0.095312 0.062500
3 0.214062 0.204687 0.095312 0.062500
3 0.221875 0.160156 0.095312 0.060937
3 0.142969 0.565625 0.095312 0.062500
3 0.230469 0.582812 0.095312 0.062500
3 0.153125 0.521875 0.095312 0.062500
3 0.239063 0.537500 0.095312 0.062500
3 0.162500 0.476562 0.095312 0.062500
3 0.247656 0.492188 0.095312 0.062500
3 0.171094 0.433594 0.095312 0.062500
3 0.221094 0.628906 0.096875 0.062500
3 0.206250 0.724219 0.093750 0.056250
3 0.116406 0.704688 0.096875 0.057813
3 0.214062 0.678125 0.096875 0.062500
3 0.125781 0.660156 0.096875 0.064062
3 0.135156 0.613281 0.096875 0.064062
3 0.196094 0.775781 0.101562 0.081250
3 0.183594 0.840625 0.101562 0.079687
3 0.096094 0.823438 0.101562 0.081250
3 0.108594 0.758594 0.101562 0.082812
3 0.623437 0.909375 0.056250 0.095312
3 0.583594 0.899219 0.056250 0.095312
0 0.830469 0.278125 0.098437 0.054688
0 0.778906 0.542969 0.096875 0.057813
0 0.761719 0.633594 0.093750 0.054688
0 0.753906 0.682813 0.093750 0.053125
0 0.742969 0.728906 0.096875 0.060937
0 0.634375 0.045312 0.132812 0.076563
0 0.607031 0.285156 0.090625 0.056250
0 0.566406 0.503125 0.093750 0.056250
0 0.487500 0.396875 0.112500 0.057813
0 0.468750 0.487500 0.087500 0.051562
0 0.446094 0.578906 0.079687 0.051562
0 0.446875 0.626563 0.092188 0.051562
0 0.306250 0.221094 0.090625 0.057813
0 0.297656 0.312500 0.098437 0.057813
0 0.200000 0.247656 0.087500 0.054688
0 0.226562 0.117188 0.090625 0.051562
0 0.151562 0.474219 0.087500 0.054688
0 0.146875 0.517188 0.084375 0.051562
0 0.225000 0.632812 0.090625 0.053125
0 0.131250 0.617188 0.087500 0.054688
0 0.214844 0.677344 0.089063 0.053125
0 0.214844 0.724219 0.101562 0.060937
0 0.117969 0.657031 0.093750 0.054688
0 0.112500 0.703906 0.087500 0.051562
0 0.096094 0.759375 0.089063 0.056250
0 0.067969 0.827344 0.085938 0.051562
2 0.481250 0.685156 0.173437 0.092188
2 0.471875 0.878906 0.198437 0.126562
