0 0.817969 0.389844 0.089063 0.060937
0 0.880469 0.628125 0.092188 0.059375
0 0.828906 0.435937 0.085938 0.053125
0 0.742969 0.147656 0.092188 0.059375
0 0.866406 0.579688 0.089063 0.060937
0 0.657031 0.739844 0.090625 0.057813
0 0.508594 0.518750 0.087500 0.057813
0 0.906250 0.215625 0.075000 0.048438
0 0.465625 0.376563 0.090625 0.054688
0 0.941406 0.354687 0.078125 0.053125
0 0.951562 0.407031 0.087500 0.057813
0 0.561719 0.356250 0.095312 0.059375
0 0.411719 0.192188 0.082812 0.056250
0 0.471094 0.428125 0.090625 0.057813
0 0.982812 0.539844 0.034375 0.045312
0 0.575781 0.399219 0.093750 0.060937
0 0.237500 0.441406 0.093750 0.059375
0 0.771875 0.248438 0.093750 0.056250
0 0.534375 0.260156 0.096875 0.056250
0 0.795312 0.296094 0.089063 0.051562
0 0.521094 0.214062 0.092188 0.060937
0 0.249219 0.487500 0.093750 0.059375
0 0.959375 0.450000 0.081250 0.056250
0 0.371094 0.046875 0.081250 0.054688
0 0.506250 0.571875 0.093750 0.059375
0 0.382812 0.093750 0.087500 0.054688
2 0.542969 0.714844 0.128125 0.076563
0 0.918750 0.811719 0.093750 0.060937
0 0.922656 0.255469 0.064062 0.048438
0 0.755469 0.200781 0.093750 0.057813
0 0.703906 0.872656 0.085938 0.057813
0 0.454688 0.331250 0.084375 0.051562
0 0.857031 0.014844 0.060937 0.029687
0 0.804688 0.342969 0.093750 0.054688
0 0.398438 0.142187 0.089063 0.057813
0 0.592969 0.445312 0.087500 0.057813
0 0.262500 0.532031 0.096875 0.054688
0 0.503906 0.165625 0.098437 0.056250
0 0.963281 0.493750 0.073438 0.056250
0 0.217969 0.396875 0.090625 0.057813
0 0.435937 0.284375 0.089063 0.048438
0 0.305469 0.675000 0.098437 0.059375
0 0.874219 0.070312 0.062500 0.050000
0 0.896094 0.166406 0.068750 0.046875
0 0.671094 0.785156 0.082812 0.053125
0 0.928906 0.308594 0.078125 0.048438
0 0.210938 0.345313 0.076563 0.042188
0 0.879687 0.111719 0.073438 0.053125
0 0.639062 0.638281 0.087500 0.057813
0 0.492188 0.121875 0.085938 0.051562
0 0.271094 0.580469 0.082812 0.050000
0 0.375781 0.959375 0.114062 0.073438
0 0.417969 0.240625 0.084375 0.053125
1 0.893750 0.435937 0.212500 0.871875
1 0.542969 0.500000 0.910937 1.000000
