1 0.500000 0.478571 1.000000 0.957141
3 0.682813 0.435156 0.095312 0.053125
3 0.691406 0.285156 0.095312 0.053125
3 0.691406 0.233594 0.095312 0.053125
3 0.789062 0.238281 0.095312 0.056250
3 0.785156 0.291406 0.095312 0.053125
3 0.783594 0.339844 0.095312 0.053125
3 0.781250 0.441406 0.095312 0.053125
3 0.782031 0.389844 0.095312 0.053125
3 0.684375 0.537500 0.095312 0.053125
3 0.778125 0.492969 0.095312 0.053125
3 0.680469 0.486719 0.095312 0.053125
3 0.685937 0.385937 0.095312 0.053125
3 0.689063 0.336719 0.095312 0.053125
3 0.789844 0.185156 0.095312 0.053125
3 0.698438 0.132031 0.095312 0.053125
3 0.695312 0.181250 0.095312 0.053125
3 0.681250 0.586719 0.095312 0.053125
3 0.797656 0.085938 0.095312 0.053125
3 0.701562 0.079687 0.095312 0.053125
3 0.793750 0.135156 0.095312 0.053125
3 0.777344 0.542969 0.095312 0.053125
3 0.776563 0.590625 0.095312 0.053125
3 0.775000 0.642188 0.095312 0.053125
3 0.680469 0.639844 0.095312 0.053125
3 0.987500 0.089844 0.025000 0.051562
3 0.985938 0.142969 0.028125 0.051562
3 0.985156 0.193750 0.029687 0.050000
3 0.984375 0.246094 0.031250 0.051562
3 0.983594 0.297656 0.032813 0.051562
3 0.979688 0.496875 0.040625 0.050000
3 0.978906 0.549219 0.040625 0.051562
3 0.981250 0.448437 0.037500 0.050000
3 0.982031 0.397656 0.035937 0.051562
3 0.982812 0.347656 0.034375 0.051562
3 0.988281 0.041406 0.023438 0.051562
3 0.290625 0.269531 0.095312 0.053125
3 0.289062 0.319531 0.095312 0.053125
3 0.975781 0.648438 0.040625 0.051562
3 0.977344 0.599219 0.040625 0.050000
3 0.285156 0.523438 0.095312 0.053125
3 0.288281 0.473438 0.095312 0.053125
3 0.290625 0.370312 0.095312 0.053125
3 0.289062 0.421094 0.095312 0.053125
3 0.292969 0.217969 0.098437 0.059375
3 0.300000 0.164844 0.095312 0.053125
3 0.300781 0.114844 0.095312 0.053125
3 0.300000 0.064062 0.095312 0.053125
3 0.302344 0.021094 0.095312 0.042188
3 0.448437 0.327344 0.095312 0.053125
3 0.446875 0.378906 0.095312 0.053125
3 0.444531 0.429688 0.095312 0.053125
3 0.443750 0.480469 0.095312 0.053125
3 0.441406 0.531250 0.095312 0.053125
3 0.438281 0.630469 0.095312 0.053125
3 0.438281 0.581250 0.095312 0.053125
3 0.282813 0.625781 0.095312 0.053125
3 0.284375 0.573438 0.095312 0.053125
3 0.043750 0.565625 0.087500 0.053125
3 0.044531 0.515625 0.089063 0.053125
3 0.047656 0.413281 0.089063 0.053125
3 0.046094 0.463281 0.092188 0.053125
3 0.460156 0.025000 0.095312 0.050000
3 0.459375 0.075781 0.095312 0.053125
3 0.458594 0.125000 0.095312 0.053125
3 0.453906 0.178125 0.095312 0.053125
3 0.451562 0.227344 0.095312 0.053125
3 0.450781 0.278125 0.095312 0.053125
3 0.058594 0.107031 0.092188 0.053125
3 0.057813 0.160156 0.093750 0.051562
3 0.056250 0.210938 0.093750 0.051562
3 0.054688 0.263281 0.095312 0.051562
3 0.051562 0.313281 0.092188 0.053125
3 0.050000 0.364844 0.092188 0.053125
3 0.042188 0.617188 0.084375 0.053125
3 0.060156 0.057031 0.092188 0.053125
2 0.062500 0.017969 0.090625 0.035937
2 0.330790 0.351248 0.184414 0.702496
3 0.737500 0.895312 0.053125 0.104688
3 0.689844 0.892188 0.053125 0.104688
3 0.785156 0.896875 0.053125 0.104688
3 0.838281 0.899219 0.053125 0.104688
3 0.892188 0.901563 0.054688 0.104688
3 0.941406 0.900781 0.053125 0.104688
3 0.975781 0.903906 0.023438 0.104688
3 0.125000 0.873437 0.053125 0.104688
3 0.175000 0.872656 0.053125 0.104688
3 0.225000 0.876563 0.053125 0.104688
3 0.275781 0.878125 0.053125 0.104688
3 0.328906 0.882031 0.053125 0.104688
3 0.375781 0.881250 0.053125 0.104688
3 0.025000 0.864844 0.050000 0.104688
3 0.071094 0.869531 0.053125 0.104688
2 0.757031 0.031250 0.204687 0.051562
0 0.988281 0.089844 0.023438 0.039062
0 0.680469 0.592969 0.095312 0.040625
0 0.668750 0.535156 0.101562 0.040625
0 0.687500 0.334375 0.092188 0.045312
0 0.795312 0.238281 0.095312 0.046875
0 0.810937 0.135937 0.103125 0.050000
0 0.685937 0.182031 0.092188 0.037500
0 0.435156 0.582031 0.092188 0.040625
0 0.437500 0.526563 0.090625 0.040625
0 0.446875 0.430469 0.101562 0.050000
0 0.446094 0.380469 0.101562 0.043750
0 0.440625 0.276562 0.089063 0.037500
0 0.457031 0.170313 0.095312 0.043750
0 0.445312 0.116406 0.098437 0.043750
0 0.439063 0.071875 0.101562 0.045312
0 0.452344 0.025000 0.117188 0.050000
0 0.307031 0.021094 0.098437 0.042188
0 0.310156 0.168750 0.096875 0.046875
0 0.308594 0.221094 0.096875 0.042188
0 0.292969 0.418750 0.101562 0.053125
0 0.299219 0.574219 0.090625 0.048438
0 0.057813 0.411719 0.095312 0.043750
0 0.050000 0.317969 0.082812 0.040625
0 0.052344 0.266406 0.090625 0.048438
0 0.064062 0.157812 0.082812 0.045312
2 0.040837 0.653016 0.081674 0.083363
2 0.727626 0.692067 0.178804 0.047140
