0 0.492969 0.675000 0.036719 0.080469
0 0.492188 0.034375 0.035937 0.068750
0 0.586719 0.039062 0.038281 0.075000
0 0.633594 0.034375 0.039062 0.067969
0 0.724219 0.342187 0.034375 0.084375
0 0.829688 0.342187 0.040625 0.082031
0 0.683594 0.336719 0.036719 0.076563
0 0.676562 0.897656 0.034375 0.082031
0 0.264844 0.239844 0.035937 0.078906
0 0.680469 0.242188 0.036719 0.081250
0 0.355469 0.228906 0.036719 0.089063
0 0.728125 0.685156 0.035937 0.079687
0 0.583594 0.898438 0.032031 0.083594
0 0.536719 0.673438 0.032031 0.080469
0 0.632031 0.682031 0.035156 0.079687
0 0.585156 0.676562 0.035937 0.082031
0 0.085156 0.894531 0.032031 0.078906
0 0.400000 0.039062 0.035937 0.078125
0 0.885938 0.539844 0.040625 0.076563
0 0.445312 0.535937 0.037500 0.066406
0 0.090625 0.687500 0.041406 0.080469
0 0.497656 0.894531 0.035156 0.080469
0 0.310156 0.676562 0.035937 0.076563
0 0.541406 0.896094 0.035156 0.078906
0 0.400781 0.560937 0.032813 0.073438
0 0.214844 0.904687 0.033594 0.076563
0 0.493750 0.553906 0.029687 0.074219
0 0.081250 0.546875 0.038281 0.093750
0 0.178125 0.336719 0.038281 0.078906
0 0.628906 0.548438 0.031250 0.065625
0 0.316406 0.542188 0.035937 0.074219
0 0.310937 0.339062 0.035937 0.082031
0 0.901563 0.355469 0.032031 0.080469
0 0.403906 0.978906 0.035937 0.042188
0 0.261719 0.674219 0.040625 0.082031
0 0.589063 0.974219 0.032813 0.046875
0 0.536719 0.342969 0.034375 0.085938
0 0.770312 0.237500 0.035156 0.092969
0 0.125000 0.547656 0.037500 0.078125
0 0.539844 0.547656 0.035156 0.071094
0 0.217969 0.550000 0.031250 0.064062
0 0.765625 0.533594 0.036719 0.090625
0 0.724219 0.242188 0.034375 0.080469
0 0.266406 0.969531 0.035937 0.055469
0 0.725000 0.540625 0.035156 0.074219
0 0.672656 0.550781 0.038281 0.072656
0 0.772656 0.976562 0.037500 0.039062
0 0.033594 0.007812 0.042188 0.015625
0 0.007812 0.342969 0.014844 0.080469
0 0.008594 0.553125 0.016406 0.076563
0 0.911719 0.978125 0.039844 0.041406
0 0.769531 0.903125 0.035937 0.081250
0 0.585156 0.339844 0.035937 0.079687
0 0.771094 0.337500 0.035156 0.078125
0 0.586719 0.544531 0.035156 0.071094
0 0.828906 0.535937 0.034375 0.081250
0 0.678125 0.685156 0.035156 0.081250
0 0.445312 0.678125 0.035156 0.079687
0 0.721875 0.900000 0.034375 0.082031
0 0.635938 0.971094 0.037500 0.039062
0 0.542969 0.975781 0.037500 0.039062
0 0.451562 0.974219 0.039062 0.050000
0 0.314063 0.897656 0.036719 0.071094
0 0.171094 0.905469 0.031250 0.071094
1 0.500781 0.500000 0.997656 1.000000
