1 0.500000 0.496657 1.000000 0.993314
3 0.631250 0.385156 0.098437 0.064062
3 0.607812 0.242188 0.098437 0.064062
3 0.596094 0.192969 0.098437 0.064062
3 0.688281 0.175781 0.098437 0.065625
3 0.696875 0.227344 0.098437 0.064062
3 0.705469 0.272656 0.098437 0.064062
3 0.725000 0.369531 0.098437 0.064062
3 0.715625 0.320312 0.098437 0.064062
3 0.655469 0.482031 0.098437 0.064062
3 0.734375 0.419531 0.098437 0.064062
3 0.639844 0.434375 0.098437 0.064062
3 0.623437 0.338281 0.098437 0.064062
3 0.616406 0.291406 0.098437 0.064062
3 0.678906 0.125781 0.098437 0.064062
3 0.579688 0.094531 0.098437 0.064062
3 0.589063 0.142969 0.098437 0.064062
3 0.664062 0.528906 0.098437 0.064062
3 0.663281 0.031250 0.098437 0.062500
3 0.571094 0.044531 0.098437 0.064062
3 0.671094 0.077344 0.098437 0.064062
3 0.745313 0.466406 0.098437 0.064062
3 0.754687 0.512500 0.098437 0.064062
3 0.764062 0.560937 0.098437 0.064062
3 0.674219 0.579688 0.098437 0.064062
3 0.870313 0.008594 0.084375 0.017188
3 0.880469 0.037500 0.084375 0.060937
3 0.889844 0.085156 0.084375 0.060937
3 0.899219 0.135156 0.084375 0.060937
3 0.909375 0.185156 0.084375 0.060937
3 0.946094 0.375781 0.084375 0.060937
3 0.955469 0.425000 0.084375 0.060937
3 0.936719 0.328125 0.084375 0.060937
3 0.928125 0.280469 0.084375 0.060937
3 0.918750 0.233594 0.084375 0.060937
3 0.225000 0.314844 0.098437 0.064062
3 0.234375 0.362500 0.098437 0.064062
3 0.965625 0.519531 0.068750 0.060937
3 0.960938 0.472656 0.078125 0.060937
3 0.275000 0.555469 0.098437 0.064062
3 0.267188 0.507031 0.098437 0.064062
3 0.246094 0.409375 0.098437 0.064062
3 0.256250 0.457813 0.098437 0.064062
3 0.216406 0.264844 0.101562 0.070312
3 0.210938 0.213281 0.098437 0.064062
3 0.200000 0.164844 0.098437 0.064062
3 0.189062 0.117969 0.098437 0.064062
3 0.182031 0.075000 0.096875 0.060937
3 0.386719 0.333594 0.098437 0.064062
3 0.396094 0.383594 0.098437 0.064062
3 0.405469 0.432031 0.098437 0.064062
3 0.415625 0.480469 0.098437 0.064062
3 0.423438 0.528906 0.098437 0.064062
3 0.443750 0.623437 0.098437 0.064062
3 0.432812 0.576562 0.098437 0.064062
3 0.295312 0.653125 0.098437 0.064062
3 0.285156 0.603125 0.098437 0.064062
3 0.059375 0.647656 0.085938 0.060937
3 0.050000 0.600000 0.085938 0.060937
3 0.035937 0.502344 0.071875 0.060937
3 0.042188 0.550000 0.084375 0.062500
3 0.332813 0.046875 0.100000 0.064062
3 0.342187 0.093750 0.098437 0.064062
3 0.351562 0.141406 0.098437 0.064062
3 0.360156 0.192188 0.098437 0.064062
3 0.367969 0.238281 0.098437 0.064062
3 0.377344 0.287500 0.098437 0.064062
3 0.009375 0.210938 0.018750 0.062500
3 0.014063 0.260156 0.028125 0.060937
3 0.019531 0.308594 0.039062 0.060937
3 0.024219 0.357031 0.048438 0.060937
3 0.028125 0.407813 0.056250 0.062500
3 0.032813 0.456250 0.065625 0.062500
3 0.068750 0.696875 0.085938 0.062500
2 0.333199 0.382282 0.220863 0.691924
3 0.782813 0.808594 0.067187 0.107813
3 0.738281 0.814844 0.067187 0.107813
3 0.829688 0.799219 0.067187 0.107813
3 0.880469 0.789844 0.067187 0.107813
3 0.931250 0.779687 0.068750 0.107813
3 0.971875 0.769531 0.056250 0.107813
3 0.200000 0.921094 0.067187 0.107813
3 0.246875 0.908594 0.067187 0.107813
3 0.295312 0.901563 0.067187 0.107813
3 0.343750 0.892188 0.067187 0.107813
3 0.394531 0.884375 0.067187 0.107813
3 0.438281 0.874219 0.067187 0.107813
3 0.103125 0.935937 0.067187 0.107813
3 0.148438 0.928906 0.067187 0.107813
2 0.614062 0.013281 0.200000 0.026562
0 0.871094 0.005469 0.079687 0.010937
0 0.663281 0.535156 0.095312 0.053125
0 0.639844 0.482031 0.101562 0.054688
0 0.614062 0.289062 0.093750 0.056250
0 0.695312 0.175000 0.096875 0.060937
0 0.686719 0.074219 0.104688 0.062500
0 0.579688 0.145313 0.092188 0.046875
0 0.429688 0.578125 0.092188 0.051562
0 0.418750 0.525000 0.092188 0.053125
0 0.407813 0.432031 0.103125 0.062500
0 0.396094 0.385156 0.103125 0.056250
0 0.367969 0.288281 0.089063 0.048438
0 0.360156 0.184375 0.096875 0.057813
0 0.337500 0.135937 0.100000 0.057813
0 0.322656 0.095312 0.103125 0.057813
0 0.325000 0.047656 0.117188 0.065625
0 0.186719 0.074219 0.101562 0.060937
0 0.221094 0.214844 0.098437 0.059375
0 0.232031 0.264062 0.098437 0.054688
0 0.260156 0.453906 0.104688 0.067187
0 0.299219 0.600781 0.092188 0.059375
0 0.042188 0.499219 0.084375 0.057813
0 0.025000 0.410938 0.050000 0.050000
0 0.022656 0.361719 0.045312 0.057813
0 0.014063 0.258594 0.028125 0.054688
0 0.982031 0.512500 0.035937 0.059375
2 0.071503 0.740100 0.082922 0.074812
2 0.730085 0.617967 0.179275 0.069595
2 0.982543 0.566458 0.034914 0.043692
