1 0.500000 0.541634 1.000000 0.916733
2 0.903115 0.682528 0.186563 0.634944
2 0.567341 0.369148 0.186923 0.102431
2 0.204679 0.640976 0.229856 0.614538
2 0.020564 0.467028 0.041129 0.314298
3 0.806250 0.736719 0.089063 0.064062
3 0.838281 0.535937 0.089063 0.064062
3 0.830469 0.585156 0.089063 0.064062
3 0.793750 0.833594 0.089063 0.064062
3 0.767969 0.976562 0.089063 0.046875
3 0.785156 0.882812 0.089063 0.064062
3 0.775781 0.935937 0.089063 0.064062
3 0.823438 0.637500 0.089063 0.064062
3 0.846875 0.481250 0.089063 0.064062
3 0.853906 0.435156 0.090625 0.059375
3 0.814844 0.687500 0.089063 0.064062
3 0.798438 0.785937 0.087500 0.059375
3 0.895312 0.955469 0.082812 0.059375
3 0.888281 0.984375 0.082812 0.031250
3 0.959375 0.604688 0.067187 0.059375
3 0.928125 0.808594 0.065625 0.060937
3 0.920312 0.855469 0.064062 0.056250
3 0.952344 0.653906 0.065625 0.060937
3 0.945312 0.701562 0.065625 0.060937
3 0.936719 0.753906 0.065625 0.060937
3 0.912500 0.908594 0.065625 0.060937
3 0.971875 0.504687 0.056250 0.056250
3 0.975781 0.457031 0.048438 0.054688
3 0.967187 0.551562 0.065625 0.062500
3 0.590625 0.549219 0.106250 0.067187
3 0.598437 0.496875 0.106250 0.067187
3 0.582031 0.600000 0.106250 0.067187
3 0.574219 0.646875 0.106250 0.067187
3 0.566406 0.696094 0.106250 0.067187
3 0.559375 0.748437 0.106250 0.067187
3 0.552344 0.797656 0.106250 0.065625
3 0.543750 0.844531 0.106250 0.067187
3 0.535156 0.896094 0.106250 0.067187
3 0.528125 0.946875 0.106250 0.067187
3 0.472656 0.632031 0.106250 0.067187
3 0.480469 0.582031 0.106250 0.067187
3 0.488281 0.531250 0.106250 0.067187
3 0.613281 0.398438 0.106250 0.067187
3 0.608594 0.447656 0.106250 0.067187
3 0.457813 0.730469 0.106250 0.067187
3 0.464844 0.680469 0.106250 0.067187
3 0.503125 0.432031 0.109375 0.062500
3 0.496094 0.479687 0.106250 0.067187
3 0.421094 0.974219 0.104688 0.051562
3 0.427344 0.929688 0.106250 0.067187
3 0.435156 0.881250 0.106250 0.067187
3 0.441406 0.831250 0.106250 0.064062
3 0.448437 0.785156 0.106250 0.067187
3 0.225781 0.694531 0.112500 0.065625
3 0.203125 0.846875 0.112500 0.065625
3 0.210156 0.795312 0.112500 0.065625
3 0.234375 0.642969 0.112500 0.065625
3 0.242969 0.593750 0.112500 0.065625
3 0.251563 0.549219 0.112500 0.065625
3 0.261719 0.496875 0.112500 0.065625
3 0.268750 0.446875 0.112500 0.065625
3 0.276562 0.400000 0.112500 0.065625
3 0.219531 0.745313 0.112500 0.065625
3 0.189844 0.937500 0.112500 0.054688
3 0.196094 0.896875 0.112500 0.065625
2 0.522656 0.982031 0.104688 0.035937
3 0.892188 0.192969 0.068750 0.110937
3 0.843750 0.182031 0.056250 0.110937
3 0.942969 0.200000 0.065625 0.112500
3 0.596094 0.145313 0.059375 0.109375
3 0.640625 0.152344 0.064062 0.109375
3 0.795312 0.178125 0.068750 0.110937
3 0.742969 0.168750 0.068750 0.110937
3 0.689844 0.160156 0.068750 0.110937
3 0.981250 0.207031 0.037500 0.110937
2 0.544776 0.139046 0.056394 0.107045
3 0.392192 0.147815 0.060197 0.101083
3 0.341501 0.149401 0.060444 0.101435
3 0.291610 0.151679 0.060891 0.096287
3 0.442980 0.141605 0.056994 0.106694
3 0.490044 0.138628 0.062720 0.103030
0 0.971094 0.506250 0.057813 0.053125
0 0.965625 0.560156 0.067187 0.051562
0 0.951562 0.652344 0.067187 0.056250
0 0.942969 0.702344 0.065625 0.056250
0 0.928906 0.802344 0.062500 0.045312
0 0.913281 0.910156 0.059375 0.054688
0 0.897656 0.954688 0.078125 0.053125
0 0.887500 0.986719 0.084375 0.026562
0 0.846875 0.484375 0.087500 0.050000
0 0.816406 0.640625 0.100000 0.057813
0 0.796875 0.830469 0.107813 0.060937
0 0.789844 0.883594 0.100000 0.054688
0 0.592187 0.601562 0.096875 0.057813
0 0.517969 0.434375 0.090625 0.060937
0 0.567187 0.694531 0.093750 0.057813
0 0.556250 0.742969 0.096875 0.054688
0 0.546094 0.846094 0.092188 0.053125
0 0.442969 0.778906 0.143750 0.067187
0 0.421094 0.931250 0.106250 0.060937
0 0.428906 0.977344 0.092188 0.045312
0 0.246875 0.546875 0.118750 0.070312
0 0.201563 0.845313 0.106250 0.057813
0 0.180469 0.940625 0.096875 0.043750
0 0.844531 0.176563 0.054688 0.084375
0 0.639062 0.160938 0.054688 0.093750
