0 0.832812 0.454688 0.084375 0.050000
0 0.868750 0.689063 0.085938 0.050000
0 0.837500 0.500000 0.082812 0.046875
0 0.784375 0.214844 0.085938 0.050000
0 0.859375 0.641406 0.082812 0.051562
0 0.642188 0.775781 0.085938 0.048438
0 0.521875 0.546875 0.081250 0.048438
0 0.937500 0.295312 0.076563 0.042188
0 0.494531 0.407031 0.085938 0.045312
0 0.957031 0.432031 0.079687 0.046875
0 0.957812 0.482031 0.084375 0.051562
0 0.899219 0.031250 0.070312 0.053125
0 0.589063 0.396875 0.090625 0.050000
0 0.462500 0.222656 0.076563 0.048438
0 0.494531 0.456250 0.085938 0.050000
0 0.980469 0.617188 0.039062 0.040625
0 0.598437 0.439063 0.087500 0.053125
0 0.988281 0.811719 0.023438 0.051562
0 0.268750 0.445312 0.089063 0.048438
0 0.803125 0.314063 0.089063 0.046875
0 0.572656 0.301563 0.092188 0.046875
0 0.819531 0.362500 0.084375 0.043750
0 0.564844 0.255469 0.085938 0.050000
0 0.275781 0.490625 0.090625 0.046875
0 0.961719 0.528125 0.076563 0.046875
0 0.437500 0.079687 0.076563 0.046875
0 0.514844 0.598437 0.089063 0.050000
0 0.443750 0.125781 0.082812 0.046875
2 0.535156 0.739062 0.120313 0.060937
0 0.885938 0.871094 0.087500 0.051562
0 0.949219 0.335938 0.065625 0.042188
0 0.791406 0.266406 0.089063 0.046875
0 0.674219 0.906250 0.079687 0.048438
0 0.489063 0.361719 0.079687 0.042188
0 0.911719 0.088281 0.062500 0.045312
0 0.825000 0.408594 0.087500 0.043750
0 0.453906 0.174219 0.084375 0.046875
0 0.610938 0.485156 0.082812 0.046875
0 0.284375 0.535156 0.092188 0.045312
0 0.553125 0.207813 0.093750 0.045312
0 0.964063 0.570312 0.071875 0.046875
0 0.254688 0.400781 0.085938 0.046875
0 0.475781 0.314844 0.084375 0.040625
0 0.310156 0.677344 0.093750 0.051562
0 0.921094 0.153125 0.064062 0.045312
0 0.932813 0.247656 0.070312 0.040625
0 0.650781 0.819531 0.079687 0.043750
0 0.949219 0.386719 0.079687 0.042188
0 0.253906 0.350000 0.071875 0.035937
0 0.985156 0.715625 0.029687 0.037500
0 0.922656 0.193750 0.073438 0.045312
0 0.634375 0.675000 0.082812 0.050000
0 0.546875 0.164062 0.081250 0.042188
0 0.286719 0.582812 0.078125 0.039062
0 0.349219 0.957031 0.109375 0.060937
0 0.464062 0.271094 0.079687 0.043750
0 0.072656 0.901563 0.035937 0.048438
0 0.011719 0.488281 0.023438 0.045312
1 0.921875 0.463281 0.156250 0.926562
1 0.552344 0.500000 0.801562 1.000000
1 0.057813 0.539844 0.115625 0.920312
