1 0.562141 0.499833 0.871957 0.998705
2 0.668479 0.141806 0.661413 0.164621
2 0.383842 0.449219 0.089740 0.166281
2 0.692997 0.733761 0.612378 0.125718
2 0.697580 0.959150 0.603211 0.080072
3 0.676562 0.182031 0.046875 0.074219
3 0.492188 0.182812 0.046875 0.074219
3 0.537500 0.182031 0.046875 0.074219
3 0.764844 0.180469 0.046875 0.074219
3 0.904687 0.180469 0.046875 0.074219
3 0.810156 0.181250 0.046875 0.074219
3 0.858594 0.182031 0.046875 0.074219
3 0.585156 0.182031 0.046875 0.074219
3 0.442188 0.182812 0.046875 0.074219
3 0.400000 0.182812 0.042188 0.075781
3 0.631250 0.182031 0.046875 0.074219
3 0.721875 0.182031 0.042188 0.073438
3 0.948438 0.180469 0.043750 0.075000
3 0.984375 0.181250 0.030469 0.075781
3 0.860938 0.064062 0.044531 0.087500
3 0.900000 0.063281 0.044531 0.087500
3 0.536719 0.046094 0.046094 0.091406
3 0.946875 0.062500 0.044531 0.087500
3 0.724219 0.045312 0.047656 0.090625
3 0.767188 0.045312 0.043750 0.090625
3 0.582812 0.045312 0.047656 0.090625
3 0.626563 0.045312 0.047656 0.090625
3 0.675000 0.045312 0.047656 0.090625
3 0.816406 0.045312 0.047656 0.090625
3 0.446094 0.045312 0.043750 0.090625
3 0.403125 0.045312 0.041406 0.090625
3 0.489063 0.046094 0.047656 0.090625
3 0.539062 0.402344 0.046875 0.091406
3 0.491406 0.402344 0.046875 0.091406
3 0.585938 0.402344 0.046875 0.091406
3 0.629687 0.403125 0.046875 0.091406
3 0.674219 0.403125 0.046875 0.091406
3 0.721875 0.402344 0.046875 0.091406
3 0.767188 0.401562 0.044531 0.090625
3 0.810156 0.402344 0.046875 0.091406
3 0.857031 0.402344 0.046875 0.091406
3 0.903125 0.401562 0.046875 0.091406
3 0.629687 0.496094 0.046875 0.091406
3 0.584375 0.496094 0.046875 0.091406
3 0.538281 0.496875 0.046875 0.091406
3 0.401562 0.403125 0.046875 0.091406
3 0.446094 0.400000 0.046875 0.091406
3 0.720313 0.495312 0.046875 0.091406
3 0.674219 0.495312 0.046875 0.091406
3 0.447656 0.497656 0.042969 0.092969
3 0.490625 0.496875 0.046875 0.091406
3 0.949219 0.493750 0.043750 0.090625
3 0.902344 0.494531 0.046094 0.090625
3 0.857812 0.494531 0.046875 0.091406
3 0.813281 0.496094 0.043750 0.090625
3 0.770312 0.496094 0.046875 0.091406
3 0.983594 0.492188 0.032813 0.093750
3 0.721094 0.708594 0.045312 0.096875
3 0.860938 0.707031 0.045312 0.096875
3 0.813281 0.707812 0.045312 0.096875
3 0.674219 0.707031 0.045312 0.096875
3 0.628125 0.706250 0.045312 0.096875
3 0.587500 0.705469 0.045312 0.096875
3 0.539062 0.703906 0.045312 0.096875
3 0.492969 0.704688 0.045312 0.096875
3 0.450000 0.704688 0.045312 0.096875
3 0.767188 0.707031 0.045312 0.096875
3 0.986719 0.707031 0.026562 0.096094
3 0.949219 0.706250 0.045312 0.096875
3 0.906250 0.706250 0.045312 0.096875
2 0.964063 0.400000 0.071875 0.091406
3 0.177344 0.182812 0.094531 0.048438
3 0.175000 0.227344 0.096875 0.037500
3 0.176563 0.136719 0.095312 0.046094
3 0.176563 0.455469 0.092969 0.039844
3 0.177344 0.414062 0.093750 0.043750
3 0.178125 0.271094 0.094531 0.048438
3 0.178125 0.320312 0.094531 0.048438
3 0.176563 0.368750 0.094531 0.048438
3 0.177344 0.092969 0.096875 0.036719
2 0.179238 0.506596 0.097889 0.055037
3 0.208458 0.636534 0.096612 0.067325
3 0.216993 0.681306 0.097090 0.067272
3 0.223011 0.724501 0.085001 0.065200
3 0.195949 0.591756 0.101453 0.065300
3 0.186029 0.550647 0.097901 0.069753
3 0.673438 0.980469 0.045312 0.039062
3 0.720313 0.980469 0.045312 0.039062
3 0.767188 0.980469 0.045312 0.039062
3 0.812500 0.980469 0.045312 0.039062
3 0.857812 0.980469 0.045312 0.039062
3 0.903906 0.980469 0.045312 0.039062
3 0.950781 0.980469 0.045312 0.039062
3 0.499219 0.980469 0.045312 0.039062
3 0.628125 0.980469 0.045312 0.039062
3 0.583594 0.980469 0.045312 0.039062
3 0.539062 0.980469 0.045312 0.039062
3 0.457813 0.980469 0.045312 0.039062
3 0.986719 0.977344 0.026562 0.039062
0 0.447656 0.049219 0.038281 0.085156
0 0.496094 0.053125 0.038281 0.082031
0 0.580469 0.046875 0.041406 0.093750
0 0.626563 0.047656 0.042969 0.089844
0 0.717187 0.053906 0.034375 0.072656
0 0.817187 0.045312 0.041406 0.082812
0 0.858594 0.060156 0.038281 0.085938
0 0.901563 0.066406 0.038281 0.084375
0 0.946094 0.053906 0.046094 0.105469
0 0.988281 0.056250 0.023438 0.089063
3 0.983594 0.060156 0.032031 0.088281
0 0.445312 0.182812 0.033594 0.075000
0 0.588281 0.187500 0.039844 0.085156
0 0.760938 0.178125 0.040625 0.092188
0 0.810156 0.177344 0.037500 0.085938
0 0.944531 0.178125 0.040625 0.082031
0 0.985938 0.175781 0.027344 0.083594
0 0.585938 0.393750 0.039062 0.082031
0 0.446875 0.482812 0.043750 0.076563
0 0.672656 0.403125 0.041406 0.079687
0 0.717187 0.405469 0.036719 0.083594
0 0.810937 0.399219 0.037500 0.079687
0 0.765625 0.501563 0.041406 0.123438
0 0.905469 0.499219 0.040625 0.089844
0 0.951562 0.486719 0.039062 0.078125
0 0.585938 0.710938 0.048438 0.102344
0 0.859375 0.707812 0.037500 0.091406
0 0.953125 0.714844 0.035156 0.085156
0 0.988281 0.707812 0.023438 0.090625
0 0.683594 0.975781 0.046094 0.048438
0 0.170313 0.228125 0.071094 0.039062
0 0.184375 0.413281 0.078906 0.038281
