1 0.419531 0.787500 0.839063 0.425000
2 0.514844 0.839844 0.165625 0.068750
3 0.785156 0.765625 0.095312 0.046875
3 0.782031 0.809375 0.096875 0.048438
3 0.779687 0.854688 0.096875 0.046875
3 0.778906 0.903125 0.096875 0.053125
3 0.775781 0.950781 0.092188 0.048438
3 0.775000 0.986719 0.093750 0.026562
3 0.553125 0.899219 0.085938 0.048438
3 0.551562 0.945312 0.085938 0.046875
3 0.550781 0.982812 0.089063 0.034375
3 0.462500 0.982812 0.087500 0.034375
3 0.464844 0.943750 0.085938 0.046875
3 0.464844 0.896094 0.089063 0.050000
3 0.241406 0.972656 0.093750 0.040625
3 0.241406 0.932031 0.093750 0.048438
3 0.243750 0.886719 0.095312 0.048438
3 0.245312 0.841406 0.095312 0.051562
3 0.247656 0.792969 0.095312 0.050000
3 0.250000 0.742188 0.095312 0.053125
3 0.252344 0.700781 0.093750 0.040625
3 0.253125 0.667188 0.093750 0.037500
3 0.252344 0.635156 0.092188 0.037500
3 0.253906 0.600781 0.090625 0.037500
0 0.784375 0.857812 0.089063 0.037500
0 0.787500 0.907031 0.082812 0.037500
0 0.781250 0.956250 0.078125 0.029687
0 0.454688 0.942187 0.076563 0.037500
0 0.464062 0.892969 0.082812 0.034375
0 0.246875 0.837500 0.076563 0.037500
0 0.245312 0.792188 0.079687 0.040625
0 0.258594 0.743750 0.095312 0.037500
3 0.146094 0.970313 0.101562 0.039062
2 0.783446 0.670947 0.104228 0.144494
2 0.434102 0.646068 0.036863 0.109904
3 0.147656 0.929688 0.098437 0.051562
3 0.149219 0.883594 0.095312 0.046875
3 0.149219 0.839063 0.095312 0.046875
3 0.151562 0.789844 0.095312 0.053125
3 0.154688 0.745313 0.098437 0.046875
3 0.157031 0.704688 0.101562 0.039062
3 0.154688 0.664844 0.106250 0.039062
3 0.157812 0.628125 0.104688 0.037500
3 0.155469 0.595313 0.104688 0.032813
0 0.137500 0.973437 0.078125 0.031250
0 0.142187 0.931250 0.079687 0.039062
0 0.151562 0.830469 0.082812 0.034375
0 0.146875 0.785937 0.089063 0.032813
0 0.152344 0.737500 0.078125 0.034375
0 0.146094 0.678906 0.085938 0.040625
0 0.135937 0.604688 0.078125 0.039062
3 0.662219 0.652144 0.049214 0.095927
3 0.707208 0.654082 0.046603 0.099257
