1 0.216406 0.587500 0.417187 0.819531
2 0.185938 0.482812 0.059375 0.159375
3 0.267188 0.222656 0.042969 0.090625
3 0.225000 0.224219 0.042969 0.092188
3 0.180469 0.225000 0.041406 0.092188
3 0.133594 0.224219 0.048438 0.092969
3 0.088281 0.225781 0.042969 0.088281
3 0.041406 0.224219 0.045312 0.089063
3 0.129688 0.442969 0.042969 0.082812
3 0.085156 0.442969 0.042188 0.082031
3 0.040625 0.442188 0.043750 0.085938
3 0.039844 0.527344 0.042188 0.082812
3 0.083594 0.527344 0.042188 0.082031
3 0.130469 0.528125 0.046094 0.085156
3 0.041406 0.742969 0.050781 0.089844
3 0.087500 0.743750 0.043750 0.089063
3 0.132031 0.743750 0.042969 0.091406
3 0.175781 0.743750 0.046875 0.091406
3 0.222656 0.742969 0.046094 0.091406
3 0.271875 0.742188 0.049219 0.089844
3 0.311719 0.741406 0.035156 0.089063
3 0.344531 0.741406 0.033594 0.089844
3 0.375781 0.742969 0.034375 0.088281
3 0.408594 0.742188 0.032813 0.085938
0 0.178125 0.220312 0.032813 0.084375
0 0.130469 0.216406 0.032813 0.079687
0 0.082031 0.220312 0.025781 0.074219
0 0.084375 0.537500 0.032813 0.072656
0 0.132812 0.529687 0.029687 0.078906
0 0.179688 0.742188 0.033594 0.073438
0 0.223438 0.744531 0.036719 0.075781
0 0.270313 0.733594 0.032813 0.090625
3 0.040625 0.835156 0.049219 0.096875
2 0.359791 0.227305 0.138796 0.099645
2 0.371319 0.566210 0.106982 0.034313
3 0.086719 0.835156 0.046094 0.093750
3 0.131250 0.835156 0.042969 0.091406
3 0.175000 0.836719 0.042969 0.090625
3 0.222656 0.835938 0.048438 0.092188
3 0.265625 0.834375 0.042969 0.094531
3 0.305469 0.833594 0.035156 0.097656
3 0.342969 0.836719 0.035156 0.101562
3 0.378906 0.835156 0.033594 0.099219
3 0.410938 0.838281 0.028906 0.099219
0 0.039844 0.845313 0.035937 0.075000
0 0.085156 0.839844 0.034375 0.075781
0 0.182812 0.834375 0.029687 0.078125
0 0.225781 0.840625 0.027344 0.084375
0 0.272656 0.836719 0.030469 0.074219
0 0.328906 0.844531 0.035937 0.082812
0 0.401562 0.857031 0.034375 0.074219
3 0.373151 0.345907 0.093859 0.044443
3 0.372904 0.302457 0.095673 0.043152
