1 0.585507 0.471371 0.828985 0.942741
3 0.225781 0.308594 0.089063 0.048438
3 0.225781 0.353906 0.089063 0.048438
3 0.225000 0.260937 0.089063 0.048438
3 0.228125 0.216406 0.089063 0.048438
3 0.228906 0.169531 0.089063 0.048438
3 0.230469 0.122656 0.089063 0.048438
3 0.231250 0.077344 0.089063 0.048438
3 0.231250 0.031250 0.089063 0.048438
3 0.223438 0.583594 0.089063 0.048438
3 0.223438 0.538281 0.089063 0.048438
3 0.224219 0.494531 0.089063 0.048438
3 0.225000 0.448437 0.089063 0.048438
3 0.224219 0.403125 0.089063 0.048438
3 0.444531 0.171094 0.089063 0.048438
3 0.445312 0.123438 0.089063 0.048438
3 0.221094 0.677344 0.089063 0.048438
3 0.222656 0.630469 0.089063 0.048438
3 0.219531 0.765625 0.084375 0.043750
3 0.220312 0.722656 0.089063 0.048438
3 0.439063 0.539844 0.089063 0.048438
3 0.440625 0.495312 0.089063 0.048438
3 0.442969 0.400781 0.089063 0.048438
3 0.440625 0.447656 0.089063 0.048438
3 0.442188 0.354687 0.089063 0.048438
3 0.442969 0.308594 0.089063 0.048438
3 0.443750 0.264062 0.089063 0.048438
3 0.443750 0.217969 0.089063 0.048438
3 0.535156 0.079687 0.089063 0.048438
3 0.536719 0.035156 0.089063 0.048438
3 0.450781 0.028125 0.089063 0.048438
3 0.446875 0.075781 0.089063 0.048438
3 0.439063 0.630469 0.085938 0.045312
3 0.439844 0.586719 0.089063 0.048438
3 0.531250 0.357812 0.089063 0.048438
3 0.532813 0.311719 0.089063 0.048438
3 0.532813 0.264844 0.089063 0.048438
3 0.533594 0.218750 0.089063 0.048438
3 0.534375 0.172656 0.089063 0.048438
3 0.533594 0.125781 0.089063 0.048438
3 0.528125 0.540625 0.089063 0.048438
3 0.529687 0.495312 0.089063 0.048438
3 0.531250 0.449219 0.089063 0.048438
3 0.531250 0.406250 0.089063 0.048438
3 0.753906 0.223438 0.089063 0.048438
3 0.753906 0.178906 0.089063 0.048438
3 0.754687 0.039844 0.089063 0.048438
3 0.754687 0.131250 0.089063 0.048438
3 0.755469 0.085938 0.089063 0.048438
3 0.526563 0.631250 0.087500 0.043750
3 0.525781 0.587500 0.089063 0.048438
3 0.842187 0.179688 0.089063 0.048438
3 0.843750 0.133594 0.089063 0.048438
3 0.843750 0.088281 0.089063 0.048438
3 0.845313 0.040625 0.089063 0.048438
3 0.750781 0.406250 0.089063 0.048438
3 0.751563 0.363281 0.089063 0.048438
3 0.750781 0.316406 0.089063 0.048438
3 0.752344 0.270313 0.087500 0.046875
3 0.747656 0.498437 0.089063 0.048438
3 0.840625 0.410156 0.089063 0.048438
3 0.839844 0.361719 0.089063 0.048438
3 0.839844 0.317969 0.089063 0.048438
3 0.839844 0.271875 0.089063 0.048438
3 0.841406 0.226562 0.087500 0.046875
3 0.834375 0.639062 0.089063 0.048438
3 0.745313 0.638281 0.089063 0.048438
3 0.834375 0.593750 0.089063 0.048438
3 0.746094 0.592187 0.089063 0.048438
3 0.834375 0.547656 0.089063 0.048438
3 0.747656 0.546094 0.089063 0.048438
3 0.834375 0.503906 0.089063 0.048438
3 0.745313 0.685156 0.090625 0.048438
3 0.739844 0.780469 0.087500 0.042188
3 0.832031 0.780469 0.090625 0.042188
3 0.742188 0.734375 0.090625 0.048438
3 0.832031 0.735156 0.090625 0.050000
3 0.832812 0.687500 0.090625 0.050000
3 0.739062 0.833594 0.092188 0.068750
3 0.737500 0.899219 0.092188 0.065625
3 0.827344 0.900781 0.092188 0.067187
3 0.828906 0.835156 0.092188 0.068750
3 0.293750 0.875000 0.042188 0.089063
3 0.335156 0.873437 0.042188 0.087500
0 0.221875 0.215625 0.093750 0.039062
0 0.217188 0.485156 0.090625 0.042188
0 0.215625 0.577344 0.087500 0.040625
0 0.212500 0.627344 0.087500 0.039062
0 0.214062 0.674219 0.090625 0.045312
0 0.462500 0.028125 0.126562 0.054688
0 0.439063 0.268750 0.084375 0.042188
0 0.433594 0.490625 0.087500 0.042188
0 0.532813 0.402344 0.107813 0.039062
0 0.532031 0.495312 0.082812 0.037500
0 0.535937 0.589063 0.073438 0.039062
0 0.525000 0.635938 0.087500 0.037500
0 0.746875 0.267969 0.084375 0.043750
0 0.735938 0.360156 0.092188 0.042188
0 0.845313 0.316406 0.081250 0.042188
0 0.846094 0.183594 0.085938 0.037500
0 0.845313 0.548438 0.081250 0.042188
0 0.839844 0.592187 0.078125 0.039062
0 0.740625 0.687500 0.084375 0.039062
0 0.835938 0.692969 0.081250 0.042188
0 0.741406 0.732812 0.082812 0.039062
0 0.732031 0.778906 0.095312 0.045312
0 0.840625 0.734375 0.087500 0.040625
0 0.835938 0.781250 0.081250 0.039062
0 0.839844 0.839063 0.082812 0.042188
0 0.853906 0.910937 0.079687 0.039062
2 0.478906 0.685937 0.167187 0.064062
2 0.448437 0.877344 0.185938 0.096875
