0 0.953906 0.251563 0.034375 0.079687
0 0.911719 0.260156 0.037500 0.082812
0 0.861719 0.448437 0.039062 0.076563
0 0.826562 0.256250 0.034375 0.085938
0 0.948438 0.546875 0.040625 0.076563
0 0.517969 0.168750 0.073438 0.040625
0 0.992188 0.260937 0.015625 0.078125
0 0.921094 0.157812 0.034375 0.073438
0 0.949219 0.453906 0.034375 0.071875
0 0.809375 0.841406 0.037500 0.085938
0 0.994531 0.159375 0.010937 0.078125
0 0.776563 0.440625 0.040625 0.089063
0 0.775781 0.535156 0.035937 0.067187
0 0.509375 0.970313 0.079687 0.028125
0 0.744531 0.232031 0.045312 0.067187
0 0.535156 0.270313 0.084375 0.046875
0 0.944531 0.752344 0.039062 0.095312
0 0.767188 0.837500 0.037500 0.079687
0 0.510156 0.803906 0.079687 0.037500
0 0.992188 0.451562 0.015625 0.075000
0 0.514062 0.550000 0.075000 0.040625
1 0.700824 0.500000 0.598351 1.000000
