1 0.500000 0.500000 1.000000 1.000000
2 0.189844 0.114062 0.068750 0.185938
2 0.114844 0.424219 0.067187 0.178125
2 0.039844 0.725781 0.068750 0.195312
2 0.707812 0.884375 0.071875 0.200000
2 0.782813 0.580469 0.073438 0.206250
2 0.853125 0.280469 0.068750 0.187500
2 0.971094 0.496875 0.057813 0.040625
3 0.833594 0.214062 0.068750 0.117188
3 0.792188 0.202344 0.068750 0.117188
3 0.749219 0.191406 0.070312 0.120313
3 0.706250 0.181250 0.070312 0.117188
3 0.661719 0.171875 0.075000 0.115625
3 0.614844 0.159375 0.073438 0.117188
3 0.566406 0.146094 0.073438 0.117188
3 0.521875 0.133594 0.073438 0.123438
3 0.474219 0.121875 0.073438 0.120313
3 0.426563 0.110156 0.073438 0.120313
3 0.378906 0.098437 0.073438 0.120313
3 0.332813 0.086719 0.079687 0.123438
3 0.285938 0.072656 0.071875 0.121875
3 0.239063 0.064062 0.068750 0.118750
0 0.655469 0.169531 0.054688 0.081250
0 0.564063 0.150000 0.062500 0.093750
0 0.468750 0.126562 0.065625 0.095312
0 0.420312 0.117188 0.053125 0.085938
0 0.374219 0.102344 0.046875 0.078125
0 0.328125 0.097656 0.053125 0.085938
0 0.278125 0.082812 0.050000 0.082812
3 0.630469 0.489844 0.070312 0.117188
3 0.717187 0.511719 0.071875 0.117188
3 0.569531 0.907031 0.071875 0.106250
3 0.899219 0.818750 0.081250 0.065625
3 0.693750 0.610156 0.064062 0.098437
3 0.614062 0.918750 0.070312 0.107813
3 0.808594 0.314063 0.060937 0.098437
3 0.769531 0.304688 0.065625 0.104688
3 0.725781 0.295312 0.068750 0.104688
3 0.682813 0.284375 0.065625 0.104688
3 0.635938 0.270313 0.070312 0.110937
3 0.589844 0.259375 0.067187 0.106250
3 0.542188 0.246875 0.071875 0.107813
3 0.496094 0.236719 0.070312 0.107813
3 0.450000 0.224219 0.071875 0.106250
3 0.402344 0.212500 0.068750 0.103125
3 0.353906 0.201563 0.068750 0.106250
3 0.307812 0.189844 0.073438 0.109375
3 0.262500 0.176563 0.070312 0.110937
3 0.214844 0.164844 0.070312 0.110937
3 0.672656 0.500781 0.070312 0.115625
3 0.758594 0.522656 0.071875 0.115625
2 0.582812 0.478125 0.075000 0.115625
3 0.535937 0.465625 0.070312 0.112500
3 0.490625 0.454688 0.071875 0.115625
3 0.444531 0.442188 0.073438 0.114062
3 0.396094 0.432812 0.068750 0.115625
3 0.351562 0.420312 0.075000 0.117188
3 0.302344 0.408594 0.070312 0.115625
3 0.257812 0.396094 0.075000 0.118750
3 0.188281 0.378906 0.120313 0.128125
3 0.162500 0.475781 0.115625 0.120313
3 0.230469 0.494531 0.073438 0.106250
3 0.280469 0.504687 0.071875 0.106250
3 0.325781 0.519531 0.067187 0.100000
3 0.374219 0.530469 0.068750 0.104688
3 0.418750 0.542188 0.071875 0.106250
3 0.466406 0.553906 0.071875 0.106250
3 0.514062 0.564844 0.070312 0.107813
2 0.560156 0.575000 0.071875 0.107813
3 0.607031 0.586719 0.065625 0.104688
3 0.649219 0.596875 0.064062 0.103125
3 0.735156 0.621875 0.062500 0.103125
3 0.682813 0.831250 0.065625 0.104688
3 0.637500 0.822656 0.070312 0.107813
3 0.594531 0.810156 0.071875 0.109375
3 0.547656 0.799219 0.068750 0.104688
3 0.501563 0.790625 0.073438 0.109375
3 0.454688 0.778906 0.068750 0.106250
3 0.409375 0.765625 0.070312 0.107813
3 0.365625 0.754687 0.070312 0.107813
3 0.318750 0.744531 0.073438 0.110937
3 0.273438 0.732031 0.065625 0.109375
3 0.228906 0.721875 0.070312 0.107813
3 0.171875 0.705469 0.096875 0.115625
3 0.097656 0.685937 0.096875 0.117188
3 0.075000 0.784375 0.095312 0.115625
3 0.146875 0.803125 0.095312 0.114062
3 0.205469 0.817187 0.070312 0.109375
3 0.250781 0.830469 0.068750 0.106250
3 0.296875 0.839844 0.070312 0.106250
3 0.342187 0.850781 0.067187 0.104688
3 0.387500 0.860156 0.068750 0.104688
3 0.432812 0.872656 0.068750 0.101562
3 0.477344 0.883594 0.070312 0.103125
3 0.525000 0.895312 0.068750 0.107813
3 0.963281 0.539062 0.073438 0.068750
3 0.957812 0.589844 0.079687 0.071875
3 0.944531 0.638281 0.078125 0.056250
3 0.935156 0.682031 0.076563 0.062500
3 0.889062 0.861719 0.078125 0.059375
3 0.877344 0.907813 0.079687 0.062500
3 0.866406 0.950781 0.079687 0.062500
3 0.856250 0.982031 0.078125 0.035937
3 0.660937 0.928906 0.065625 0.106250
0 0.807813 0.311719 0.053125 0.085938
0 0.721094 0.296875 0.053125 0.092188
0 0.632031 0.275781 0.059375 0.092188
0 0.591406 0.257031 0.053125 0.090625
0 0.537500 0.253906 0.051562 0.087500
0 0.493750 0.237500 0.053125 0.090625
0 0.449219 0.224219 0.048438 0.078125
0 0.402344 0.214062 0.057813 0.089063
0 0.355469 0.205469 0.053125 0.090625
0 0.308594 0.192188 0.054688 0.093750
0 0.258594 0.181250 0.053125 0.084375
0 0.942969 0.680469 0.062500 0.054688
0 0.717969 0.510156 0.060937 0.104688
0 0.691406 0.604688 0.046875 0.079687
0 0.628906 0.489844 0.050000 0.085938
0 0.535937 0.473438 0.053125 0.078125
0 0.485156 0.450000 0.048438 0.085938
0 0.511719 0.562500 0.051562 0.089063
0 0.416406 0.545312 0.050000 0.082812
0 0.325000 0.516406 0.046875 0.084375
0 0.397656 0.429688 0.062500 0.103125
0 0.352344 0.419531 0.054688 0.096875
0 0.302344 0.413281 0.053125 0.095312
0 0.261719 0.387500 0.053125 0.078125
0 0.278125 0.506250 0.053125 0.084375
0 0.228906 0.499219 0.054688 0.082812
0 0.164062 0.479687 0.053125 0.087500
0 0.457031 0.769531 0.068750 0.114062
0 0.317969 0.742188 0.059375 0.100000
0 0.275000 0.722656 0.060937 0.098437
0 0.157812 0.692969 0.067187 0.107813
0 0.085156 0.671875 0.059375 0.100000
0 0.153125 0.803125 0.053125 0.087500
0 0.075000 0.788281 0.056250 0.090625
0 0.567187 0.903906 0.065625 0.101562
0 0.612500 0.914844 0.059375 0.092188
0 0.898009 0.837730 0.070689 0.066021
0 0.880469 0.949219 0.051562 0.046875
