1 0.500000 0.500000 1.000000 1.000000
2 0.799219 0.150000 0.046875 0.179688
2 0.839063 0.450781 0.048438 0.170313
2 0.880469 0.743750 0.045312 0.187500
2 0.232813 0.827344 0.051562 0.190625
2 0.192188 0.532031 0.051562 0.196875
2 0.154688 0.241406 0.046875 0.179688
2 0.011719 0.269531 0.023438 0.032813
2 0.024219 0.433594 0.048438 0.032813
3 0.180469 0.180469 0.054688 0.107813
3 0.219531 0.174219 0.056250 0.109375
3 0.262500 0.167187 0.056250 0.110937
3 0.303906 0.162500 0.057813 0.107813
3 0.347656 0.157031 0.064062 0.107813
3 0.392969 0.150781 0.060937 0.109375
3 0.439844 0.142969 0.060937 0.110937
3 0.483594 0.134375 0.059375 0.114062
3 0.528906 0.128906 0.060937 0.112500
3 0.576562 0.122656 0.060937 0.114062
3 0.621875 0.116406 0.057813 0.112500
3 0.667188 0.110156 0.064062 0.115625
3 0.712500 0.100781 0.057813 0.114062
3 0.757812 0.097656 0.054688 0.110937
0 0.352344 0.155469 0.043750 0.076563
0 0.441406 0.146875 0.051562 0.085938
0 0.533594 0.134375 0.054688 0.089063
0 0.581250 0.129688 0.042188 0.078125
0 0.625781 0.120313 0.037500 0.071875
0 0.669531 0.120313 0.042188 0.078125
0 0.718750 0.111719 0.040625 0.078125
3 0.344531 0.461719 0.057813 0.107813
3 0.260937 0.473438 0.057813 0.109375
3 0.361719 0.862500 0.059375 0.100000
3 0.060937 0.745313 0.068750 0.054688
3 0.273438 0.569531 0.053125 0.090625
3 0.317969 0.868750 0.059375 0.100000
3 0.193750 0.277344 0.050000 0.092188
3 0.232031 0.272656 0.054688 0.096875
3 0.274219 0.267969 0.056250 0.096875
3 0.316406 0.262500 0.054688 0.096875
3 0.360938 0.253906 0.057813 0.104688
3 0.406250 0.248438 0.056250 0.098437
3 0.452344 0.240625 0.059375 0.100000
3 0.497656 0.235156 0.057813 0.098437
3 0.542188 0.228125 0.059375 0.100000
3 0.588281 0.222656 0.057813 0.095312
3 0.635156 0.216406 0.057813 0.098437
3 0.681250 0.209375 0.059375 0.100000
3 0.725000 0.201563 0.056250 0.101562
3 0.771094 0.195312 0.056250 0.101562
3 0.303906 0.467969 0.057813 0.107813
3 0.220312 0.480469 0.057813 0.107813
2 0.391406 0.454688 0.060937 0.107813
3 0.436719 0.448437 0.057813 0.104688
3 0.481250 0.442969 0.059375 0.107813
3 0.525781 0.435156 0.060937 0.109375
3 0.572656 0.431250 0.056250 0.107813
3 0.616406 0.423438 0.060937 0.109375
3 0.663281 0.417969 0.057813 0.107813
3 0.707031 0.410156 0.060937 0.109375
3 0.775000 0.400781 0.104688 0.114062
3 0.789844 0.495312 0.101562 0.104688
3 0.722656 0.506250 0.062500 0.098437
3 0.675000 0.510156 0.059375 0.098437
3 0.629687 0.519531 0.057813 0.092188
3 0.584375 0.525781 0.057813 0.096875
3 0.539844 0.532031 0.059375 0.096875
3 0.494531 0.537500 0.059375 0.096875
3 0.448437 0.543750 0.056250 0.100000
2 0.403125 0.549219 0.059375 0.100000
3 0.357031 0.556250 0.053125 0.095312
3 0.317188 0.560937 0.053125 0.095312
3 0.232813 0.577344 0.050000 0.098437
3 0.261719 0.779687 0.054688 0.098437
3 0.304688 0.775781 0.059375 0.100000
3 0.347656 0.767969 0.059375 0.100000
3 0.392188 0.762500 0.057813 0.098437
3 0.436719 0.758594 0.060937 0.100000
3 0.482812 0.752344 0.057813 0.098437
3 0.526563 0.744531 0.057813 0.098437
3 0.568750 0.739062 0.057813 0.098437
3 0.614062 0.734375 0.059375 0.103125
3 0.659375 0.725781 0.053125 0.101562
3 0.702344 0.721094 0.057813 0.100000
3 0.757812 0.711719 0.084375 0.106250
3 0.829688 0.700781 0.081250 0.106250
3 0.841406 0.796094 0.081250 0.106250
3 0.771875 0.806250 0.081250 0.104688
3 0.714844 0.814063 0.056250 0.101562
3 0.669531 0.821875 0.056250 0.098437
3 0.626563 0.826562 0.059375 0.100000
3 0.581250 0.832031 0.056250 0.096875
3 0.537500 0.835938 0.056250 0.095312
3 0.493750 0.842969 0.056250 0.092188
3 0.450781 0.849219 0.059375 0.096875
3 0.404687 0.855469 0.056250 0.101562
3 0.007812 0.146875 0.015625 0.056250
3 0.010937 0.191406 0.021875 0.057813
3 0.013281 0.234375 0.026562 0.053125
3 0.028906 0.474219 0.057813 0.057813
3 0.030469 0.524219 0.060937 0.060937
3 0.035937 0.570312 0.065625 0.045312
3 0.039844 0.613281 0.064062 0.054688
3 0.066406 0.787500 0.067187 0.051562
3 0.072656 0.832031 0.067187 0.051562
3 0.078125 0.874219 0.067187 0.051562
3 0.084375 0.915625 0.065625 0.048438
3 0.091406 0.960156 0.068750 0.054688
3 0.096875 0.987500 0.068750 0.025000
3 0.272656 0.874219 0.053125 0.098437
0 0.194531 0.275781 0.040625 0.078125
0 0.278125 0.270313 0.042188 0.085938
0 0.364063 0.259375 0.048438 0.085938
0 0.404687 0.245312 0.045312 0.085938
0 0.457031 0.248438 0.042188 0.081250
0 0.499219 0.236719 0.042188 0.084375
0 0.542969 0.228125 0.039062 0.073438
0 0.588281 0.223438 0.048438 0.082812
0 0.634375 0.220312 0.045312 0.084375
0 0.679688 0.211719 0.045312 0.087500
0 0.728125 0.207031 0.043750 0.079687
0 0.032813 0.610938 0.048438 0.048438
0 0.259375 0.472656 0.048438 0.098437
0 0.275781 0.564844 0.037500 0.075000
0 0.346094 0.461719 0.039062 0.079687
0 0.435937 0.456250 0.045312 0.073438
0 0.486719 0.439063 0.039062 0.079687
0 0.450000 0.542188 0.042188 0.081250
0 0.542188 0.535156 0.040625 0.078125
0 0.631250 0.517188 0.035937 0.078125
0 0.571094 0.427344 0.050000 0.095312
0 0.614844 0.423438 0.046875 0.092188
0 0.662500 0.421875 0.042188 0.089063
0 0.703906 0.400781 0.043750 0.073438
0 0.677344 0.513281 0.043750 0.079687
0 0.724219 0.510938 0.045312 0.078125
0 0.786719 0.499219 0.043750 0.081250
0 0.481250 0.743750 0.056250 0.106250
0 0.615625 0.731250 0.048438 0.095312
0 0.658594 0.717187 0.048438 0.089063
0 0.771875 0.700781 0.053125 0.100000
0 0.842969 0.688281 0.046875 0.093750
0 0.765625 0.806250 0.045312 0.082812
0 0.841406 0.799219 0.048438 0.085938
0 0.363281 0.860156 0.053125 0.092188
0 0.319531 0.865625 0.050000 0.084375
0 0.059873 0.764182 0.060473 0.066247
0 0.064844 0.871094 0.039062 0.040625
