1 0.521875 0.318750 0.956250 0.637500
3 0.134375 0.269531 0.095312 0.056250
3 0.148438 0.220312 0.098437 0.065625
3 0.159375 0.169531 0.100000 0.070312
3 0.166406 0.119531 0.100000 0.070312
3 0.175781 0.067969 0.106250 0.076563
3 0.189062 0.024219 0.100000 0.048438
0 0.127344 0.266406 0.087500 0.057813
0 0.141406 0.214062 0.087500 0.054688
0 0.360938 0.208594 0.089063 0.057813
0 0.395313 0.118750 0.087500 0.053125
0 0.723437 0.097656 0.085938 0.051562
0 0.834375 0.082812 0.085938 0.053125
0 0.832812 0.128125 0.087500 0.051562
0 0.810156 0.221094 0.092188 0.056250
0 0.786719 0.306250 0.093750 0.053125
0 0.978125 0.308594 0.043750 0.051562
0 0.991406 0.221875 0.017188 0.050000
3 0.335156 0.425000 0.071875 0.106250
3 0.382031 0.435937 0.071875 0.103125
3 0.428906 0.450000 0.067187 0.104688
3 0.474219 0.461719 0.071875 0.106250
3 0.521094 0.471875 0.067187 0.103125
3 0.567187 0.483594 0.073438 0.106250
3 0.614062 0.496094 0.070312 0.109375
3 0.917188 0.571094 0.073438 0.104688
3 0.960938 0.582812 0.065625 0.110937
0 0.475000 0.187500 0.090625 0.056250
3 0.503125 0.050781 0.114062 0.070312
3 0.410938 0.030469 0.093750 0.060937
3 0.681250 0.280469 0.121875 0.065625
3 0.696875 0.239063 0.112500 0.065625
3 0.705469 0.193750 0.117188 0.067187
3 0.714063 0.147656 0.115625 0.064062
3 0.726562 0.101562 0.114062 0.067187
3 0.735938 0.059375 0.107813 0.057813
3 0.785156 0.303906 0.106250 0.057813
3 0.792969 0.264844 0.114062 0.071875
3 0.806250 0.214062 0.107813 0.062500
3 0.817187 0.172656 0.106250 0.065625
3 0.827344 0.125781 0.106250 0.062500
3 0.838281 0.083594 0.106250 0.057813
3 0.973437 0.350000 0.053125 0.053125
3 0.977344 0.309375 0.045312 0.056250
3 0.982031 0.265625 0.035937 0.062500
3 0.987500 0.221094 0.025000 0.064062
3 0.425000 0.007812 0.100000 0.015625
3 0.514844 0.017969 0.104688 0.035937
3 0.401562 0.074219 0.107813 0.065625
3 0.496875 0.100000 0.107813 0.067187
3 0.489844 0.143750 0.107813 0.067187
3 0.478906 0.187500 0.101562 0.060937
3 0.466406 0.232813 0.104688 0.067187
3 0.370312 0.211719 0.114062 0.071875
3 0.378906 0.164844 0.112500 0.067187
3 0.390625 0.121094 0.110937 0.068750
3 0.289844 0.416406 0.070312 0.103125
3 0.246875 0.407031 0.067187 0.101562
3 0.196875 0.395313 0.076563 0.109375
2 0.113094 0.363375 0.139296 0.163008
2 0.694664 0.520107 0.042201 0.098604
2 0.872951 0.564349 0.055581 0.093994
2 0.718897 0.326993 0.218559 0.074166
2 0.411119 0.256880 0.196956 0.069151
2 0.964395 0.386475 0.071211 0.040294
