1 0.705469 0.494531 0.589063 0.954688
3 0.572656 0.857031 0.050000 0.085938
3 0.619531 0.864844 0.057813 0.087500
3 0.664844 0.874219 0.062500 0.092188
3 0.709375 0.886719 0.062500 0.092188
3 0.756250 0.898438 0.065625 0.095312
3 0.806250 0.907031 0.062500 0.092188
3 0.847656 0.917188 0.056250 0.092188
3 0.889062 0.923438 0.059375 0.089063
3 0.917188 0.931250 0.031250 0.082812
0 0.573438 0.864844 0.050000 0.078125
0 0.621875 0.872656 0.048438 0.078125
0 0.849219 0.921875 0.050000 0.084375
0 0.918750 0.939844 0.023438 0.070312
0 0.707031 0.690625 0.051562 0.081250
0 0.795312 0.696094 0.048438 0.079687
0 0.973437 0.644531 0.029687 0.076563
0 0.935937 0.428906 0.043750 0.076563
0 0.983594 0.341406 0.032813 0.079687
0 0.951562 0.326562 0.045312 0.079687
0 0.864844 0.310156 0.048438 0.082812
0 0.784375 0.298438 0.045312 0.084375
0 0.862500 0.117969 0.045312 0.085938
0 0.943750 0.130469 0.043750 0.073438
3 0.517188 0.631250 0.096875 0.062500
3 0.525781 0.588281 0.093750 0.062500
3 0.531250 0.544531 0.093750 0.059375
3 0.538281 0.501563 0.096875 0.062500
3 0.546875 0.459375 0.093750 0.059375
3 0.554688 0.415625 0.095312 0.065625
3 0.561719 0.372656 0.100000 0.060937
3 0.611719 0.090625 0.095312 0.062500
3 0.619531 0.050000 0.100000 0.057813
0 0.768750 0.603125 0.048438 0.081250
3 0.892969 0.630469 0.060937 0.103125
3 0.876563 0.715625 0.054688 0.084375
3 0.767188 0.396875 0.057813 0.110937
3 0.807813 0.399219 0.057813 0.103125
3 0.849219 0.407813 0.059375 0.106250
3 0.889844 0.417187 0.056250 0.104688
3 0.934375 0.424219 0.057813 0.103125
3 0.973437 0.432812 0.053125 0.100000
3 0.993750 0.436719 0.012500 0.095312
3 0.785937 0.300781 0.050000 0.096875
3 0.821094 0.307812 0.060937 0.103125
3 0.869531 0.316406 0.054688 0.098437
3 0.908594 0.323437 0.057813 0.096875
3 0.950781 0.331250 0.054688 0.096875
3 0.982031 0.339062 0.035937 0.096875
3 0.825000 0.107813 0.046875 0.085938
3 0.863281 0.113281 0.048438 0.092188
3 0.903125 0.123438 0.054688 0.090625
3 0.943750 0.132031 0.054688 0.087500
3 0.981250 0.138281 0.037500 0.082812
3 0.921875 0.720313 0.059375 0.092188
3 0.938281 0.636719 0.056250 0.098437
3 0.970313 0.642188 0.037500 0.090625
3 0.952344 0.727344 0.040625 0.087500
3 0.835156 0.707031 0.057813 0.096875
3 0.849219 0.617969 0.057813 0.098437
3 0.809375 0.607031 0.057813 0.098437
3 0.769531 0.600000 0.053125 0.093750
3 0.727344 0.594531 0.057813 0.095312
3 0.707812 0.682031 0.062500 0.104688
3 0.750781 0.692187 0.057813 0.103125
3 0.792188 0.699219 0.060937 0.100000
3 0.507812 0.673438 0.093750 0.060937
3 0.499219 0.712500 0.090625 0.057813
3 0.490625 0.758594 0.098437 0.068750
2 0.481797 0.837106 0.137469 0.128674
2 0.570960 0.292503 0.085245 0.039594
2 0.604377 0.128208 0.092429 0.043259
2 0.741205 0.344763 0.063257 0.198988
2 0.685130 0.632211 0.056774 0.185891
2 0.787486 0.102944 0.043952 0.093852
