1 0.489063 0.499219 0.978125 0.998437
2 0.835156 0.201563 0.021875 0.172656
2 0.832812 0.496875 0.023438 0.164844
2 0.833594 0.785156 0.020313 0.181250
2 0.196875 0.778125 0.023438 0.184375
2 0.197656 0.487500 0.023438 0.190625
2 0.200781 0.202344 0.021875 0.174219
2 0.035156 0.208594 0.070312 0.025000
2 0.035937 0.369531 0.071875 0.023438
3 0.234375 0.146875 0.039844 0.100781
3 0.273438 0.146094 0.041406 0.101562
3 0.314844 0.145313 0.041406 0.103906
3 0.356250 0.146094 0.042188 0.101562
3 0.398438 0.146875 0.047656 0.098437
3 0.442969 0.146875 0.045312 0.100781
3 0.489844 0.146094 0.045312 0.101562
3 0.532031 0.143750 0.044531 0.106250
3 0.577344 0.144531 0.044531 0.103906
3 0.623437 0.144531 0.044531 0.104688
3 0.668750 0.145313 0.042969 0.105469
3 0.712500 0.145313 0.049219 0.106250
3 0.757812 0.142187 0.042188 0.105469
3 0.801562 0.145313 0.040625 0.103125
0 0.403906 0.146094 0.033594 0.070312
0 0.490625 0.150000 0.039844 0.079687
0 0.581250 0.150781 0.042188 0.081250
0 0.628125 0.152344 0.032031 0.073438
0 0.671875 0.149219 0.028125 0.067969
0 0.714844 0.155469 0.031250 0.074219
0 0.762500 0.153125 0.029687 0.073438
3 0.354687 0.440625 0.042188 0.100781
3 0.271875 0.440625 0.042969 0.102344
3 0.316406 0.829688 0.046094 0.090625
3 0.035937 0.969531 0.071875 0.042188
3 0.040625 0.044531 0.080469 0.045312
3 0.037500 0.676562 0.072656 0.046094
3 0.270313 0.534375 0.040625 0.083594
3 0.273438 0.829688 0.045312 0.090625
3 0.234375 0.242188 0.036719 0.085156
3 0.271875 0.242969 0.041406 0.089844
3 0.313281 0.244531 0.042188 0.089844
3 0.354687 0.244531 0.040625 0.089844
3 0.399219 0.242188 0.042969 0.096094
3 0.442969 0.242188 0.042188 0.091406
3 0.489063 0.242188 0.046875 0.090625
3 0.532031 0.242969 0.044531 0.092188
3 0.576562 0.242188 0.046094 0.090625
3 0.621875 0.242188 0.044531 0.088281
3 0.667969 0.243750 0.043750 0.090625
3 0.712500 0.242969 0.046094 0.092188
3 0.756250 0.241406 0.043750 0.094531
3 0.801562 0.241406 0.042969 0.094531
3 0.314063 0.440625 0.041406 0.100000
3 0.232031 0.440625 0.043750 0.100000
2 0.400000 0.439844 0.045312 0.098437
3 0.445312 0.439844 0.042969 0.096875
3 0.489063 0.440625 0.043750 0.099219
3 0.532813 0.439063 0.044531 0.099219
3 0.578125 0.442188 0.041406 0.100000
3 0.621875 0.440625 0.046094 0.100000
3 0.667969 0.440625 0.041406 0.100000
3 0.710938 0.439844 0.045312 0.100781
3 0.777344 0.439844 0.089063 0.100000
3 0.778906 0.533594 0.086719 0.092188
3 0.713281 0.535156 0.047656 0.089844
3 0.666406 0.532031 0.046094 0.089844
3 0.621875 0.535156 0.044531 0.085156
3 0.576562 0.534375 0.043750 0.089844
3 0.533594 0.535156 0.046094 0.089063
3 0.488281 0.534375 0.045312 0.089063
3 0.443750 0.533594 0.042969 0.092969
2 0.399219 0.532813 0.046094 0.090625
3 0.353906 0.532813 0.039844 0.089063
3 0.314063 0.532813 0.039062 0.088281
3 0.231250 0.535937 0.037500 0.090625
3 0.231250 0.735938 0.041406 0.090625
3 0.273438 0.737500 0.044531 0.091406
3 0.315625 0.736719 0.045312 0.091406
3 0.360156 0.737500 0.044531 0.090625
3 0.403906 0.739062 0.046875 0.091406
3 0.448437 0.739062 0.044531 0.091406
3 0.491406 0.738281 0.043750 0.092188
3 0.533594 0.738281 0.043750 0.092188
3 0.578125 0.739844 0.045312 0.093750
3 0.621875 0.738281 0.039062 0.094531
3 0.664062 0.739062 0.044531 0.092969
3 0.718750 0.737500 0.070312 0.093750
3 0.789844 0.736719 0.067969 0.094531
3 0.788281 0.829688 0.067969 0.093750
3 0.719531 0.830469 0.067969 0.092969
3 0.664062 0.830469 0.043750 0.093750
3 0.619531 0.832031 0.042188 0.091406
3 0.576562 0.829688 0.045312 0.090625
3 0.532813 0.829688 0.042188 0.089844
3 0.489844 0.827344 0.043750 0.089063
3 0.446875 0.828906 0.042188 0.085938
3 0.403906 0.828906 0.045312 0.087500
3 0.359375 0.828906 0.042188 0.093750
3 0.039062 0.088281 0.078125 0.045312
3 0.039062 0.132031 0.078125 0.046875
3 0.038281 0.174219 0.076563 0.042188
3 0.036719 0.410156 0.073438 0.049219
3 0.035156 0.457031 0.070312 0.051562
3 0.035937 0.503125 0.071875 0.038281
3 0.035937 0.546094 0.068750 0.044531
3 0.035937 0.717187 0.071875 0.041406
3 0.035937 0.761719 0.071875 0.043750
3 0.035937 0.802344 0.071875 0.042969
3 0.035937 0.842969 0.071875 0.039062
3 0.036719 0.886719 0.073438 0.045312
3 0.037500 0.928906 0.071875 0.043750
3 0.228906 0.828906 0.039844 0.090625
0 0.235156 0.240625 0.031250 0.073438
0 0.316406 0.246875 0.030469 0.080469
0 0.401562 0.248438 0.036719 0.078125
0 0.442188 0.239844 0.032813 0.078125
0 0.491406 0.249219 0.030469 0.075000
0 0.534375 0.244531 0.031250 0.078906
0 0.578125 0.242188 0.028906 0.067969
0 0.621875 0.242969 0.035937 0.076563
0 0.666406 0.246875 0.032031 0.078125
0 0.710938 0.245312 0.032813 0.080469
0 0.758594 0.246875 0.032813 0.072656
0 0.023438 0.171094 0.041406 0.038281
0 0.028125 0.541406 0.055469 0.041406
0 0.271094 0.439063 0.034375 0.091406
0 0.274219 0.530469 0.027344 0.069531
0 0.356250 0.440625 0.028125 0.075000
0 0.443750 0.446875 0.035156 0.066406
0 0.494531 0.437500 0.027344 0.074219
0 0.445312 0.532813 0.030469 0.077344
0 0.535156 0.538281 0.029687 0.071875
0 0.623437 0.532031 0.025000 0.074219
0 0.577344 0.438281 0.036719 0.089063
0 0.620313 0.439844 0.032813 0.084375
0 0.666406 0.445312 0.030469 0.084375
0 0.709375 0.431250 0.034375 0.066406
0 0.667969 0.534375 0.033594 0.072656
0 0.714063 0.539062 0.035156 0.071094
0 0.776563 0.535937 0.032031 0.076563
0 0.448437 0.731250 0.041406 0.099219
0 0.578906 0.737500 0.034375 0.087500
0 0.622656 0.729688 0.036719 0.082812
0 0.734375 0.728906 0.040625 0.092969
0 0.803906 0.726562 0.034375 0.087500
0 0.714063 0.828906 0.032813 0.075781
0 0.787500 0.833594 0.035156 0.078906
0 0.318750 0.827344 0.039844 0.085938
0 0.275781 0.825781 0.038281 0.077344
0 0.035971 0.692959 0.061849 0.067866
0 0.024219 0.797656 0.045312 0.035156
0 0.034375 0.971875 0.060937 0.038281
