0 0.939844 0.239063 0.030469 0.077344
0 0.898438 0.249219 0.032813 0.081250
0 0.855469 0.436719 0.035937 0.074219
0 0.814063 0.248438 0.032031 0.083594
0 0.945312 0.530469 0.037500 0.075000
0 0.506250 0.171875 0.071875 0.035937
0 0.985938 0.246875 0.027344 0.076563
0 0.903906 0.146875 0.032031 0.070312
0 0.942187 0.439063 0.032031 0.069531
0 0.817969 0.826562 0.035156 0.082031
0 0.986719 0.146875 0.025781 0.077344
0 0.771094 0.432031 0.037500 0.086719
0 0.773438 0.525781 0.035156 0.064844
0 0.525781 0.964063 0.076563 0.024219
0 0.732031 0.226562 0.042969 0.064062
0 0.526563 0.272656 0.082031 0.042188
0 0.947656 0.733594 0.035937 0.092969
0 0.775781 0.824219 0.034375 0.076563
0 0.521094 0.800000 0.076563 0.033594
0 0.989062 0.435156 0.021875 0.073438
0 0.515625 0.549219 0.072656 0.037500
1 0.709570 0.499593 0.579232 0.999186
