0 0.107031 0.843750 0.053125 0.093750
0 0.150000 0.822656 0.056250 0.096875
0 0.150000 0.607812 0.057813 0.089063
0 0.242188 0.802344 0.054688 0.098437
0 0.028906 0.528125 0.057813 0.090625
0 0.596875 0.808594 0.089063 0.057813
0 0.170313 0.935156 0.053125 0.084375
0 0.053906 0.627344 0.053125 0.084375
0 0.092969 0.174219 0.059375 0.098437
0 0.242969 0.591406 0.060937 0.103125
0 0.216406 0.489844 0.054688 0.078125
0 0.336719 0.805469 0.062500 0.081250
0 0.548438 0.704688 0.098437 0.065625
0 0.139063 0.165625 0.056250 0.090625
0 0.421875 0.128125 0.092188 0.056250
0 0.491406 0.400000 0.089063 0.057813
1 0.363321 0.500000 0.726642 1.000000
