1 0.739844 0.545312 0.519531 0.862500
3 0.632812 0.160938 0.033594 0.080469
3 0.679688 0.162500 0.042969 0.081250
3 0.726562 0.161719 0.046094 0.082812
3 0.771094 0.157812 0.046875 0.082812
3 0.818750 0.155469 0.050000 0.086719
3 0.868750 0.156250 0.046875 0.082812
3 0.911719 0.155469 0.039844 0.085156
3 0.952344 0.157031 0.044531 0.080469
3 0.986719 0.154688 0.026562 0.081250
0 0.634375 0.153906 0.036719 0.071875
0 0.683594 0.156250 0.033594 0.072656
0 0.913281 0.150781 0.035937 0.078906
0 0.989844 0.148438 0.020313 0.067969
0 0.732031 0.348438 0.036719 0.075000
0 0.818750 0.360156 0.032813 0.074219
0 0.986719 0.442188 0.026562 0.075000
0 0.904687 0.645312 0.031250 0.071875
0 0.986719 0.650781 0.026562 0.076563
0 0.985938 0.748437 0.027344 0.074219
0 0.942187 0.740625 0.032031 0.073438
0 0.900000 0.747656 0.031250 0.073438
0 0.813281 0.747656 0.032813 0.078125
0 0.733594 0.743750 0.030469 0.078906
0 0.775000 0.934375 0.029687 0.079687
0 0.856250 0.936719 0.031250 0.067969
0 0.945312 0.938281 0.035937 0.069531
0 0.988281 0.937500 0.022656 0.067187
3 0.536719 0.369531 0.087500 0.046875
3 0.536719 0.413281 0.085156 0.046875
3 0.533594 0.457031 0.086719 0.042188
3 0.532813 0.500000 0.088281 0.046875
3 0.532813 0.542969 0.085938 0.042969
3 0.532031 0.585938 0.087500 0.048438
3 0.530469 0.629687 0.092188 0.043750
3 0.526563 0.912500 0.085938 0.046875
3 0.525781 0.953906 0.092969 0.040625
0 0.775000 0.444531 0.034375 0.075781
3 0.900781 0.442188 0.042188 0.096094
3 0.901563 0.356250 0.040625 0.078125
3 0.735156 0.645312 0.036719 0.103906
3 0.774219 0.650000 0.039844 0.095312
3 0.816406 0.649219 0.039062 0.098437
3 0.858594 0.647656 0.036719 0.098437
3 0.901563 0.649219 0.039062 0.096094
3 0.945312 0.649219 0.042188 0.092969
3 0.982031 0.652344 0.035156 0.090625
3 0.735938 0.741406 0.032813 0.091406
3 0.771094 0.741406 0.043750 0.095312
3 0.818750 0.742188 0.035937 0.092188
3 0.857812 0.743750 0.041406 0.089063
3 0.900781 0.742969 0.036719 0.089844
3 0.943750 0.743750 0.039062 0.089844
3 0.982812 0.741406 0.033594 0.092969
3 0.736719 0.935937 0.032031 0.080469
3 0.775000 0.938281 0.032813 0.087500
3 0.814844 0.935937 0.039062 0.082812
3 0.856250 0.935937 0.040625 0.079687
3 0.946875 0.938281 0.045312 0.076563
3 0.987500 0.940625 0.025000 0.075000
3 0.903125 0.937500 0.042188 0.075781
3 0.946094 0.360156 0.043750 0.085156
3 0.946094 0.444531 0.038281 0.090625
3 0.983594 0.445312 0.032031 0.086719
3 0.982031 0.358594 0.035937 0.082812
3 0.860156 0.357031 0.039062 0.089844
3 0.857031 0.446094 0.041406 0.090625
3 0.815625 0.448437 0.040625 0.091406
3 0.775781 0.447656 0.036719 0.086719
3 0.733594 0.445312 0.042188 0.087500
3 0.732031 0.356250 0.043750 0.096875
3 0.775000 0.355469 0.040625 0.094531
3 0.816406 0.356250 0.042969 0.093750
3 0.535156 0.328125 0.085156 0.044531
3 0.534375 0.288281 0.084375 0.041406
3 0.535156 0.241406 0.089844 0.052344
2 0.546218 0.164078 0.128268 0.106346
2 0.526779 0.709495 0.086305 0.027065
2 0.526827 0.871940 0.087133 0.032542
2 0.700737 0.689182 0.026174 0.199119
2 0.699668 0.401016 0.023115 0.182928
2 0.699234 0.933685 0.025946 0.094237
